Open Time,Open,High,Low,Close,Volume,Quote Asset Volume,TWAP_price
1551326400000,0.265,0.277,0.25,0.2524,432345.57,110267.1,0.263776
1551333600000,0.2524,0.2533,0.2491,0.2519,141688.47,35629.59,0.251197
1551340800000,0.2522,0.2522,0.2439,0.2439,388863.3,96556.57,0.24805
1551348000000,0.2439,0.2504,0.2431,0.2481,112031.99,27679.79,0.246818
1551355200000,0.2481,0.2508,0.246,0.2508,55287.45,13715.26,0.24831
1551362400000,0.251,0.2569,0.247,0.2492,112991.39,28438.55,0.251965
1551369600000,0.2489,0.2522,0.2469,0.2491,60435.1,15015.61,0.24955
1551376800000,0.2487,0.2496,0.2465,0.2467,85891.37,21224.87,0.248091
1551384000000,0.2468,0.2492,0.2467,0.248,55076.72,13624.65,0.247984
1551391200000,0.2494,0.2494,0.2474,0.2477,47330.78,11730.68,0.248367
1551398400000,0.2478,0.2509,0.2476,0.2484,29908.06,7427.1,0.24926
1551405600000,0.2484,0.2484,0.2455,0.2484,89744.94,22181.2,0.24695
1551412800000,0.2475,0.2477,0.2451,0.246,29584.24,7291.51,0.246368
1551420000000,0.2462,0.2478,0.2452,0.2478,34300.7,8435.06,0.246448
1551427200000,0.2472,0.2486,0.2465,0.2467,47053.35,11634.0,0.247559
1551434400000,0.2467,0.2477,0.245,0.2466,104861.21,25867.54,0.24635
1551441600000,0.2466,0.2469,0.245,0.2464,34687.76,8514.28,0.245948
1551448800000,0.2464,0.2481,0.245,0.2456,59554.55,14662.96,0.246559
1551456000000,0.2453,0.25,0.2453,0.2486,61627.89,15355.41,0.247748
1551463200000,0.2485,0.2487,0.2461,0.2471,70408.4,17416.99,0.247369
1551470400000,0.2471,0.2498,0.2471,0.248,13969.24,3469.35,0.248476
1551477600000,0.2493,0.2493,0.2462,0.2483,13541.23,3347.89,0.247722
1551484800000,0.2477,0.2588,0.2471,0.2518,160949.84,40359.39,0.253051
1551492000000,0.252,0.2557,0.2512,0.2523,83395.47,21153.85,0.253451
1551499200000,0.2514,0.2514,0.246,0.2486,84541.31,21010.88,0.248606
1551506400000,0.2488,0.2516,0.2455,0.2455,69200.66,17192.33,0.248661
1551513600000,0.2455,0.2458,0.241,0.2428,154148.1,37460.49,0.243336
1551520800000,0.2423,0.245,0.2415,0.244,66618.96,16167.38,0.243256
1551528000000,0.2449,0.2467,0.2436,0.2451,67953.01,16705.26,0.24515
1551535200000,0.2451,0.2451,0.2426,0.2432,82235.11,20021.07,0.243799
1551542400000,0.2432,0.2441,0.2414,0.2418,70762.99,17136.52,0.242768
1551549600000,0.2418,0.2423,0.2412,0.2421,27205.9,6577.53,0.241746
1551556800000,0.2421,0.2425,0.2407,0.2424,18100.15,4375.16,0.241595
1551564000000,0.2413,0.2436,0.2403,0.2432,15985.13,3851.52,0.241923
1551571200000,0.2432,0.2434,0.2417,0.2422,5748.0,1394.01,0.242536
1551578400000,0.2425,0.2436,0.2418,0.2432,9783.98,2375.07,0.242694
1551585600000,0.2447,0.2447,0.2421,0.2431,27170.83,6602.12,0.243348
1551592800000,0.2432,0.2443,0.2421,0.2443,12851.45,3126.42,0.243163
1551600000000,0.2443,0.2445,0.242,0.2443,15983.94,3882.71,0.24325
1551607200000,0.2441,0.2441,0.242,0.242,44472.37,10793.11,0.24305
1551614400000,0.2419,0.2434,0.2386,0.2411,92236.08,22182.41,0.240997
1551621600000,0.2404,0.2421,0.2389,0.2397,70120.18,16878.51,0.240505
1551628800000,0.2398,0.2416,0.2372,0.2412,239273.11,57544.81,0.239371
1551636000000,0.2414,0.2444,0.241,0.2413,78110.76,19017.16,0.2427
1551643200000,0.2429,0.245,0.2408,0.2415,59544.28,14490.58,0.24292
1551650400000,0.2407,0.2407,0.2385,0.2402,19706.68,4721.71,0.239589
1551657600000,0.2403,0.2416,0.239,0.2399,97923.36,23489.83,0.240301
1551664800000,0.2393,0.2394,0.234,0.234,150482.02,35518.35,0.236716
1551672000000,0.234,0.2349,0.2209,0.2258,303739.26,69242.15,0.227712
1551679200000,0.2255,0.2291,0.2246,0.2284,89339.64,20316.7,0.226838
1551686400000,0.2276,0.2279,0.2209,0.223,135138.99,30316.69,0.224291
1551693600000,0.2242,0.2242,0.2171,0.2225,88763.86,19528.33,0.220611
1551700800000,0.2225,0.2253,0.2218,0.2234,120916.74,27055.6,0.22356
1551708000000,0.2229,0.2279,0.2229,0.2259,57505.57,13008.41,0.225499
1551715200000,0.226,0.2303,0.2254,0.2282,102926.87,23386.93,0.22789
1551722400000,0.2269,0.2278,0.2263,0.2273,8015.7,1821.29,0.227049
1551729600000,0.2282,0.229,0.2257,0.2273,37455.55,8533.6,0.227342
1551736800000,0.2259,0.2266,0.2251,0.2264,11506.73,2598.28,0.225841
1551744000000,0.2264,0.2267,0.2212,0.2227,183982.24,40943.34,0.223873
1551751200000,0.2227,0.224,0.2223,0.2238,12733.01,2836.35,0.223138
1551758400000,0.2228,0.2265,0.2228,0.2259,53289.53,12012.43,0.224714
1551765600000,0.226,0.2273,0.2247,0.2263,14584.73,3297.31,0.225999
1551772800000,0.2263,0.2292,0.2263,0.2279,41768.06,9545.34,0.227804
1551780000000,0.2276,0.2297,0.2274,0.2275,76840.23,17515.82,0.22855
1551787200000,0.2275,0.2373,0.2264,0.237,181239.54,41588.77,0.231756
1551794400000,0.2364,0.2367,0.2327,0.235,104180.29,24444.0,0.234668
1551801600000,0.235,0.2407,0.235,0.2391,108358.34,25852.19,0.237969
1551808800000,0.2393,0.2399,0.2384,0.2388,62968.5,15058.14,0.239153
1551816000000,0.2383,0.2396,0.2367,0.238,85600.26,20345.95,0.23815
1551823200000,0.238,0.238,0.236,0.2371,33568.76,7949.41,0.236971
1551830400000,0.2371,0.2383,0.2314,0.234,128494.1,30113.13,0.234813
1551837600000,0.2338,0.234,0.232,0.2326,17170.25,3998.65,0.23298
1551844800000,0.232,0.2345,0.232,0.2327,37154.2,8676.52,0.233268
1551852000000,0.2329,0.2362,0.2323,0.2358,53569.13,12527.28,0.234234
1551859200000,0.2354,0.2362,0.2338,0.2354,10391.87,2440.8,0.235
1551866400000,0.2355,0.2382,0.2341,0.2358,41618.97,9804.57,0.236151
1551873600000,0.2357,0.2384,0.2347,0.2367,38122.03,9005.68,0.236557
1551880800000,0.237,0.2384,0.2339,0.2379,72998.75,17321.05,0.236137
1551888000000,0.2376,0.2392,0.237,0.2392,52253.96,12423.15,0.238054
1551895200000,0.2389,0.2415,0.2387,0.2404,118645.74,28514.93,0.240135
1551902400000,0.2404,0.2467,0.2403,0.2467,241433.34,58628.22,0.243484
1551909600000,0.2453,0.25,0.2425,0.2443,200491.32,49142.07,0.246256
1551916800000,0.2449,0.2473,0.2428,0.2428,184953.68,45184.88,0.245119
1551924000000,0.2428,0.2433,0.2405,0.2415,127639.01,30847.48,0.241886
1551931200000,0.2418,0.2428,0.2385,0.2401,174110.78,41798.85,0.240638
1551938400000,0.2402,0.2406,0.2361,0.2386,221782.85,52754.69,0.238316
1551945600000,0.2386,0.2391,0.2368,0.237,135950.13,32315.5,0.237971
1551952800000,0.237,0.2436,0.2361,0.2431,271293.01,65449.28,0.23981
1551960000000,0.2432,0.2434,0.2399,0.2401,133276.19,32153.75,0.24165
1551967200000,0.2401,0.2418,0.2382,0.2393,233373.43,55807.26,0.240004
1551974400000,0.2393,0.2413,0.239,0.2406,148869.27,35710.06,0.240167
1551981600000,0.2408,0.2425,0.2395,0.24,70794.98,17056.83,0.241011
1551988800000,0.2399,0.2426,0.2399,0.2401,77337.47,18625.16,0.241252
1551996000000,0.2401,0.2407,0.2373,0.2387,163859.03,39111.16,0.238982
1552003200000,0.2391,0.2391,0.2347,0.2351,191902.3,45340.13,0.236848
1552010400000,0.2352,0.2358,0.2335,0.2339,100343.35,23560.34,0.234659
1552017600000,0.2339,0.2353,0.2323,0.2349,206401.92,48279.22,0.233783
1552024800000,0.2343,0.2375,0.2327,0.2345,275804.96,64687.19,0.2351
1552032000000,0.2348,0.2359,0.2337,0.234,145964.18,34247.18,0.234814
1552039200000,0.234,0.2376,0.2339,0.2361,102230.6,24108.54,0.235811
1552046400000,0.2361,0.2395,0.2358,0.2393,211639.47,50427.38,0.237638
1552053600000,0.2399,0.245,0.2392,0.2427,358856.82,87086.3,0.242149
1552060800000,0.2427,0.2432,0.2403,0.2403,251667.33,60909.46,0.241802
1552068000000,0.2403,0.2413,0.2389,0.2408,136172.66,32642.76,0.240095
1552075200000,0.2414,0.2418,0.238,0.2385,119671.99,28667.2,0.239891
1552082400000,0.2385,0.2385,0.2312,0.2348,411782.1,96056.58,0.234726
1552089600000,0.2348,0.2404,0.2339,0.2391,175051.48,41763.71,0.237175
1552096800000,0.2394,0.249,0.238,0.242,526979.94,128965.49,0.24354
1552104000000,0.242,0.2463,0.2411,0.2458,149737.18,36408.85,0.243669
1552111200000,0.2463,0.2489,0.2449,0.2465,254688.68,62896.03,0.2469
1552118400000,0.2465,0.2469,0.2429,0.2442,237782.82,58193.3,0.244859
1552125600000,0.2437,0.2464,0.2437,0.2456,171353.99,42037.58,0.245107
1552132800000,0.2459,0.2506,0.2457,0.2477,197051.85,49001.77,0.248197
1552140000000,0.2477,0.2619,0.2474,0.255,1244010.73,316141.18,0.254873
1552147200000,0.2551,0.2553,0.2459,0.2506,358024.15,89494.39,0.250463
1552154400000,0.25,0.2513,0.2486,0.2502,102265.13,25517.72,0.24995
1552161600000,0.2503,0.2544,0.2484,0.2504,149190.5,37544.93,0.2514
1552168800000,0.2503,0.2509,0.2471,0.2509,106003.72,26340.36,0.24899
1552176000000,0.2509,0.2625,0.2491,0.2584,559313.98,144891.41,0.255898
1552183200000,0.2585,0.2702,0.2575,0.2678,725770.07,193246.35,0.263958
1552190400000,0.2672,0.2672,0.2578,0.2614,416521.11,109226.53,0.262311
1552197600000,0.2611,0.2616,0.2536,0.2556,495387.28,127419.8,0.2575
1552204800000,0.2556,0.2655,0.2543,0.2557,456605.32,118174.32,0.2599
1552212000000,0.2548,0.261,0.2548,0.2603,172631.31,44715.64,0.257986
1552219200000,0.2606,0.2677,0.2606,0.2656,395742.41,104560.83,0.264299
1552226400000,0.2665,0.2684,0.2638,0.2648,458202.79,121626.18,0.266116
1552233600000,0.2648,0.2648,0.2584,0.2605,539343.53,140524.52,0.261466
1552240800000,0.2605,0.2727,0.2605,0.2667,547916.08,146448.71,0.266807
1552248000000,0.2689,0.274,0.2652,0.2691,458395.61,123785.22,0.2696
1552255200000,0.2695,0.2731,0.2662,0.2696,321086.66,86368.17,0.26965
1552262400000,0.2696,0.28,0.2696,0.2736,732950.09,199840.68,0.274923
1552269600000,0.2736,0.2743,0.2665,0.2665,298171.66,80396.46,0.270491
1552276800000,0.2665,0.267,0.2508,0.2517,888232.9,228194.6,0.258847
1552284000000,0.2517,0.2588,0.2477,0.2549,698798.8,175687.24,0.253249
1552291200000,0.2549,0.2565,0.2522,0.2565,151931.01,38599.83,0.254302
1552298400000,0.2558,0.258,0.2536,0.2549,221005.56,56556.05,0.255805
1552305600000,0.2549,0.2589,0.2486,0.2589,572608.32,144895.31,0.253627
1552312800000,0.2582,0.26,0.253,0.2539,247311.73,63308.34,0.256547
1552320000000,0.2538,0.2588,0.2538,0.2571,160925.46,41213.99,0.256404
1552327200000,0.2575,0.2596,0.2493,0.2511,235922.03,59859.17,0.254466
1552334400000,0.2511,0.2547,0.2507,0.2547,204289.34,51618.58,0.252649
1552341600000,0.2547,0.2571,0.2538,0.2563,69985.01,17899.8,0.255447
1552348800000,0.2567,0.2569,0.25,0.2505,316035.12,79850.3,0.253412
1552377600000,0.2507,0.2612,0.2507,0.2603,182394.7,47213.82,0.256069
1552384800000,0.2605,0.2717,0.2605,0.2655,544160.15,145548.44,0.266263
1552392000000,0.2672,0.2716,0.2662,0.2699,448564.58,120882.63,0.268923
1552399200000,0.2693,0.27,0.2665,0.2683,105331.77,28262.04,0.268239
1552406400000,0.2683,0.2785,0.2673,0.2696,551034.65,150118.71,0.272913
1552413600000,0.2696,0.2732,0.2685,0.2711,193455.7,52427.51,0.270863
1552420800000,0.2702,0.2707,0.268,0.2683,143934.97,38730.08,0.269364
1552428000000,0.2689,0.2722,0.2679,0.2708,97600.73,26383.4,0.27006
1552435200000,0.271,0.2758,0.27,0.275,259845.84,70904.14,0.272887
1552442400000,0.2754,0.2834,0.2725,0.2779,590459.34,163914.64,0.277967
1552449600000,0.2782,0.2816,0.2739,0.2742,227621.16,63527.81,0.277862
1552456800000,0.2742,0.2749,0.2672,0.2697,388745.09,105027.14,0.270966
1552464000000,0.2705,0.2721,0.2697,0.2699,176269.82,47773.51,0.270911
1552471200000,0.2698,0.2698,0.2604,0.2638,462076.37,122074.95,0.264907
1552478400000,0.263,0.266,0.2621,0.266,185782.96,49108.13,0.263972
1552485600000,0.266,0.2719,0.2653,0.267,369896.68,99290.88,0.268612
1552492800000,0.267,0.2671,0.2644,0.2659,66881.31,17769.36,0.26572
1552500000000,0.2658,0.2668,0.2653,0.2668,27350.44,7274.83,0.266019
1552507200000,0.2656,0.2674,0.2656,0.2669,23685.25,6313.96,0.266537
1552514400000,0.2669,0.2702,0.2669,0.2687,124316.47,33368.93,0.26861
1552521600000,0.268,0.2689,0.2652,0.266,159518.46,42532.14,0.267054
1552528800000,0.2659,0.2662,0.2642,0.265,205202.19,54394.12,0.265187
1552536000000,0.2654,0.2654,0.2629,0.264,110043.74,29077.44,0.264103
1552543200000,0.2641,0.2641,0.2481,0.2595,520611.16,134399.58,0.25598
1552550400000,0.2595,0.2604,0.2584,0.2601,106686.92,27688.75,0.259391
1552557600000,0.2601,0.262,0.2583,0.2586,114847.98,29875.48,0.260184
1552564800000,0.2585,0.2621,0.2574,0.2599,215248.17,55989.84,0.259762
1552572000000,0.2604,0.2637,0.254,0.263,451584.08,117175.78,0.258798
1552579200000,0.2633,0.265,0.2614,0.2648,87437.55,23027.79,0.263161
1552586400000,0.2648,0.2668,0.2642,0.2666,66174.0,17559.53,0.265473
1552593600000,0.2663,0.2664,0.2641,0.2645,53443.53,14164.21,0.265223
1552600800000,0.2648,0.2659,0.2642,0.2654,33333.25,8857.76,0.265048
1552608000000,0.2659,0.2711,0.2656,0.2709,242171.02,65094.4,0.268337
1552615200000,0.2714,0.2726,0.2694,0.2707,202774.06,54894.9,0.270999
1552622400000,0.27,0.2714,0.2692,0.2711,103029.21,27846.98,0.270283
1552629600000,0.2712,0.2729,0.271,0.272,107587.18,29223.34,0.271966
1552636800000,0.2719,0.2809,0.271,0.272,316801.96,87175.65,0.27595
1552644000000,0.2718,0.2757,0.2711,0.2746,91847.91,25127.11,0.27342
1552651200000,0.2747,0.2765,0.2739,0.2761,339076.56,93402.67,0.275184
1552658400000,0.2765,0.2772,0.2748,0.2754,187302.79,51676.06,0.276003
1552665600000,0.2751,0.2759,0.272,0.273,138783.41,37956.78,0.273942
1552672800000,0.273,0.273,0.2708,0.2717,114964.91,31212.65,0.271857
1552680000000,0.271,0.272,0.2693,0.2698,87922.3,23772.84,0.270663
1552687200000,0.2698,0.2719,0.2695,0.2717,104894.59,28429.19,0.270691
1552694400000,0.2719,0.272,0.2673,0.2677,332426.08,89555.39,0.269613
1552701600000,0.2678,0.2696,0.266,0.2683,218249.82,58462.28,0.267799
1552708800000,0.269,0.2747,0.2685,0.2723,328998.0,89425.57,0.271672
1552716000000,0.272,0.2758,0.2703,0.2738,327007.84,89525.15,0.273054
1552723200000,0.2738,0.275,0.2713,0.273,53179.66,14509.47,0.273147
1552730400000,0.273,0.2736,0.2709,0.2722,311624.51,84745.3,0.272242
1552737600000,0.2713,0.272,0.2671,0.2686,227702.57,61369.35,0.269517
1552744800000,0.2686,0.2698,0.2679,0.2693,147543.01,39691.89,0.268846
1552752000000,0.2699,0.2705,0.2688,0.2703,56199.14,15159.44,0.269644
1552759200000,0.2708,0.2708,0.2682,0.2687,90112.88,24303.55,0.269451
1552766400000,0.2687,0.2694,0.2686,0.2687,22366.13,6013.52,0.269
1552773600000,0.2687,0.2698,0.2676,0.2694,46414.34,12466.22,0.268691
1552780800000,0.2693,0.2695,0.2642,0.2657,107211.53,28482.13,0.266765
1552788000000,0.2652,0.2665,0.262,0.263,232505.6,61235.62,0.26426
1552795200000,0.263,0.2637,0.2611,0.2628,60253.68,15793.79,0.262399
1552802400000,0.2628,0.2647,0.2626,0.2635,40064.49,10557.7,0.263664
1552809600000,0.2639,0.2655,0.2625,0.2626,138165.6,36506.01,0.264037
1552816800000,0.2625,0.2657,0.2625,0.2644,87475.78,23143.49,0.264163
1552824000000,0.2639,0.2639,0.2613,0.263,85959.4,22595.41,0.262574
1552831200000,0.263,0.2654,0.2621,0.2646,91342.68,24109.8,0.263747
1552838400000,0.2646,0.2662,0.2643,0.2661,39335.44,10437.04,0.265232
1552845600000,0.266,0.2673,0.2642,0.2647,67978.47,18110.72,0.265768
1552852800000,0.2647,0.266,0.2638,0.2645,61882.36,16379.02,0.264901
1552860000000,0.2644,0.2644,0.2628,0.2639,62359.36,16422.54,0.263586
1552867200000,0.2639,0.2679,0.2633,0.2665,79123.63,21022.72,0.265635
1552874400000,0.2666,0.271,0.2659,0.2672,136827.49,36614.74,0.268455
1552881600000,0.2674,0.2675,0.2637,0.2637,39488.44,10489.76,0.265616
1552888800000,0.2637,0.2643,0.2609,0.2622,111965.21,29339.45,0.262582
1552896000000,0.262,0.2624,0.2581,0.2591,169199.7,43940.88,0.260212
1552903200000,0.259,0.2605,0.2571,0.2589,158721.51,41130.45,0.2588
1552910400000,0.2598,0.2624,0.2598,0.261,36608.15,9564.06,0.261139
1552917600000,0.261,0.2613,0.2597,0.26,68117.26,17721.31,0.2605
1552924800000,0.26,0.2616,0.2598,0.2605,12523.85,3265.51,0.260709
1552932000000,0.2608,0.2613,0.2596,0.2599,71267.93,18551.67,0.260458
1552939200000,0.2605,0.2611,0.2592,0.2592,81995.93,21355.55,0.26019
1552946400000,0.2596,0.2602,0.2591,0.2597,72064.51,18728.42,0.25965
1552953600000,0.2598,0.2614,0.2593,0.2614,75059.27,19562.96,0.260308
1552960800000,0.2614,0.2625,0.2609,0.262,70647.31,18519.9,0.2617
1552968000000,0.2621,0.2638,0.2608,0.2621,69180.54,18170.52,0.2623
1552975200000,0.2628,0.2637,0.2621,0.2631,26913.32,7072.92,0.2629
1552982400000,0.2635,0.2661,0.2624,0.2656,64210.84,16952.3,0.264224
1552989600000,0.2653,0.268,0.2637,0.2637,81940.52,21777.97,0.265898
1552996800000,0.2637,0.2655,0.2621,0.2643,65544.57,17283.91,0.263798
1553004000000,0.2644,0.2699,0.2634,0.2687,287969.37,77221.82,0.266662
1553011200000,0.2687,0.2688,0.2674,0.2676,249516.82,66852.15,0.268091
1553018400000,0.2676,0.2684,0.2675,0.2684,25965.34,6954.63,0.267938
1553025600000,0.2684,0.2684,0.2661,0.2668,46513.98,12401.07,0.267202
1553032800000,0.2664,0.268,0.2661,0.2668,17152.96,4578.93,0.267055
1553040000000,0.2673,0.273,0.2667,0.2689,279379.13,75564.51,0.269879
1553047200000,0.2701,0.2701,0.2671,0.2689,122179.46,32713.97,0.268562
1553054400000,0.2686,0.2695,0.267,0.2681,37821.15,10147.29,0.268249
1553061600000,0.268,0.2695,0.2676,0.2692,56512.33,15185.61,0.268544
1553068800000,0.2689,0.2733,0.2688,0.2715,177153.89,48147.83,0.271127
1553076000000,0.2715,0.2715,0.2688,0.2709,62189.1,16833.19,0.270137
1553083200000,0.2709,0.2717,0.2699,0.2711,46023.53,12463.01,0.270799
1553090400000,0.27,0.2712,0.2695,0.2704,87673.97,23695.92,0.270352
1553097600000,0.2705,0.2712,0.2689,0.271,133404.99,36038.38,0.270042
1553104800000,0.271,0.2716,0.2701,0.2703,19591.42,5303.03,0.270862
1553112000000,0.2703,0.2711,0.2686,0.2705,41307.12,11140.04,0.269849
1553119200000,0.2701,0.2718,0.2699,0.2714,28002.78,7584.9,0.270863
1553126400000,0.2714,0.2716,0.2686,0.2692,111618.31,30167.52,0.270069
1553133600000,0.2691,0.2704,0.2682,0.2699,46608.69,12559.43,0.269293
1553140800000,0.2699,0.2704,0.2682,0.2688,53221.46,14319.71,0.269297
1553148000000,0.2699,0.2714,0.2698,0.2703,67014.82,18134.28,0.270608
1553155200000,0.2701,0.2724,0.2701,0.2719,131095.1,35584.05,0.271295
1553162400000,0.2719,0.2738,0.2712,0.2729,162897.29,44487.06,0.272504
1553169600000,0.2729,0.2745,0.267,0.2675,338113.32,91668.02,0.270832
1553176800000,0.2675,0.2677,0.251,0.2567,782091.5,201902.46,0.259029
1553184000000,0.2566,0.2596,0.2551,0.2594,88767.67,22829.3,0.25728
1553191200000,0.2587,0.2614,0.2581,0.2606,106839.41,27768.45,0.259759
1553198400000,0.2606,0.2608,0.259,0.2607,83376.67,21654.93,0.259899
1553205600000,0.2603,0.2603,0.2579,0.2591,58179.36,15053.08,0.25906
1553212800000,0.2579,0.2593,0.257,0.2593,37447.16,9676.9,0.258104
1553220000000,0.2593,0.2599,0.2585,0.2596,34049.63,8831.99,0.259197
1553227200000,0.2582,0.2603,0.257,0.2596,88628.64,22868.65,0.258638
1553234400000,0.2599,0.2601,0.2578,0.2591,74783.19,19336.91,0.258933
1553241600000,0.2591,0.2614,0.2588,0.259,125081.64,32511.89,0.2601
1553248800000,0.2601,0.2613,0.2598,0.2603,46351.83,12073.78,0.260552
1553256000000,0.2606,0.2631,0.2604,0.2626,105150.35,27541.57,0.261774
1553263200000,0.2628,0.2661,0.2623,0.2646,160653.65,42434.3,0.26423
1553270400000,0.2647,0.2657,0.2631,0.2656,206316.63,54634.77,0.264377
1553277600000,0.2653,0.2658,0.2652,0.2652,39344.14,10445.71,0.265502
1553284800000,0.2654,0.2654,0.2635,0.2647,68759.22,18207.53,0.264429
1553292000000,0.2651,0.274,0.2651,0.2725,579695.14,156971.44,0.269707
1553299200000,0.2725,0.2733,0.2684,0.27,109043.47,29557.71,0.270822
1553306400000,0.27,0.273,0.2698,0.2727,83493.78,22700.11,0.271411
1553313600000,0.273,0.276,0.273,0.2759,241796.03,66360.83,0.274515
1553320800000,0.2759,0.2769,0.2733,0.2733,276799.28,76182.44,0.275175
1553328000000,0.2733,0.2736,0.2715,0.273,120967.3,32979.28,0.272547
1553335200000,0.2727,0.273,0.2701,0.2717,65028.73,17617.94,0.27153
1553342400000,0.2718,0.2718,0.2681,0.2694,124316.76,33545.03,0.269874
1553349600000,0.2687,0.272,0.267,0.272,201404.01,54084.01,0.269396
1553356800000,0.272,0.2732,0.2669,0.2682,101722.47,27491.91,0.270045
1553364000000,0.2681,0.2697,0.2679,0.2692,26724.12,7174.17,0.268815
1553371200000,0.2693,0.2697,0.2674,0.2674,18002.74,4839.77,0.268591
1553378400000,0.2678,0.2699,0.2675,0.2699,65650.57,17634.64,0.268664
1553385600000,0.2685,0.2686,0.2674,0.2685,49561.18,13282.03,0.268
1553392800000,0.2677,0.268,0.2648,0.2671,319406.99,84965.24,0.266391
1553400000000,0.2672,0.2676,0.2662,0.2667,26697.09,7130.04,0.266898
1553407200000,0.2669,0.2686,0.2669,0.268,60094.77,16095.26,0.267785
1553414400000,0.2674,0.2798,0.2673,0.278,268045.8,73843.61,0.273736
1553421600000,0.2781,0.29,0.2768,0.286,543325.21,153864.93,0.283533
1553428800000,0.2861,0.2892,0.2805,0.282,389028.69,110751.33,0.284897
1553436000000,0.2815,0.285,0.2808,0.2813,138254.25,39096.16,0.282901
1553443200000,0.2819,0.2864,0.2799,0.2853,235894.12,66550.09,0.283117
1553450400000,0.2855,0.2987,0.2855,0.2941,671671.13,196996.55,0.292373
1553457600000,0.2933,0.2933,0.2831,0.2866,478438.57,137761.92,0.287988
1553464800000,0.2864,0.294,0.2839,0.2908,308504.53,89053.1,0.288967
1553472000000,0.2908,0.2908,0.283,0.2862,152511.73,43532.74,0.286748
1553479200000,0.2864,0.2906,0.2843,0.2847,86501.4,24826.59,0.287485
1553486400000,0.2854,0.2854,0.2823,0.2837,191840.86,54374.21,0.283793
1553493600000,0.2837,0.309,0.2822,0.3054,1002766.09,300004.43,0.295806
1553500800000,0.3054,0.3054,0.2959,0.3027,614207.04,183985.82,0.30058
1553508000000,0.303,0.3089,0.293,0.2959,659281.63,198888.3,0.301029
1553515200000,0.2957,0.2957,0.2842,0.2843,634542.55,182447.02,0.289934
1553522400000,0.2842,0.2997,0.2775,0.2788,635226.45,181901.84,0.288707
1553529600000,0.2787,0.2824,0.2752,0.2752,471806.7,131039.93,0.278916
1553536800000,0.2751,0.2758,0.2694,0.275,505881.57,138244.34,0.2726
1553544000000,0.2755,0.2755,0.27,0.2715,254716.72,69203.34,0.272636
1553551200000,0.2719,0.2791,0.2714,0.2757,340153.14,93936.75,0.275344
1553558400000,0.2764,0.2805,0.276,0.2792,276944.06,77262.77,0.278298
1553565600000,0.278,0.2813,0.2772,0.2805,95097.98,26633.72,0.27925
1553572800000,0.2798,0.2926,0.2798,0.2917,544142.42,156382.89,0.286324
1553580000000,0.2919,0.2928,0.2855,0.2892,537458.27,155479.39,0.2891
1553587200000,0.2885,0.2918,0.2865,0.2868,143707.66,41692.22,0.28919
1553594400000,0.2862,0.2879,0.2817,0.2834,182675.04,51884.2,0.2848
1553601600000,0.2829,0.2844,0.2707,0.2736,373542.71,103332.09,0.277459
1553608800000,0.2746,0.2889,0.2746,0.2874,467989.39,132154.52,0.281938
1553616000000,0.288,0.2952,0.2835,0.2862,399394.2,115410.54,0.289363
1553623200000,0.2867,0.2879,0.2833,0.2836,135664.99,38794.55,0.285658
1553630400000,0.2835,0.2839,0.2822,0.2835,207089.42,58584.6,0.28305
1553637600000,0.283,0.2914,0.2825,0.2914,332356.2,95500.16,0.286878
1553644800000,0.2914,0.2979,0.2875,0.2925,452987.63,132575.72,0.292702
1553652000000,0.2936,0.2961,0.2915,0.2931,120759.22,35497.22,0.293801
1553659200000,0.2949,0.2952,0.2921,0.2935,92236.86,27052.45,0.29362
1553666400000,0.2919,0.2926,0.2893,0.2893,128014.4,37211.34,0.291014
1553673600000,0.2898,0.3031,0.2898,0.3023,475948.55,141752.06,0.296563
1553680800000,0.3021,0.3026,0.2985,0.2989,283438.3,85164.73,0.300559
1553688000000,0.299,0.3098,0.2984,0.3069,431857.31,131424.2,0.304257
1553695200000,0.3069,0.307,0.2984,0.3023,297293.76,89586.32,0.302554
1553702400000,0.3021,0.3052,0.3017,0.3037,327028.73,99242.96,0.30348
1553709600000,0.3037,0.305,0.2986,0.3008,224379.69,67399.91,0.301776
1553716800000,0.3011,0.3018,0.2991,0.3014,32271.5,9691.16,0.300448
1553724000000,0.3014,0.3048,0.3006,0.3048,147624.62,44597.92,0.302622
1553731200000,0.3048,0.3048,0.2978,0.2988,182232.79,54636.29,0.301188
1553738400000,0.298,0.2987,0.2949,0.2961,159177.56,47230.49,0.296783
1553745600000,0.2963,0.2987,0.2955,0.298,56858.31,16876.57,0.297096
1553752800000,0.2989,0.2989,0.2958,0.2966,85322.22,25383.23,0.297286
1553760000000,0.2968,0.2973,0.295,0.2957,58011.92,17163.9,0.296144
1553767200000,0.2951,0.2982,0.2938,0.2951,171769.45,50795.66,0.296
1553774400000,0.2958,0.2993,0.2949,0.298,181023.31,53867.07,0.297113
1553781600000,0.2987,0.3014,0.2957,0.3008,135295.43,40475.01,0.298508
1553788800000,0.3008,0.3059,0.2985,0.3034,238107.87,71823.18,0.302203
1553796000000,0.3032,0.3049,0.3006,0.3025,142997.22,43311.92,0.302749
1553803200000,0.3024,0.3067,0.3022,0.3022,198751.26,60522.46,0.304451
1553810400000,0.3022,0.3055,0.3017,0.3055,55183.77,16735.3,0.303542
1553817600000,0.3055,0.3067,0.3012,0.3017,50241.43,15246.61,0.303997
1553824800000,0.3017,0.3045,0.3017,0.3033,19438.68,5885.24,0.303153
1553832000000,0.3025,0.3039,0.3,0.3011,173848.39,52458.87,0.301955
1553839200000,0.3011,0.3035,0.3005,0.3023,140617.15,42425.08,0.302012
1553846400000,0.3024,0.3077,0.3016,0.3042,195835.5,59713.83,0.30468
1553853600000,0.3042,0.3055,0.3018,0.3027,170201.84,51652.56,0.303659
1553860800000,0.3025,0.3036,0.3004,0.3032,113881.1,34357.6,0.30199
1553868000000,0.3023,0.3054,0.3013,0.3052,121499.25,36759.61,0.303293
1553875200000,0.3053,0.3076,0.3047,0.3075,127665.45,39092.59,0.306108
1553882400000,0.3075,0.3078,0.3045,0.3049,105998.5,32452.25,0.306141
1553889600000,0.3049,0.306,0.3032,0.3058,126254.24,38453.84,0.30458
1553896800000,0.306,0.3068,0.3052,0.3063,46818.42,14333.68,0.305999
1553904000000,0.3065,0.3219,0.3064,0.32,437308.77,137820.42,0.314361
1553911200000,0.3206,0.3239,0.3104,0.3109,350803.19,111051.76,0.317357
1553918400000,0.3104,0.3145,0.3036,0.314,406589.01,125454.5,0.308962
1553925600000,0.315,0.3156,0.3103,0.3139,135209.31,42280.66,0.312934
1553932800000,0.3142,0.3144,0.3097,0.3097,74440.58,23265.11,0.31208
1553940000000,0.31,0.311,0.306,0.309,118799.65,36545.76,0.30849
1553947200000,0.3088,0.3094,0.3077,0.308,63860.63,19712.41,0.308559
1553954400000,0.3077,0.3088,0.3075,0.3075,51556.21,15885.13,0.308153
1553961600000,0.307,0.3077,0.3045,0.3052,152669.38,46756.9,0.3061
1553968800000,0.3051,0.3066,0.3051,0.3055,33000.53,10087.34,0.30586
1553976000000,0.306,0.3076,0.3054,0.3074,51006.33,15638.96,0.306477
1553983200000,0.3074,0.3119,0.3072,0.3109,153753.38,47609.8,0.309614
1553990400000,0.3117,0.3121,0.3099,0.312,124031.27,38558.26,0.310996
1553997600000,0.3121,0.3136,0.3094,0.3135,108096.56,33652.65,0.311463
1554004800000,0.3135,0.3155,0.3128,0.3147,58012.0,18223.22,0.314153
1554012000000,0.3153,0.3191,0.3146,0.3171,97099.93,30742.18,0.316877
1554019200000,0.3171,0.3227,0.3166,0.3189,89819.11,28721.7,0.319687
1554026400000,0.3199,0.3246,0.3196,0.3206,170124.2,54897.49,0.322109
1554033600000,0.3207,0.3216,0.317,0.3192,258455.97,82541.93,0.319282
1554040800000,0.3193,0.32,0.3165,0.3165,77689.63,24777.82,0.318317
1554048000000,0.3169,0.3198,0.3152,0.3177,127330.6,40477.62,0.317502
1554055200000,0.3176,0.3232,0.3167,0.323,139141.2,44357.05,0.319877
1554062400000,0.323,0.3256,0.3213,0.325,110170.97,35667.2,0.323419
1554069600000,0.3256,0.3277,0.3217,0.3245,163308.29,53126.92,0.324697
1554076800000,0.324,0.3337,0.3159,0.333,415616.37,134772.72,0.324547
1554084000000,0.3336,0.3345,0.3294,0.3337,209744.45,69538.76,0.33195
1554091200000,0.3343,0.3404,0.3339,0.3402,234067.24,79158.46,0.337124
1554098400000,0.3402,0.3404,0.3313,0.3324,151355.56,50872.4,0.335749
1554105600000,0.3316,0.3337,0.3275,0.3323,122017.19,40332.9,0.330596
1554112800000,0.3323,0.3336,0.3285,0.3292,53859.13,17839.97,0.331081
1554120000000,0.3305,0.332,0.3295,0.3315,46698.82,15440.16,0.33074
1554127200000,0.3315,0.3387,0.331,0.3356,148899.39,49897.17,0.334949
1554134400000,0.3357,0.3414,0.3357,0.3379,179874.79,61050.25,0.338618
1554141600000,0.3378,0.338,0.3339,0.3339,112040.45,37603.94,0.335979
1554148800000,0.3348,0.3356,0.3318,0.3356,341462.91,113823.49,0.333683
1554156000000,0.3356,0.3358,0.3326,0.3327,34411.16,11489.85,0.334213
1554163200000,0.3327,0.3337,0.3302,0.331,234423.11,77802.56,0.331956
1554170400000,0.3314,0.3314,0.32,0.3225,494041.11,161013.82,0.325475
1554177600000,0.3225,0.3498,0.3213,0.3355,1414152.64,473863.89,0.335909
1554184800000,0.3352,0.3454,0.3352,0.3446,735982.08,250941.85,0.340408
1554192000000,0.3447,0.3533,0.3446,0.3507,471881.81,164588.17,0.349119
1554199200000,0.3499,0.3609,0.3499,0.3588,324624.19,115801.47,0.355605
1554206400000,0.3588,0.365,0.3545,0.364,248268.32,88940.56,0.359642
1554213600000,0.3648,0.3662,0.3489,0.3508,328830.78,116564.59,0.357501
1554220800000,0.35,0.3562,0.3486,0.3534,220277.02,77850.61,0.352437
1554228000000,0.3534,0.371,0.353,0.37,242526.99,87922.32,0.362081
1554235200000,0.3701,0.3757,0.3683,0.373,423064.44,157731.62,0.372018
1554242400000,0.3731,0.3814,0.371,0.3743,256780.55,96709.78,0.376208
1554249600000,0.376,0.3763,0.3707,0.3753,345906.78,128957.62,0.373492
1554256800000,0.3753,0.3895,0.3737,0.3775,589371.79,224364.56,0.381625
1554264000000,0.3784,0.3784,0.3501,0.3661,884532.21,320890.63,0.363853
1554271200000,0.3661,0.3741,0.3626,0.369,340947.43,125937.64,0.368363
1554278400000,0.3684,0.3688,0.3534,0.3663,331616.33,120676.72,0.361071
1554285600000,0.3657,0.3721,0.3655,0.3706,110933.86,40942.07,0.368904
1554292800000,0.3706,0.3784,0.3705,0.3761,273037.24,102353.94,0.374602
1554300000000,0.3761,0.3844,0.3725,0.3815,336714.77,127282.9,0.378431
1554307200000,0.3821,0.385,0.3752,0.3794,412273.46,156572.61,0.380087
1554314400000,0.3794,0.3842,0.3755,0.3811,193715.44,73771.78,0.379846
1554321600000,0.3792,0.3861,0.3752,0.3773,353993.57,135416.2,0.380668
1554328800000,0.3755,0.3783,0.3201,0.3504,997545.63,348319.93,0.348529
1554336000000,0.3515,0.3596,0.3401,0.3499,348073.61,122411.95,0.349849
1554343200000,0.3493,0.3538,0.3404,0.3424,302257.76,104982.21,0.347189
1554350400000,0.3415,0.3547,0.3398,0.353,161200.56,56093.18,0.34725
1554357600000,0.3534,0.3586,0.3518,0.3549,175101.56,62060.05,0.355213
1554364800000,0.3554,0.3597,0.3504,0.3515,133093.52,47450.53,0.355124
1554372000000,0.3514,0.352,0.3428,0.3483,230457.17,79847.74,0.347328
1554379200000,0.3473,0.3555,0.3462,0.3545,99016.91,34749.75,0.350841
1554386400000,0.3548,0.3572,0.3469,0.3509,124832.97,44068.07,0.35202
1554393600000,0.3508,0.3508,0.334,0.3348,365468.77,124366.58,0.342283
1554400800000,0.3346,0.3357,0.3285,0.3293,529743.2,175285.81,0.332124
1554408000000,0.3292,0.338,0.3248,0.336,297064.81,97740.84,0.331315
1554415200000,0.3363,0.339,0.3287,0.3362,138652.0,46296.65,0.33385
1554422400000,0.3365,0.3426,0.3359,0.3411,95275.9,32449.27,0.33931
1554429600000,0.341,0.3427,0.3405,0.3412,148939.04,50896.31,0.341601
1554436800000,0.3413,0.3514,0.3396,0.3484,178749.23,61841.52,0.345565
1554444000000,0.3484,0.3492,0.3448,0.3457,86257.42,29895.01,0.346995
1554451200000,0.3457,0.3497,0.3453,0.3468,74660.34,25941.69,0.34752
1554458400000,0.3465,0.3529,0.3457,0.3516,114063.18,39863.19,0.349336
1554465600000,0.3521,0.3561,0.3509,0.3522,250064.15,88499.27,0.3535
1554472800000,0.3525,0.3534,0.348,0.3486,126252.16,44170.58,0.350722
1554480000000,0.3486,0.3535,0.3476,0.3535,89738.65,31548.95,0.350446
1554487200000,0.3535,0.354,0.3506,0.353,59509.4,20991.07,0.352295
1554494400000,0.3524,0.3545,0.3503,0.3529,112024.78,39474.69,0.352399
1554501600000,0.3526,0.3575,0.3526,0.357,79463.34,28221.92,0.355113
1554508800000,0.3578,0.3584,0.3551,0.3567,66803.82,23844.07,0.356736
1554516000000,0.3567,0.3583,0.3559,0.3569,80365.39,28681.74,0.357101
1554523200000,0.357,0.3633,0.3567,0.3622,113782.54,41079.27,0.360073
1554530400000,0.3626,0.3636,0.3607,0.3622,48695.64,17629.24,0.362149
1554537600000,0.3625,0.363,0.3527,0.3534,163856.9,58589.9,0.357826
1554544800000,0.3533,0.3593,0.3533,0.3593,35936.89,12797.12,0.3563
1554552000000,0.3586,0.3617,0.3564,0.3565,73726.56,26518.95,0.359111
1554559200000,0.3565,0.3602,0.3528,0.357,135651.27,48294.49,0.3565
1554566400000,0.3581,0.36,0.3539,0.3575,133815.6,47720.53,0.356948
1554573600000,0.3597,0.3615,0.358,0.3601,58545.67,21027.26,0.35975
1554580800000,0.3588,0.3602,0.3475,0.3504,208147.0,73183.17,0.353758
1554588000000,0.3495,0.3532,0.349,0.3527,173126.88,60717.45,0.3511
1554595200000,0.3532,0.3545,0.3487,0.3489,90654.99,31864.46,0.351688
1554602400000,0.349,0.3565,0.349,0.3554,94765.94,33453.6,0.352872
1554609600000,0.3565,0.3597,0.3552,0.356,122117.3,43633.08,0.357454
1554616800000,0.3552,0.364,0.3546,0.364,298801.66,108260.95,0.359216
1554624000000,0.3641,0.3657,0.3626,0.3642,174135.3,63506.18,0.36415
1554631200000,0.363,0.37,0.3625,0.3626,224873.08,82407.67,0.366252
1554638400000,0.3626,0.3642,0.3609,0.3629,55404.92,20077.37,0.36255
1554645600000,0.3629,0.3638,0.359,0.3599,88442.14,32023.58,0.3614
1554652800000,0.3593,0.3634,0.3539,0.3634,121532.89,43498.26,0.358518
1554660000000,0.3624,0.3635,0.3612,0.3615,58322.19,21130.72,0.362366
1554667200000,0.3623,0.3651,0.3529,0.358,323154.98,116073.27,0.358963
1554674400000,0.358,0.3595,0.3454,0.3537,455086.99,161289.49,0.352369
1554681600000,0.354,0.3666,0.3537,0.3652,183717.33,66242.57,0.360278
1554688800000,0.3657,0.3686,0.3541,0.3541,259267.39,94055.04,0.361626
1554696000000,0.3547,0.3562,0.3525,0.356,104170.8,36857.12,0.354318
1554703200000,0.3563,0.3563,0.3489,0.3524,58179.69,20481.48,0.352469
1554710400000,0.3514,0.3514,0.3451,0.3494,121743.01,42269.86,0.348194
1554717600000,0.3486,0.3492,0.3315,0.3315,266176.82,90994.18,0.340441
1554724800000,0.3315,0.3451,0.3315,0.3409,123986.6,41936.72,0.338585
1554732000000,0.3406,0.3483,0.3396,0.3481,89666.08,30847.32,0.343859
1554739200000,0.3484,0.3512,0.342,0.3427,145607.97,50119.41,0.346711
1554746400000,0.3449,0.3461,0.3406,0.3416,19781.97,6771.5,0.34336
1554753600000,0.3417,0.3471,0.3407,0.3462,28717.8,9866.67,0.343893
1554760800000,0.3462,0.3471,0.3434,0.346,78274.55,26998.34,0.345249
1554768000000,0.346,0.3575,0.3445,0.3491,334273.68,117590.69,0.35105
1554775200000,0.349,0.3525,0.3478,0.3493,88723.6,31104.88,0.350151
1554782400000,0.3489,0.3499,0.3345,0.3379,202496.93,68981.99,0.342025
1554789600000,0.338,0.3459,0.3379,0.3457,53186.79,18141.26,0.341915
1554796800000,0.3457,0.3463,0.3403,0.3417,100050.39,34347.15,0.34325
1554804000000,0.3418,0.3466,0.3407,0.3466,76114.57,26128.27,0.343541
1554811200000,0.3466,0.3574,0.3454,0.3571,165057.26,58171.22,0.351293
1554818400000,0.3575,0.3609,0.3534,0.3579,237380.8,84932.37,0.35715
1554825600000,0.3583,0.3681,0.3561,0.3609,354401.24,128086.64,0.36213
1554832800000,0.3609,0.3673,0.3592,0.3593,130004.25,47213.02,0.363281
1554840000000,0.3592,0.3613,0.3576,0.3581,60182.38,21645.04,0.359468
1554847200000,0.3582,0.3592,0.3547,0.3557,66409.65,23657.59,0.35695
1554854400000,0.3554,0.3554,0.349,0.3509,258775.07,90998.37,0.352066
1554861600000,0.3505,0.3525,0.3495,0.351,61562.8,21593.97,0.351002
1554868800000,0.3514,0.3549,0.3502,0.3544,81876.57,28939.51,0.35251
1554876000000,0.3535,0.3554,0.3519,0.3519,106807.87,37808.5,0.353702
1554883200000,0.3519,0.354,0.3508,0.3521,91323.97,32176.8,0.3524
1554890400000,0.3511,0.353,0.3465,0.35,481415.44,168263.86,0.349744
1554897600000,0.3489,0.3521,0.3487,0.3505,68546.12,24020.18,0.350441
1554904800000,0.3505,0.351,0.3489,0.351,59723.06,20899.27,0.349938
1554912000000,0.3511,0.3534,0.3491,0.3511,46047.8,16166.02,0.35125
1554919200000,0.3516,0.3568,0.3502,0.3526,143081.0,50484.41,0.353508
1554926400000,0.3528,0.3534,0.3438,0.3483,339278.7,118697.32,0.348487
1554933600000,0.3484,0.3522,0.3469,0.3498,187100.06,65188.92,0.349558
1554940800000,0.3498,0.3498,0.344,0.344,95009.1,32891.26,0.3469
1554948000000,0.3446,0.3446,0.3209,0.321,367433.02,121622.58,0.332734
1554955200000,0.3213,0.3284,0.3187,0.3259,337835.34,109210.11,0.323547
1554962400000,0.3265,0.3327,0.3259,0.3327,131148.44,43294.25,0.329221
1554969600000,0.3327,0.3378,0.3209,0.3249,324427.97,107175.61,0.329381
1554976800000,0.324,0.327,0.3041,0.3128,343233.37,107982.32,0.315369
1554984000000,0.3121,0.3183,0.3111,0.3125,61088.24,19229.08,0.314702
1554991200000,0.3129,0.3189,0.3091,0.3158,104402.38,32769.66,0.313992
1554998400000,0.3162,0.3205,0.3136,0.3204,61600.99,19570.34,0.316922
1555005600000,0.3209,0.3228,0.3192,0.3197,62982.78,20180.98,0.32102
1555012800000,0.3206,0.3209,0.3158,0.316,35306.36,11253.49,0.318363
1555020000000,0.3156,0.318,0.313,0.3162,69766.28,22037.97,0.315499
1555027200000,0.3162,0.3165,0.3007,0.3019,221599.53,67874.21,0.308484
1555034400000,0.3023,0.3079,0.3003,0.3079,87506.63,26631.61,0.303943
1555041600000,0.3079,0.3104,0.3059,0.3071,68071.65,20978.13,0.308155
1555048800000,0.3068,0.3088,0.3068,0.3074,25564.68,7876.91,0.307816
1555056000000,0.3084,0.3106,0.3055,0.3106,71422.63,21980.22,0.307979
1555063200000,0.3106,0.3239,0.3096,0.317,211313.24,67118.29,0.316906
1555070400000,0.317,0.3237,0.316,0.3212,93979.51,30151.21,0.31991
1555077600000,0.3205,0.325,0.3199,0.3236,134967.13,43696.35,0.322491
1555084800000,0.3234,0.3276,0.322,0.3233,115783.49,37704.07,0.3248
1555092000000,0.3234,0.3245,0.3218,0.3218,28546.86,9220.19,0.323203
1555099200000,0.3225,0.3225,0.3166,0.3191,65043.67,20758.29,0.319437
1555106400000,0.3188,0.3213,0.3175,0.3204,21279.71,6786.81,0.319391
1555113600000,0.3193,0.3193,0.3153,0.3179,73546.87,23303.41,0.317259
1555120800000,0.3179,0.321,0.3173,0.3207,36131.81,11539.23,0.319125
1555128000000,0.3207,0.3236,0.319,0.3236,29348.06,9401.26,0.321206
1555135200000,0.3221,0.3227,0.3202,0.3204,35844.34,11525.24,0.321476
1555142400000,0.3202,0.3214,0.3187,0.3188,43108.06,13776.11,0.32009
1555149600000,0.3198,0.3198,0.3121,0.3136,55025.08,17281.84,0.315805
1555156800000,0.3136,0.3151,0.3126,0.3151,26306.21,8252.01,0.313801
1555164000000,0.3144,0.3175,0.3136,0.3159,45487.11,14377.18,0.315565
1555171200000,0.315,0.3165,0.3141,0.3161,60931.35,19212.9,0.315286
1555178400000,0.3165,0.3177,0.3145,0.3145,55800.75,17621.54,0.316165
1555185600000,0.3145,0.3155,0.3119,0.3137,44835.13,14066.62,0.313695
1555192800000,0.3137,0.3155,0.3135,0.3153,17002.45,5351.8,0.3145
1555200000000,0.315,0.3154,0.313,0.314,43379.08,13615.18,0.314186
1555207200000,0.3142,0.315,0.3078,0.3092,308452.72,95551.4,0.311359
1555214400000,0.3092,0.3096,0.3071,0.3077,75764.11,23344.81,0.30834
1555221600000,0.3078,0.3122,0.3072,0.3098,71748.01,22126.22,0.309738
1555228800000,0.3095,0.3105,0.3084,0.3104,24324.64,7536.23,0.309426
1555236000000,0.3109,0.3166,0.3095,0.3128,146461.73,45872.36,0.313072
1555243200000,0.3131,0.3145,0.3106,0.314,82828.61,25888.37,0.312537
1555250400000,0.3138,0.3169,0.3129,0.3164,145697.74,45931.52,0.314876
1555257600000,0.3168,0.3197,0.3164,0.3193,70077.67,22307.61,0.31805
1555264800000,0.318,0.3225,0.318,0.3198,58147.74,18628.54,0.320306
1555272000000,0.3197,0.3219,0.3196,0.3208,92589.53,29700.07,0.32078
1555279200000,0.3218,0.3233,0.3191,0.3226,100931.95,32503.46,0.321191
1555286400000,0.3224,0.3245,0.3212,0.323,19223.16,6206.04,0.322851
1555293600000,0.323,0.3246,0.3209,0.3217,61693.81,19909.83,0.322763
1555300800000,0.3225,0.3244,0.3217,0.3224,42466.72,13760.99,0.32305
1555308000000,0.3223,0.3249,0.3213,0.3228,84534.6,27306.18,0.323103
1555315200000,0.3228,0.334,0.3216,0.329,371366.12,121827.46,0.327927
1555322400000,0.329,0.3314,0.3231,0.3259,161114.72,52609.19,0.327243
1555329600000,0.3253,0.3275,0.3224,0.3233,153398.96,49779.27,0.324976
1555336800000,0.3233,0.3265,0.3223,0.3223,84765.85,27506.85,0.324423
1555344000000,0.3237,0.3247,0.3083,0.3136,201040.32,63523.06,0.316275
1555351200000,0.3135,0.3138,0.3059,0.306,337691.89,104373.44,0.309879
1555358400000,0.3069,0.3091,0.3011,0.3071,159570.04,48617.5,0.3051
1555365600000,0.3068,0.3093,0.3063,0.3083,46937.84,14429.64,0.307817
1555372800000,0.308,0.3089,0.3059,0.3089,33470.03,10299.86,0.307376
1555380000000,0.3087,0.3096,0.3077,0.3096,161348.82,49882.78,0.30862
1555387200000,0.3096,0.3176,0.3085,0.317,253145.88,79593.0,0.313
1555394400000,0.3152,0.3157,0.3131,0.3142,16991.19,5337.83,0.314388
1555401600000,0.3143,0.3166,0.3136,0.3161,135457.97,42687.24,0.31509
1555408800000,0.3162,0.3178,0.3151,0.3177,202771.67,64159.43,0.316408
1555416000000,0.3178,0.319,0.315,0.3151,75519.59,23925.85,0.317071
1555423200000,0.3157,0.3166,0.3112,0.3155,182034.22,57098.01,0.313899
1555430400000,0.3146,0.3213,0.314,0.32,125816.25,40176.29,0.317705
1555437600000,0.3214,0.3215,0.3184,0.3188,91772.51,29278.32,0.319918
1555444800000,0.3184,0.3202,0.3182,0.3197,43685.39,13943.73,0.319218
1555452000000,0.3196,0.3234,0.3188,0.3225,66476.34,21374.68,0.321106
1555459200000,0.3225,0.3246,0.3212,0.3229,76240.19,24637.79,0.322901
1555466400000,0.3229,0.3251,0.3219,0.3219,50465.11,16290.89,0.323528
1555473600000,0.3231,0.3237,0.3186,0.3224,189450.65,60923.98,0.321142
1555480800000,0.3212,0.3233,0.32,0.3212,59773.46,19238.02,0.32165
1555488000000,0.3224,0.3225,0.3182,0.3203,93094.62,29769.86,0.320287
1555495200000,0.3199,0.3221,0.3194,0.3221,21430.62,6856.99,0.3207
1555502400000,0.3219,0.322,0.3174,0.32,41212.46,13153.61,0.319644
1555509600000,0.32,0.3203,0.3182,0.3188,41025.58,13092.33,0.319237
1555516800000,0.3195,0.3203,0.3184,0.3191,28617.23,9137.27,0.319351
1555524000000,0.32,0.3207,0.3191,0.3207,3325.26,1063.65,0.319877
1555531200000,0.3207,0.3254,0.3202,0.3254,56563.26,18322.47,0.322736
1555538400000,0.3255,0.3324,0.3239,0.3309,299660.93,98615.83,0.328144
1555545600000,0.3321,0.3353,0.3287,0.3348,254013.55,84472.88,0.331937
1555552800000,0.335,0.3369,0.3324,0.3353,201338.74,67442.46,0.334649
1555560000000,0.3353,0.3368,0.3317,0.333,250392.38,83795.07,0.334255
1555567200000,0.333,0.3335,0.3306,0.3327,102805.94,34157.61,0.332048
1555574400000,0.3326,0.3326,0.3281,0.3303,101402.87,33459.12,0.330273
1555581600000,0.3305,0.3306,0.3273,0.3273,67782.13,22363.52,0.328965
1555588800000,0.3273,0.331,0.3273,0.3293,86492.96,28513.18,0.329217
1555596000000,0.3295,0.3326,0.329,0.3295,235162.36,77775.77,0.3308
1555603200000,0.3295,0.3332,0.329,0.3315,58834.66,19508.72,0.331136
1555610400000,0.3318,0.334,0.3317,0.3335,33266.01,11058.57,0.332882
1555617600000,0.3329,0.3336,0.3315,0.333,16146.47,5373.13,0.33255
1555624800000,0.3331,0.3331,0.33,0.331,26905.9,8908.46,0.331485
1555632000000,0.331,0.331,0.3243,0.3247,165328.39,54270.18,0.327593
1555639200000,0.3247,0.3265,0.3211,0.324,165164.76,53516.33,0.323798
1555646400000,0.324,0.3258,0.3228,0.3258,21780.81,7058.5,0.324241
1555653600000,0.3252,0.3263,0.3252,0.3255,85872.56,27968.96,0.325758
1555660800000,0.3252,0.3265,0.323,0.3259,54186.27,17608.05,0.324742
1555668000000,0.3264,0.3266,0.3251,0.3261,18343.23,5980.58,0.325846
1555675200000,0.3265,0.3266,0.3231,0.3231,68740.97,22298.96,0.324865
1555682400000,0.3248,0.326,0.3224,0.323,42855.98,13880.63,0.32422
1555689600000,0.3239,0.3276,0.3218,0.3243,116367.57,37820.36,0.324701
1555696800000,0.3243,0.3267,0.3236,0.3263,103524.12,33579.7,0.325133
1555704000000,0.3272,0.3276,0.323,0.3249,93860.41,30547.76,0.32525
1555711200000,0.3251,0.3276,0.3249,0.3269,42153.73,13731.21,0.326281
1555718400000,0.3258,0.3282,0.3258,0.3271,28545.91,9338.56,0.327044
1555725600000,0.3271,0.3283,0.3258,0.3277,25932.59,8466.43,0.327045
1555732800000,0.3263,0.3276,0.3249,0.3266,7541.34,2461.69,0.326249
1555740000000,0.3265,0.3266,0.324,0.3253,161305.49,52479.95,0.325266
1555747200000,0.3253,0.3263,0.3237,0.3243,117412.92,38191.93,0.325008
1555754400000,0.3243,0.3243,0.3198,0.3212,85606.82,27500.13,0.321956
1555761600000,0.3212,0.3212,0.3202,0.3212,65020.5,20871.97,0.3207
1555768800000,0.3212,0.3222,0.3201,0.3202,26822.6,8622.74,0.321177
1555776000000,0.3202,0.3226,0.32,0.3207,35915.32,11538.7,0.321308
1555783200000,0.3209,0.322,0.32,0.3204,36860.15,11831.08,0.321006
1555790400000,0.3204,0.3212,0.3186,0.3189,73184.93,23440.23,0.319923
1555797600000,0.3207,0.3219,0.3197,0.3217,22997.04,7372.09,0.320778
1555804800000,0.3218,0.325,0.3212,0.3236,19041.36,6149.74,0.323124
1555812000000,0.3243,0.3247,0.3207,0.3216,12761.39,4124.16,0.322668
1555819200000,0.3206,0.3222,0.3193,0.3222,21070.51,6747.73,0.320696
1555826400000,0.3216,0.3223,0.3178,0.3187,66283.53,21161.38,0.320038
1555833600000,0.3187,0.3192,0.3049,0.3049,349058.5,108823.26,0.312126
1555840800000,0.305,0.3091,0.3038,0.3053,126555.46,38658.9,0.306451
1555848000000,0.3069,0.3075,0.302,0.305,68377.86,20884.42,0.304713
1555855200000,0.3065,0.3066,0.3047,0.306,34191.14,10444.36,0.305639
1555862400000,0.3059,0.3072,0.305,0.3064,53126.1,16284.75,0.306099
1555869600000,0.3072,0.3081,0.3052,0.3053,26594.85,8136.0,0.306698
1555876800000,0.3063,0.3089,0.306,0.3087,23892.05,7342.08,0.30744
1555884000000,0.3092,0.3146,0.3092,0.3146,37576.53,11704.52,0.3119
1555891200000,0.3126,0.3126,0.3097,0.3098,13728.29,4267.35,0.311135
1555898400000,0.3102,0.3111,0.3086,0.3086,28963.97,8970.93,0.309901
1555905600000,0.3089,0.3107,0.3075,0.3102,70050.16,21620.82,0.309081
1555912800000,0.3087,0.3105,0.3082,0.3082,41947.19,12977.45,0.309361
1555920000000,0.3092,0.3137,0.3082,0.3137,46060.56,14335.5,0.31085
1555927200000,0.3137,0.3149,0.3124,0.3135,93151.79,29256.13,0.31365
1555934400000,0.3135,0.3139,0.3095,0.311,104283.43,32465.84,0.311652
1555941600000,0.3101,0.3141,0.3096,0.31,126682.55,39460.88,0.31185
1555948800000,0.3113,0.3133,0.3092,0.3133,38545.02,11998.06,0.311184
1555956000000,0.3134,0.3152,0.3104,0.3133,90103.22,28193.67,0.3128
1555963200000,0.3129,0.3143,0.3121,0.3121,67640.57,21191.49,0.313224
1555970400000,0.3128,0.313,0.311,0.312,64827.1,20229.47,0.311983
1555977600000,0.3119,0.312,0.3104,0.3116,16147.72,5027.31,0.311195
1555984800000,0.3112,0.3132,0.3104,0.3106,42868.66,13340.59,0.31181
1555992000000,0.3106,0.3149,0.31,0.3121,196777.32,61550.93,0.312476
1555999200000,0.3123,0.3128,0.3093,0.3111,127816.66,39739.57,0.31103
1556006400000,0.3111,0.3125,0.3092,0.3092,36387.44,11319.4,0.310913
1556013600000,0.31,0.3105,0.3066,0.3085,128971.08,39813.24,0.308523
1556020800000,0.3085,0.3099,0.3049,0.3069,72612.46,22305.0,0.307392
1556028000000,0.3062,0.3086,0.3052,0.3058,82935.01,25407.24,0.306903
1556035200000,0.3058,0.3077,0.3055,0.3055,54637.07,16755.45,0.306604
1556042400000,0.3061,0.3064,0.3031,0.3035,98624.87,30026.75,0.304741
1556049600000,0.303,0.3043,0.3005,0.3023,113098.23,34208.8,0.302398
1556056800000,0.3034,0.3036,0.3,0.3003,76899.5,23168.96,0.301789
1556064000000,0.3003,0.3007,0.2904,0.293,269706.62,79785.88,0.295392
1556071200000,0.2925,0.294,0.2905,0.2932,179917.26,52515.48,0.292244
1556078400000,0.2926,0.2939,0.2913,0.2938,91228.24,26708.78,0.292566
1556085600000,0.2938,0.2945,0.2811,0.2819,319089.79,91277.95,0.287788
1556092800000,0.282,0.2842,0.2802,0.2816,187757.09,52866.74,0.282201
1556100000000,0.2817,0.2832,0.2778,0.2806,93472.94,26216.57,0.280493
1556107200000,0.2807,0.2878,0.2801,0.2825,65137.71,18567.85,0.283983
1556114400000,0.2825,0.2872,0.2825,0.2863,119469.4,34146.45,0.284938
1556121600000,0.2872,0.2874,0.2795,0.2806,86918.35,24625.04,0.283355
1556128800000,0.279,0.2917,0.278,0.2916,193709.51,54848.1,0.284729
1556136000000,0.2916,0.2972,0.2916,0.2946,62467.64,18376.0,0.2945
1556143200000,0.2939,0.295,0.2867,0.2885,84248.74,24485.62,0.290809
1556150400000,0.2884,0.2916,0.2881,0.2916,72366.09,20972.79,0.28981
1556157600000,0.291,0.291,0.2791,0.2822,87975.31,24908.51,0.284805
1556164800000,0.283,0.2854,0.2798,0.281,47637.59,13478.1,0.28262
1556172000000,0.2816,0.2825,0.2791,0.2823,28755.78,8066.64,0.280788
1556179200000,0.2823,0.2835,0.281,0.2824,55112.84,15577.19,0.28225
1556186400000,0.2821,0.2861,0.2807,0.2832,54065.13,15341.41,0.283408
1556193600000,0.284,0.2849,0.2809,0.2826,65213.55,18444.19,0.282887
1556200800000,0.2826,0.2846,0.2806,0.2846,50764.43,14332.45,0.282533
1556208000000,0.2853,0.2904,0.2849,0.2904,68175.31,19545.93,0.287595
1556215200000,0.2904,0.2912,0.2877,0.2884,22999.68,6653.57,0.289454
1556222400000,0.2896,0.2896,0.2786,0.2791,121887.68,34545.77,0.284026
1556229600000,0.2788,0.2808,0.2687,0.2753,743697.49,205106.09,0.274701
1556236800000,0.2748,0.2748,0.26,0.2704,390195.07,103824.48,0.267283
1556244000000,0.2703,0.2805,0.2698,0.2718,116762.93,32052.35,0.27517
1556251200000,0.2722,0.2745,0.2721,0.2739,44238.1,12100.02,0.273336
1556258400000,0.2738,0.2738,0.2679,0.2688,29800.93,8074.94,0.270752
1556265600000,0.2701,0.2717,0.2699,0.2702,8316.43,2247.29,0.270801
1556272800000,0.2716,0.2732,0.2708,0.2709,11276.81,3067.32,0.272016
1556280000000,0.2707,0.2734,0.2701,0.2731,32293.43,8786.5,0.271727
1556287200000,0.2715,0.273,0.2692,0.2698,63074.6,17104.4,0.271124
1556294400000,0.2696,0.2699,0.2634,0.2673,127678.02,33964.19,0.266592
1556301600000,0.2673,0.2704,0.2668,0.2704,11553.26,3106.35,0.268543
1556308800000,0.2707,0.2707,0.2686,0.2704,22441.1,6052.15,0.269645
1556316000000,0.2705,0.2729,0.2703,0.2708,38258.4,10374.4,0.271603
1556323200000,0.2719,0.2753,0.2719,0.274,40228.87,11007.91,0.273669
1556330400000,0.2741,0.2753,0.2707,0.2714,32544.84,8893.98,0.273024
1556337600000,0.2704,0.2743,0.2704,0.2736,8823.21,2403.04,0.272421
1556344800000,0.2747,0.278,0.2747,0.2769,47436.04,13069.17,0.276419
1556352000000,0.2774,0.2788,0.2762,0.2775,9165.68,2534.75,0.2775
1556359200000,0.277,0.2785,0.2751,0.2773,29554.03,8159.55,0.276799
1556366400000,0.2773,0.2804,0.2761,0.28,15235.15,4248.24,0.278206
1556373600000,0.2809,0.2889,0.2805,0.2873,143675.63,40850.33,0.284802
1556380800000,0.2885,0.2908,0.2867,0.2908,56110.54,16255.25,0.288673
1556388000000,0.2908,0.2914,0.2873,0.2887,80426.45,23303.16,0.289322
1556395200000,0.2887,0.291,0.2887,0.2899,15114.25,4390.76,0.28989
1556402400000,0.2896,0.2901,0.2873,0.2873,25674.94,7421.9,0.288751
1556409600000,0.2878,0.2903,0.2878,0.2884,37216.61,10758.78,0.289064
1556416800000,0.2886,0.2886,0.2859,0.2867,27912.73,8023.77,0.287193
1556424000000,0.2868,0.288,0.2865,0.287,42674.79,12251.66,0.287252
1556431200000,0.287,0.2875,0.2851,0.2866,22351.46,6391.55,0.286297
1556438400000,0.2879,0.2882,0.2832,0.2843,279229.32,79751.36,0.28564
1556445600000,0.2843,0.2865,0.283,0.2856,121186.32,34393.21,0.284743
1556452800000,0.2856,0.2856,0.2809,0.2809,68602.27,19495.53,0.28325
1556460000000,0.2808,0.2815,0.2796,0.2803,66813.1,18729.59,0.28055
1556467200000,0.2803,0.2813,0.2794,0.2802,28387.49,7971.61,0.28035
1556474400000,0.2802,0.2803,0.2768,0.2788,77013.01,21446.43,0.27851
1556481600000,0.2788,0.2801,0.2777,0.2777,16552.81,4614.28,0.278936
1556488800000,0.2792,0.2802,0.2788,0.2791,19196.49,5360.12,0.2795
1556496000000,0.2789,0.281,0.2776,0.2782,56720.2,15847.51,0.279308
1556503200000,0.2783,0.2816,0.2783,0.2815,22786.76,6381.24,0.279965
1556510400000,0.2815,0.2816,0.2794,0.2794,9223.78,2591.29,0.280515
1556517600000,0.2794,0.2819,0.2791,0.2803,16253.66,4559.3,0.280517
1556524800000,0.2803,0.2805,0.2772,0.2801,51139.35,14252.18,0.278849
1556532000000,0.2801,0.2801,0.2732,0.2732,69643.07,19168.66,0.27665
1556539200000,0.2733,0.274,0.2634,0.2657,123684.86,33192.97,0.268582
1556546400000,0.2666,0.2706,0.2666,0.2685,74755.12,20068.86,0.268663
1556553600000,0.2679,0.272,0.2679,0.2707,61215.48,16516.76,0.270036
1556560800000,0.2695,0.2696,0.2673,0.2687,20791.19,5583.9,0.26843
1556568000000,0.2674,0.2747,0.2674,0.2743,36852.24,10021.31,0.271108
1556575200000,0.2744,0.2744,0.2708,0.2738,18100.14,4934.65,0.27259
1556582400000,0.2738,0.2743,0.2725,0.2741,16669.69,4563.82,0.273396
1556589600000,0.2741,0.2745,0.2716,0.2727,9097.67,2481.84,0.273028
1556596800000,0.2713,0.2719,0.269,0.2693,22340.4,6025.33,0.27047
1556604000000,0.2691,0.2705,0.2689,0.2704,22266.75,6009.22,0.26969
1556611200000,0.2704,0.2726,0.2694,0.2717,36185.09,9811.75,0.270998
1556618400000,0.2717,0.2793,0.2717,0.2793,37452.18,10327.36,0.2755
1556625600000,0.2792,0.2822,0.2782,0.282,48239.9,13514.1,0.280144
1556632800000,0.2814,0.282,0.2779,0.2799,29711.36,8313.96,0.279926
1556640000000,0.2788,0.2791,0.2776,0.2781,22597.75,6295.21,0.278344
1556647200000,0.2777,0.2782,0.2762,0.2768,28768.45,7975.79,0.277197
1556654400000,0.2764,0.2779,0.2751,0.2773,66994.09,18519.3,0.276491
1556661600000,0.2775,0.2796,0.2773,0.2788,126030.99,35084.85,0.278476
1556668800000,0.2786,0.2821,0.2784,0.2801,89341.32,25034.97,0.280289
1556676000000,0.2802,0.2812,0.2782,0.2791,64514.61,18043.46,0.279702
1556683200000,0.279,0.2802,0.2783,0.279,31711.62,8869.32,0.27925
1556690400000,0.2787,0.281,0.2787,0.2805,20576.29,5749.64,0.279895
1556697600000,0.2803,0.2803,0.2782,0.2785,20152.26,5613.11,0.279216
1556704800000,0.2786,0.28,0.2786,0.2791,18215.6,5089.68,0.279315
1556712000000,0.2791,0.2796,0.2774,0.2775,60698.82,16897.01,0.27853
1556719200000,0.278,0.2781,0.2772,0.2777,32252.7,8949.89,0.277644
1556726400000,0.2777,0.2801,0.2777,0.2794,38155.98,10649.29,0.27895
1556733600000,0.2793,0.2793,0.2761,0.2762,30001.95,8334.94,0.277685
1556740800000,0.2756,0.2775,0.2742,0.2756,28890.69,7966.29,0.27585
1556748000000,0.2754,0.2767,0.2746,0.2767,7678.61,2122.65,0.275608
1556755200000,0.2768,0.2768,0.275,0.2754,27100.17,7475.55,0.275864
1556762400000,0.2766,0.2767,0.2754,0.2767,14981.86,4131.29,0.276049
1556769600000,0.2753,0.2764,0.2745,0.2755,15139.51,4174.46,0.27545
1556776800000,0.2768,0.2775,0.2759,0.2771,26355.23,7287.25,0.276698
1556784000000,0.2777,0.278,0.2754,0.2766,65946.55,18237.39,0.276679
1556791200000,0.2766,0.277,0.2752,0.2768,86916.52,23968.28,0.276098
1556798400000,0.2758,0.2774,0.2758,0.277,24598.94,6791.32,0.276633
1556805600000,0.2773,0.2779,0.2755,0.276,69986.55,19321.57,0.276704
1556812800000,0.2762,0.2773,0.273,0.2754,64957.74,17887.69,0.275144
1556820000000,0.2742,0.2774,0.2742,0.276,19943.4,5510.4,0.27586
1556827200000,0.2766,0.2773,0.2741,0.2741,17460.81,4808.37,0.275763
1556834400000,0.2743,0.2761,0.2743,0.2748,32604.85,8967.29,0.275213
1556841600000,0.2747,0.2761,0.2735,0.2761,44110.54,12122.04,0.274753
1556848800000,0.2761,0.2765,0.2735,0.2739,36543.7,10060.76,0.275
1556856000000,0.2739,0.2744,0.2734,0.2735,12758.3,3491.94,0.273908
1556863200000,0.2735,0.2741,0.27,0.2707,79685.87,21683.17,0.272043
1556870400000,0.2713,0.278,0.268,0.277,256389.26,70224.51,0.272898
1556877600000,0.277,0.2781,0.2724,0.2753,149708.1,41089.72,0.27523
1556884800000,0.2769,0.2822,0.2766,0.2822,91442.45,25503.0,0.279357
1556892000000,0.2812,0.2822,0.2765,0.2776,46809.5,13078.04,0.279344
1556899200000,0.278,0.2792,0.275,0.275,79684.81,22059.06,0.277188
1556906400000,0.275,0.2793,0.2743,0.2784,40093.97,11100.56,0.276813
1556913600000,0.2786,0.2803,0.2784,0.2799,22444.81,6274.99,0.279363
1556920800000,0.2803,0.2836,0.2791,0.2806,59490.86,16703.06,0.281351
1556928000000,0.2828,0.2836,0.2817,0.2827,43476.74,12288.93,0.28265
1556935200000,0.2827,0.2831,0.2794,0.2806,31578.68,8906.57,0.281215
1556942400000,0.2795,0.2806,0.2766,0.2777,64818.02,18001.54,0.2786
1556949600000,0.2777,0.2779,0.2746,0.2775,96424.45,26596.99,0.276249
1556956800000,0.2767,0.2772,0.2749,0.2758,39240.95,10853.64,0.276042
1556964000000,0.2758,0.2758,0.273,0.2742,22705.18,6224.06,0.274347
1556971200000,0.2739,0.2739,0.2615,0.2652,171640.11,45614.23,0.26744
1556978400000,0.2647,0.2685,0.2647,0.2674,27505.87,7341.75,0.266679
1556985600000,0.2671,0.2695,0.2659,0.2695,19402.38,5196.09,0.267625
1556992800000,0.2695,0.2695,0.2652,0.2677,99450.72,26464.88,0.267293
1557000000000,0.2681,0.2704,0.267,0.2679,37872.59,10161.57,0.268701
1557007200000,0.2676,0.2695,0.2673,0.2688,32448.45,8719.29,0.268416
1557014400000,0.268,0.2683,0.266,0.2676,5367.43,1434.19,0.267145
1557021600000,0.2667,0.2696,0.2667,0.2686,2555.73,686.87,0.26821
1557028800000,0.2677,0.2682,0.2666,0.2682,11735.37,3136.07,0.267386
1557036000000,0.269,0.269,0.2653,0.2663,32355.55,8668.65,0.267073
1557043200000,0.2662,0.2662,0.2635,0.2635,11187.96,2962.95,0.26485
1557050400000,0.2636,0.2656,0.2635,0.2648,8175.18,2162.11,0.264581
1557057600000,0.2656,0.2677,0.264,0.2669,23345.53,6228.17,0.265837
1557064800000,0.2673,0.2683,0.266,0.2673,22500.61,6012.27,0.26715
1557072000000,0.267,0.2672,0.265,0.266,23298.09,6190.88,0.266078
1557079200000,0.265,0.2684,0.2643,0.2678,18420.68,4919.59,0.266343
1557086400000,0.2681,0.269,0.267,0.2688,31350.97,8384.84,0.267986
1557093600000,0.269,0.269,0.2662,0.2671,32440.82,8678.28,0.267541
1557100800000,0.2665,0.2665,0.2617,0.2631,46851.35,12376.92,0.264
1557108000000,0.2629,0.2657,0.2625,0.2644,21892.69,5793.58,0.264126
1557115200000,0.2637,0.266,0.2634,0.2655,27630.04,7311.89,0.264714
1557122400000,0.2636,0.2641,0.2615,0.2619,27754.28,7291.41,0.262806
1557129600000,0.2625,0.2646,0.2615,0.2646,14072.0,3695.85,0.262985
1557136800000,0.2646,0.2675,0.2645,0.2675,31878.56,8515.03,0.265985
1557144000000,0.2675,0.2686,0.2644,0.2644,22943.75,6129.61,0.266587
1557151200000,0.2657,0.2731,0.2657,0.2731,58537.15,15803.85,0.2694
1557158400000,0.2733,0.2791,0.2733,0.2773,128296.31,35494.15,0.276321
1557165600000,0.2773,0.2796,0.277,0.2793,26330.47,7334.35,0.2783
1557172800000,0.2788,0.2825,0.2751,0.2823,124230.78,34908.67,0.278696
1557180000000,0.2824,0.2832,0.279,0.2791,55711.63,15694.37,0.281164
1557187200000,0.2802,0.2839,0.2802,0.2817,54230.72,15326.58,0.282097
1557194400000,0.2818,0.2843,0.2792,0.2796,71305.62,20096.86,0.281801
1557201600000,0.2799,0.2816,0.2785,0.279,27443.7,7676.61,0.280063
1557208800000,0.2795,0.2795,0.2757,0.2779,21339.74,5923.3,0.277549
1557216000000,0.2769,0.2773,0.2745,0.2773,94100.1,25983.24,0.275894
1557223200000,0.2765,0.2765,0.2737,0.275,25325.04,6957.12,0.27505
1557230400000,0.275,0.2752,0.2722,0.2741,30315.76,8289.01,0.27368
1557237600000,0.2741,0.2741,0.2668,0.2673,101053.62,27176.17,0.270381
1557244800000,0.2673,0.2694,0.2668,0.267,43197.84,11570.63,0.268103
1557252000000,0.267,0.2678,0.2636,0.2663,55202.32,14679.93,0.265693
1557259200000,0.2672,0.2688,0.2651,0.2686,65643.56,17554.06,0.266915
1557266400000,0.2686,0.2686,0.2619,0.2621,110629.34,29269.13,0.265219
1557273600000,0.2625,0.2641,0.2602,0.2635,95836.41,25130.16,0.262136
1557280800000,0.2619,0.2634,0.2615,0.2628,88318.56,23193.92,0.262456
1557288000000,0.2629,0.2658,0.2629,0.2658,30249.36,8001.35,0.26435
1557295200000,0.2658,0.2679,0.2643,0.2653,21769.03,5799.5,0.266103
1557302400000,0.2646,0.2685,0.2646,0.2659,5987.94,1594.6,0.266587
1557309600000,0.2667,0.2697,0.2661,0.2685,37064.53,9901.55,0.26792
1557316800000,0.2686,0.2699,0.2686,0.2687,16317.97,4395.69,0.269251
1557324000000,0.2687,0.27,0.2675,0.27,104314.81,28122.29,0.268706
1557331200000,0.27,0.27,0.2654,0.2663,12368.23,3309.87,0.267613
1557338400000,0.2671,0.2694,0.2671,0.2685,9368.05,2516.75,0.268296
1557345600000,0.2685,0.2704,0.2667,0.2678,17833.8,4777.05,0.268554
1557352800000,0.2678,0.272,0.2678,0.2688,39711.87,10706.22,0.269923
1557360000000,0.269,0.2724,0.269,0.2718,70429.63,19037.19,0.270761
1557367200000,0.2704,0.2716,0.2683,0.2684,33059.44,8948.42,0.270006
1557374400000,0.2683,0.2699,0.2651,0.2659,83561.34,22403.08,0.267527
1557381600000,0.2648,0.265,0.2615,0.2627,66630.78,17529.84,0.263201
1557388800000,0.2627,0.2637,0.2615,0.2627,34142.19,8959.88,0.2626
1557396000000,0.2631,0.2633,0.2615,0.2615,73828.05,19322.03,0.262425
1557403200000,0.2616,0.2616,0.2562,0.2582,144444.46,37464.7,0.25879
1557410400000,0.2591,0.2591,0.2546,0.2548,70845.64,18088.02,0.25682
1557417600000,0.2546,0.256,0.2535,0.2537,148825.13,37861.63,0.25477
1557424800000,0.2537,0.2546,0.2528,0.2543,121645.69,30840.74,0.253691
1557432000000,0.2547,0.2568,0.2535,0.2536,15974.7,4063.39,0.255179
1557439200000,0.2549,0.2551,0.2527,0.2532,36123.45,9164.89,0.253878
1557446400000,0.2563,0.2578,0.2544,0.2575,24844.73,6362.98,0.256074
1557453600000,0.2567,0.2579,0.2542,0.2546,19562.44,5003.91,0.256085
1557460800000,0.2543,0.262,0.2535,0.2601,81805.56,21155.77,0.257822
1557468000000,0.2613,0.2622,0.2601,0.261,64790.04,16922.11,0.26115
1557475200000,0.2601,0.2612,0.2567,0.2603,92617.11,23973.2,0.258949
1557482400000,0.2603,0.2617,0.2582,0.2582,35600.88,9269.46,0.260019
1557489600000,0.2582,0.262,0.2575,0.2614,41355.88,10763.79,0.259743
1557496800000,0.2613,0.2643,0.2608,0.2627,24970.22,6557.37,0.262573
1557504000000,0.2636,0.2656,0.258,0.2636,130874.14,34375.42,0.2618
1557511200000,0.2639,0.2647,0.2614,0.2627,86105.83,22609.72,0.263041
1557518400000,0.2614,0.2637,0.2575,0.2614,40953.56,10677.43,0.2606
1557525600000,0.2612,0.2649,0.2608,0.2638,43545.79,11420.51,0.262889
1557532800000,0.2642,0.267,0.2628,0.2664,48224.01,12771.09,0.264871
1557540000000,0.266,0.2679,0.2657,0.2657,140868.87,37603.85,0.266804
1557547200000,0.2659,0.2725,0.2638,0.2679,201111.24,53742.73,0.268167
1557554400000,0.2687,0.2699,0.265,0.2675,92099.74,24597.11,0.26744
1557561600000,0.2663,0.2732,0.2661,0.2728,140760.93,37991.14,0.269677
1557568800000,0.2729,0.2797,0.2721,0.2721,153079.94,42536.38,0.275909
1557576000000,0.2729,0.275,0.2717,0.2746,61940.25,16919.09,0.273322
1557583200000,0.2741,0.28,0.2737,0.2784,121947.44,33866.12,0.276929
1557590400000,0.278,0.2828,0.2757,0.2828,356710.44,99602.43,0.279102
1557597600000,0.2828,0.297,0.2817,0.2958,267113.78,76932.93,0.289361
1557604800000,0.296,0.3066,0.2923,0.2926,256689.88,76514.32,0.299524
1557612000000,0.2926,0.3033,0.2884,0.2884,273448.66,81270.89,0.295958
1557619200000,0.2884,0.2936,0.279,0.2841,219301.39,62569.56,0.286301
1557626400000,0.2854,0.2861,0.28,0.2854,52130.94,14740.53,0.28305
1557633600000,0.2854,0.2935,0.2839,0.2915,261675.87,75702.47,0.288728
1557640800000,0.2913,0.2935,0.2881,0.29,206475.96,60070.1,0.290802
1557648000000,0.2914,0.2914,0.2778,0.2809,435018.24,123970.94,0.284329
1557655200000,0.2809,0.283,0.2718,0.2766,161764.39,44682.13,0.277348
1557662400000,0.2748,0.2804,0.2718,0.2755,86589.07,23974.33,0.276102
1557669600000,0.275,0.2767,0.2623,0.264,149951.36,40580.5,0.2695
1557676800000,0.2656,0.2688,0.2641,0.2672,229338.48,61289.82,0.266451
1557684000000,0.2687,0.2723,0.2677,0.2719,32714.21,8852.26,0.269959
1557691200000,0.2702,0.2787,0.2701,0.2787,143958.44,39787.18,0.274384
1557698400000,0.2788,0.279,0.27,0.2737,63606.85,17306.28,0.274347
1557705600000,0.2705,0.2788,0.2705,0.2766,20746.14,5694.29,0.274822
1557712800000,0.2764,0.2766,0.2747,0.2748,21623.01,5973.49,0.275661
1557720000000,0.2747,0.2797,0.2741,0.2759,122905.39,33966.08,0.276919
1557727200000,0.2759,0.278,0.2749,0.2775,68144.1,18824.34,0.276432
1557734400000,0.2777,0.2799,0.2751,0.2799,59138.32,16404.94,0.277428
1557741600000,0.2799,0.2872,0.2791,0.2858,85014.13,24055.73,0.283196
1557748800000,0.283,0.2855,0.2808,0.2808,104482.27,29512.56,0.283222
1557756000000,0.2804,0.2877,0.2804,0.2864,122987.81,35047.06,0.284182
1557763200000,0.2859,0.2914,0.2784,0.2811,86379.17,24688.96,0.284949
1557770400000,0.2801,0.2829,0.2789,0.2806,77479.83,21754.17,0.280902
1557777600000,0.2797,0.284,0.279,0.2809,90224.5,25304.43,0.281518
1557784800000,0.2816,0.2827,0.272,0.2776,219880.29,61151.09,0.277269
1557792000000,0.2788,0.2828,0.2755,0.2806,54940.64,15275.49,0.279142
1557799200000,0.2805,0.2912,0.2795,0.29,210345.06,59624.09,0.28537
1557806400000,0.29,0.2998,0.2894,0.2936,331192.66,97754.68,0.294686
1557813600000,0.2928,0.3026,0.2915,0.3012,219074.13,65328.11,0.297058
1557820800000,0.3023,0.3028,0.2878,0.2928,265214.52,77757.06,0.295049
1557828000000,0.2929,0.2957,0.2904,0.2946,117731.08,34491.51,0.293032
1557835200000,0.295,0.2985,0.2941,0.297,46974.52,13897.21,0.296316
1557842400000,0.2967,0.3035,0.2937,0.3004,348512.91,104558.24,0.298602
1557849600000,0.3005,0.3032,0.2947,0.3019,259989.96,77789.4,0.298935
1557856800000,0.3019,0.3044,0.2889,0.2928,265679.74,78160.59,0.296584
1557864000000,0.2928,0.2962,0.2899,0.2949,151609.58,44307.54,0.293027
1557871200000,0.2951,0.3021,0.2944,0.3002,174148.27,52066.54,0.298324
1557878400000,0.3002,0.3317,0.3002,0.3317,910546.09,291206.36,0.31595
1557885600000,0.3317,0.338,0.32,0.32,397508.38,132578.5,0.329372
1557921600000,0.3208,0.3375,0.3208,0.3259,547396.73,180010.78,0.329288
1557928800000,0.3259,0.3369,0.3248,0.3369,748768.73,245875.62,0.330707
1557936000000,0.3372,0.3599,0.3355,0.3597,550438.74,192419.58,0.347498
1557943200000,0.3597,0.3762,0.3428,0.3684,1286290.17,463028.41,0.359421
1557950400000,0.3681,0.3684,0.3561,0.3621,368778.36,132888.62,0.36207
1557957600000,0.3624,0.365,0.3589,0.362,193909.54,70246.69,0.36195
1557964800000,0.3615,0.3755,0.3605,0.3738,560229.47,206779.02,0.368071
1557972000000,0.3738,0.3785,0.3723,0.3741,297638.4,111719.5,0.375401
1557979200000,0.374,0.374,0.3427,0.3537,618889.48,220410.95,0.357704
1557986400000,0.3529,0.3662,0.3504,0.353,205961.1,73755.46,0.3583
1557993600000,0.3536,0.3561,0.3378,0.3382,329416.18,115040.05,0.347176
1558000800000,0.3391,0.3423,0.323,0.333,580690.01,192338.1,0.332563
1558008000000,0.3319,0.3345,0.3246,0.3266,279351.07,91783.15,0.329573
1558015200000,0.3276,0.3539,0.3267,0.3535,366764.92,124311.59,0.340227
1558022400000,0.3542,0.357,0.336,0.3377,244773.31,84584.99,0.3466
1558029600000,0.3377,0.3419,0.33,0.3329,150729.38,50412.62,0.335978
1558036800000,0.3334,0.3389,0.3233,0.3365,157844.57,52172.04,0.331062
1558044000000,0.3365,0.3432,0.3319,0.3341,123450.26,41761.99,0.337576
1558051200000,0.335,0.339,0.3154,0.3182,295054.5,96127.83,0.327287
1558058400000,0.3185,0.3206,0.2974,0.3075,888860.25,272393.51,0.308762
1558065600000,0.3072,0.3159,0.307,0.3111,272670.38,85246.68,0.311566
1558072800000,0.3116,0.3142,0.3044,0.3089,212669.24,65723.29,0.309282
1558080000000,0.3084,0.3092,0.3041,0.3081,43101.4,13210.82,0.306649
1558087200000,0.3081,0.3083,0.2954,0.2978,185117.05,55932.25,0.301641
1558094400000,0.2978,0.3118,0.292,0.3111,319125.8,97023.42,0.301576
1558101600000,0.3119,0.3159,0.3012,0.3018,222782.2,69058.96,0.308777
1558108800000,0.3014,0.3123,0.298,0.301,185962.98,56775.38,0.305151
1558116000000,0.2999,0.3072,0.2993,0.3023,200067.14,60532.05,0.303301
1558123200000,0.3023,0.3111,0.3009,0.3095,368623.12,111794.33,0.306014
1558130400000,0.3113,0.3148,0.3062,0.3126,92542.74,28807.74,0.310492
1558137600000,0.3141,0.3159,0.3095,0.3119,140005.23,43755.77,0.312691
1558144800000,0.3096,0.3194,0.3096,0.3165,110675.26,34941.38,0.314705
1558152000000,0.317,0.3189,0.3129,0.3161,156503.47,49353.63,0.315896
1558159200000,0.3172,0.3172,0.3116,0.3117,28440.43,8918.79,0.314384
1558166400000,0.3122,0.315,0.3066,0.3115,219405.96,67916.64,0.310798
1558173600000,0.3125,0.3148,0.3094,0.3126,45392.16,14171.04,0.3121
1558180800000,0.312,0.3175,0.312,0.3175,65660.69,20660.78,0.31475
1558188000000,0.3176,0.3249,0.3176,0.3248,151847.0,48777.88,0.321266
1558195200000,0.3248,0.3387,0.324,0.3387,263955.57,87282.38,0.331235
1558202400000,0.3387,0.3387,0.3221,0.3273,297761.74,97656.25,0.330052
1558209600000,0.3269,0.3269,0.3221,0.3264,121064.8,39362.1,0.324494
1558216800000,0.3264,0.3275,0.3227,0.3242,92385.8,29927.67,0.325089
1558224000000,0.3237,0.3318,0.3212,0.3271,176623.82,57425.15,0.326529
1558231200000,0.3271,0.3391,0.3271,0.3376,402787.33,134575.07,0.333278
1558238400000,0.3376,0.3393,0.333,0.333,119717.68,40054.42,0.336281
1558245600000,0.3345,0.3384,0.3325,0.3363,308789.33,103454.71,0.335451
1558252800000,0.337,0.3408,0.3353,0.3402,71319.61,24059.34,0.337999
1558260000000,0.3402,0.3415,0.3323,0.3326,123195.31,41666.46,0.337003
1558267200000,0.3332,0.335,0.3258,0.3274,237347.14,78146.9,0.330411
1558274400000,0.3274,0.3308,0.3238,0.3283,295238.31,96530.46,0.327298
1558281600000,0.3283,0.333,0.3252,0.3323,200042.75,65710.04,0.329016
1558288800000,0.3312,0.3347,0.3308,0.3328,214034.4,71267.81,0.332783
1558296000000,0.3335,0.3361,0.3311,0.3349,110907.31,36962.72,0.333588
1558303200000,0.3349,0.3381,0.3334,0.3366,493327.87,165672.29,0.33575
1558310400000,0.3351,0.3358,0.315,0.3233,378638.5,122530.19,0.325068
1558317600000,0.3239,0.3259,0.3187,0.3242,92061.25,29568.76,0.322299
1558324800000,0.3265,0.3278,0.3214,0.3225,56087.59,18154.72,0.324611
1558332000000,0.323,0.3238,0.3176,0.318,101577.75,32548.68,0.320739
1558339200000,0.3188,0.3205,0.3161,0.3201,44587.32,14164.33,0.318274
1558346400000,0.3192,0.3219,0.3162,0.3167,62860.84,20043.2,0.319106
1558353600000,0.3171,0.3187,0.3034,0.313,360284.46,111779.55,0.310977
1558360800000,0.3127,0.32,0.3124,0.32,67118.09,21209.82,0.316155
1558368000000,0.3206,0.3253,0.3139,0.3151,190533.42,60868.82,0.319708
1558375200000,0.3149,0.3177,0.3117,0.3164,72741.31,22851.74,0.314685
1558382400000,0.3171,0.3246,0.3161,0.3194,285646.45,91561.36,0.320389
1558389600000,0.3192,0.3214,0.3147,0.3174,178639.11,56730.75,0.318045
1558396800000,0.3172,0.3193,0.3152,0.3163,132891.14,42133.89,0.317256
1558404000000,0.3165,0.3165,0.3079,0.3123,628896.38,195451.54,0.312061
1558411200000,0.3115,0.3178,0.3095,0.3169,180438.99,56652.92,0.313585
1558418400000,0.3174,0.3232,0.3149,0.3209,364709.36,116465.1,0.319045
1558425600000,0.3208,0.3243,0.3201,0.3207,182376.1,58772.1,0.3222
1558432800000,0.3216,0.3216,0.3143,0.3165,138256.76,43828.32,0.317797
1558440000000,0.3183,0.3196,0.3143,0.3156,140553.37,44528.69,0.31695
1558447200000,0.3172,0.3214,0.3161,0.3208,200863.76,63948.83,0.318717
1558454400000,0.3199,0.3267,0.3188,0.3266,220955.44,71372.37,0.32264
1558461600000,0.3257,0.3279,0.3242,0.3264,178110.45,58155.29,0.32605
1558468800000,0.3269,0.3325,0.3268,0.331,234095.04,77274.26,0.329754
1558476000000,0.3304,0.3326,0.3287,0.3308,145952.03,48303.33,0.33065
1558483200000,0.3308,0.3332,0.3285,0.3318,141369.06,46797.25,0.330845
1558490400000,0.3318,0.3362,0.3316,0.3343,135387.03,45238.32,0.333968
1558497600000,0.3334,0.3346,0.3308,0.3331,48224.09,16058.84,0.332699
1558504800000,0.3331,0.3335,0.3294,0.3294,58435.08,19350.81,0.331501
1558512000000,0.331,0.3333,0.3288,0.3288,113927.57,37655.74,0.331123
1558519200000,0.3288,0.3288,0.316,0.3178,268967.12,86771.49,0.322196
1558526400000,0.3178,0.3227,0.3177,0.3204,155331.65,49593.29,0.32028
1558533600000,0.3204,0.33,0.3187,0.324,191886.45,61860.2,0.324406
1558540800000,0.324,0.3258,0.3187,0.3216,78265.15,25139.55,0.322234
1558548000000,0.3206,0.3256,0.3189,0.3252,86328.55,27750.67,0.322163
1558555200000,0.3251,0.3252,0.3022,0.3041,631240.8,197768.62,0.313463
1558562400000,0.3036,0.308,0.2978,0.3026,219258.7,66518.45,0.3029
1558569600000,0.3026,0.3055,0.2986,0.303,283445.14,85666.66,0.302049
1558576800000,0.3031,0.3041,0.3009,0.3035,93790.19,28404.1,0.302497
1558584000000,0.3044,0.3066,0.2996,0.3019,105792.89,32147.93,0.303098
1558591200000,0.3008,0.3012,0.2975,0.299,117915.6,35276.0,0.299315
1558598400000,0.2988,0.2999,0.2918,0.297,289269.8,85195.63,0.295824
1558605600000,0.297,0.3021,0.2964,0.2979,110016.15,32822.42,0.299261
1558612800000,0.2979,0.3047,0.2968,0.3039,79596.22,23922.75,0.300725
1558620000000,0.3026,0.306,0.3024,0.3024,570674.66,173347.37,0.304201
1558627200000,0.3038,0.3064,0.3011,0.3019,66278.14,20082.84,0.30378
1558634400000,0.3019,0.3023,0.3,0.3008,80526.85,24206.74,0.301138
1558641600000,0.3017,0.31,0.3012,0.3087,177500.54,54291.92,0.305675
1558648800000,0.3087,0.3151,0.3063,0.313,317360.1,98897.35,0.31069
1558656000000,0.313,0.3192,0.312,0.3134,163391.57,51481.17,0.315602
1558663200000,0.3133,0.314,0.3061,0.3118,142485.83,44230.5,0.310027
1558670400000,0.3118,0.3118,0.3078,0.3108,23466.62,7277.45,0.309776
1558677600000,0.3098,0.3176,0.3098,0.3142,73372.58,23041.79,0.313847
1558684800000,0.3149,0.341,0.3149,0.3183,549959.37,179594.38,0.327998
1558692000000,0.3184,0.3191,0.3147,0.3165,135686.32,43028.12,0.316873
1558699200000,0.3167,0.3187,0.3157,0.3158,71465.19,22673.35,0.317222
1558706400000,0.3157,0.3179,0.3138,0.3148,99986.26,31532.19,0.315857
1558713600000,0.3148,0.3175,0.3121,0.3142,204961.76,64423.76,0.314801
1558720800000,0.3133,0.3144,0.3101,0.3133,192442.39,60133.05,0.31225
1558728000000,0.3132,0.3161,0.3128,0.3147,157922.45,49673.75,0.314477
1558735200000,0.3134,0.3174,0.3106,0.3144,111092.87,34899.14,0.314001
1558742400000,0.3143,0.316,0.3116,0.3151,48161.1,15129.8,0.313793
1558749600000,0.3151,0.316,0.3141,0.3147,15126.07,4769.32,0.315052
1558756800000,0.3148,0.3156,0.3125,0.3125,35222.43,11061.81,0.314114
1558764000000,0.313,0.3152,0.3126,0.3146,30119.93,9454.38,0.31391
1558771200000,0.3146,0.3162,0.3136,0.3161,117425.1,36998.11,0.314859
1558778400000,0.3163,0.3165,0.3132,0.3132,42792.78,13472.11,0.314878
1558785600000,0.3141,0.315,0.3109,0.3149,113942.44,35660.99,0.312935
1558792800000,0.3151,0.319,0.313,0.3188,149498.73,47282.06,0.3159
1558800000000,0.3192,0.3194,0.3149,0.3162,44598.04,14135.38,0.317081
1558807200000,0.3164,0.3177,0.3122,0.3155,118043.65,37134.31,0.314943
1558814400000,0.316,0.3189,0.3159,0.3185,135474.76,43064.98,0.317432
1558821600000,0.3175,0.3235,0.317,0.3216,197331.42,63019.42,0.320327
1558828800000,0.3231,0.3231,0.3194,0.3203,159056.81,51031.77,0.321175
1558836000000,0.3205,0.3223,0.3183,0.3188,123179.95,39475.7,0.320331
1558843200000,0.3184,0.3193,0.3155,0.3165,28063.25,8914.56,0.317397
1558850400000,0.3165,0.3227,0.3139,0.3211,193852.84,61588.76,0.318263
1558857600000,0.322,0.3232,0.3198,0.3208,41565.2,13371.46,0.321503
1558864800000,0.32,0.32,0.3104,0.3114,69376.72,21820.62,0.315075
1558872000000,0.3107,0.3159,0.3088,0.3159,58635.91,18301.41,0.312203
1558879200000,0.3153,0.3157,0.3135,0.3142,55432.62,17440.69,0.31459
1558886400000,0.3141,0.315,0.3126,0.314,19474.09,6113.01,0.3138
1558893600000,0.3137,0.3224,0.3126,0.3211,168475.81,53435.57,0.317517
1558900800000,0.3211,0.329,0.3179,0.3281,278259.73,90049.63,0.323323
1558908000000,0.328,0.3288,0.3243,0.3247,207191.31,67683.76,0.326581
1558915200000,0.3247,0.3319,0.3239,0.3311,250354.86,82347.73,0.3279
1558922400000,0.3311,0.3311,0.3261,0.3305,56145.18,18446.56,0.328592
1558929600000,0.3303,0.331,0.3271,0.3283,39881.0,13107.98,0.329032
1558936800000,0.3283,0.3304,0.3276,0.3289,50241.74,16533.33,0.329005
1558944000000,0.3287,0.3308,0.3279,0.33,68325.15,22484.06,0.32935
1558951200000,0.33,0.3325,0.3285,0.3291,125110.1,41386.61,0.330512
1558958400000,0.3306,0.3327,0.3282,0.3317,184934.82,61281.73,0.330439
1558965600000,0.3315,0.334,0.3296,0.3323,168673.4,55989.23,0.331799
1558972800000,0.3322,0.3398,0.3222,0.3242,656143.63,216799.36,0.331153
1558980000000,0.3242,0.3317,0.3242,0.3315,78572.8,25855.68,0.327981
1558987200000,0.3318,0.3374,0.3273,0.3344,156751.78,52018.96,0.332337
1558994400000,0.3345,0.3381,0.3301,0.3354,186591.37,62109.14,0.334097
1559001600000,0.3358,0.3396,0.3312,0.3375,202401.23,68156.89,0.335387
1559008800000,0.3375,0.3402,0.3362,0.3376,205027.39,69273.03,0.3382
1559016000000,0.3375,0.3405,0.3368,0.3385,298155.15,101049.23,0.338662
1559023200000,0.3383,0.3399,0.3341,0.3359,133995.69,45094.48,0.336996
1559030400000,0.3359,0.3366,0.3335,0.3364,59534.36,19942.78,0.335043
1559037600000,0.3351,0.3359,0.3333,0.3348,53838.78,17983.64,0.334599
1559044800000,0.3347,0.3364,0.3269,0.329,146168.17,48480.13,0.33163
1559052000000,0.3301,0.3403,0.3292,0.3354,116350.52,38779.88,0.334871
1559059200000,0.3343,0.3366,0.3311,0.3338,172237.53,57458.82,0.33385
1559066400000,0.3327,0.3354,0.3305,0.3318,106168.03,35385.27,0.332956
1559073600000,0.3321,0.3354,0.3312,0.3354,60030.03,20041.24,0.333218
1559080800000,0.3349,0.3368,0.3331,0.3356,156947.2,52527.0,0.334947
1559088000000,0.3356,0.3398,0.3332,0.3368,205460.25,69394.43,0.336503
1559095200000,0.3373,0.3387,0.3336,0.3336,63880.69,21440.97,0.336256
1559102400000,0.3351,0.3351,0.3221,0.3242,361752.55,119070.12,0.328376
1559109600000,0.3227,0.3312,0.3227,0.3312,124102.62,40683.61,0.32695
1559116800000,0.3304,0.3325,0.3282,0.3319,36675.06,12127.44,0.330325
1559124000000,0.3317,0.334,0.3308,0.3308,58623.65,19504.14,0.332423
1559131200000,0.3308,0.3372,0.3299,0.3361,117830.69,39318.69,0.333565
1559138400000,0.3353,0.35,0.3332,0.3463,841559.61,289174.5,0.341696
1559145600000,0.3469,0.3503,0.34,0.3491,548889.04,189577.17,0.345117
1559152800000,0.3483,0.3579,0.3481,0.3521,389003.96,137183.89,0.353109
1559160000000,0.3522,0.3535,0.3432,0.3453,206470.03,71551.72,0.348299
1559167200000,0.3463,0.3474,0.341,0.3426,165739.97,57080.82,0.344177
1559174400000,0.3431,0.3483,0.3395,0.3407,211461.12,72686.54,0.343938
1559181600000,0.341,0.3499,0.3389,0.3484,231065.16,79957.82,0.344362
1559188800000,0.3485,0.355,0.3472,0.3494,448179.47,157674.85,0.351107
1559196000000,0.3511,0.3534,0.3494,0.3514,85067.9,29949.65,0.3514
1559203200000,0.3504,0.3524,0.3485,0.3489,94926.85,33200.98,0.350481
1559210400000,0.3493,0.3532,0.349,0.3518,219121.24,76876.96,0.351153
1559217600000,0.3516,0.362,0.3491,0.3605,632996.44,224979.16,0.355482
1559224800000,0.3617,0.372,0.3601,0.3621,925860.44,340017.03,0.366051
1559232000000,0.3627,0.3644,0.333,0.3415,1169117.75,403920.0,0.348263
1559239200000,0.3394,0.3443,0.3377,0.3428,373213.15,127196.71,0.340993
1559246400000,0.3421,0.3421,0.3102,0.3184,968788.41,313011.91,0.325494
1559253600000,0.3182,0.326,0.3182,0.3239,198663.59,64005.78,0.322262
1559260800000,0.3235,0.3292,0.3229,0.3273,72005.2,23524.03,0.326115
1559268000000,0.3271,0.3279,0.3197,0.3212,176146.71,56995.24,0.323748
1559275200000,0.3219,0.3231,0.3136,0.32,124816.96,39686.06,0.318324
1559282400000,0.32,0.3231,0.3193,0.3231,76117.46,24403.75,0.32113
1559289600000,0.3234,0.3255,0.3223,0.3247,73835.5,23913.25,0.323894
1559296800000,0.3244,0.3263,0.3224,0.3244,59749.08,19373.31,0.32435
1559304000000,0.3239,0.3333,0.3232,0.3333,113106.61,37214.8,0.328153
1559311200000,0.3333,0.3366,0.329,0.3292,138247.58,46037.56,0.332922
1559318400000,0.3294,0.335,0.3274,0.3326,104959.4,34903.53,0.331209
1559325600000,0.3327,0.3375,0.3326,0.3375,153061.16,51342.94,0.335034
1559332800000,0.3377,0.3443,0.3364,0.3421,139263.37,47304.27,0.340388
1559340000000,0.3419,0.3434,0.3373,0.3425,114018.82,38933.94,0.340346
1559347200000,0.343,0.345,0.3401,0.3429,91348.15,31285.57,0.34255
1559354400000,0.3411,0.3419,0.3378,0.3381,119027.96,40558.13,0.339889
1559361600000,0.3383,0.3394,0.334,0.3356,88077.37,29684.5,0.336683
1559368800000,0.3344,0.3391,0.3307,0.3391,94800.93,31711.76,0.334743
1559376000000,0.3371,0.3415,0.3371,0.3404,61163.71,20772.35,0.33939
1559383200000,0.3401,0.3404,0.3372,0.3383,80674.37,27320.09,0.338766
1559390400000,0.3382,0.3387,0.3354,0.3369,76990.03,25972.34,0.33703
1559397600000,0.3365,0.338,0.3315,0.3362,113902.55,38054.14,0.334749
1559404800000,0.3374,0.34,0.3367,0.3378,178458.8,60511.06,0.338353
1559412000000,0.3388,0.3388,0.3362,0.3384,123013.57,41447.9,0.337493
1559419200000,0.3386,0.3397,0.3368,0.3368,52102.92,17643.47,0.338309
1559426400000,0.3381,0.3381,0.3317,0.3331,61420.1,20532.38,0.334774
1559433600000,0.3348,0.3374,0.3327,0.3358,25449.79,8530.56,0.335047
1559440800000,0.3358,0.3363,0.3319,0.3338,47826.54,15962.24,0.334062
1559448000000,0.3323,0.3348,0.3319,0.3347,17445.15,5806.22,0.333319
1559455200000,0.3336,0.3374,0.3332,0.335,56362.56,18904.28,0.335329
1559462400000,0.3352,0.3386,0.3315,0.3374,276767.5,92963.87,0.335019
1559469600000,0.3356,0.3382,0.3348,0.3371,67902.7,22845.18,0.336508
1559476800000,0.3386,0.3392,0.3323,0.3355,195385.76,65684.11,0.335681
1559484000000,0.3355,0.3385,0.335,0.3367,268207.08,90541.6,0.33677
1559491200000,0.3376,0.3391,0.335,0.3364,151156.43,51016.61,0.337051
1559498400000,0.3364,0.3391,0.3353,0.3376,78436.59,26512.96,0.337205
1559505600000,0.3385,0.3398,0.3379,0.3381,41499.97,14070.86,0.338856
1559512800000,0.339,0.3419,0.3376,0.3405,187342.0,63714.79,0.33975
1559520000000,0.3407,0.3417,0.3378,0.3414,172170.52,58494.0,0.339739
1559527200000,0.3406,0.3428,0.3396,0.341,199478.09,68147.71,0.341202
1559534400000,0.3421,0.3444,0.3382,0.3386,239284.76,81584.68,0.341382
1559541600000,0.3401,0.3415,0.3228,0.3365,497855.11,165268.67,0.332092
1559548800000,0.3355,0.3402,0.3315,0.3336,126047.8,42208.46,0.335866
1559556000000,0.3324,0.337,0.3323,0.3353,61110.39,20476.89,0.334734
1559563200000,0.3348,0.3368,0.3315,0.3329,69291.01,23173.68,0.33416
1559570400000,0.3319,0.3338,0.3263,0.3307,147359.86,48420.06,0.330042
1559577600000,0.3318,0.336,0.3297,0.3351,99212.77,33055.83,0.332806
1559584800000,0.3337,0.3376,0.3337,0.3354,43075.82,14463.53,0.335705
1559592000000,0.3354,0.3358,0.3297,0.3318,69658.45,23107.31,0.332669
1559599200000,0.3319,0.3319,0.3118,0.3169,292829.02,94017.52,0.321438
1559606400000,0.3152,0.3158,0.3018,0.3116,388665.05,119783.61,0.308723
1559613600000,0.3101,0.313,0.3062,0.3062,127678.53,39701.41,0.30973
1559620800000,0.3057,0.3116,0.3054,0.3085,65032.39,20060.96,0.308575
1559628000000,0.3085,0.3091,0.3019,0.306,136806.95,41719.98,0.305446
1559635200000,0.3079,0.3114,0.3056,0.3108,43968.04,13522.13,0.308443
1559642400000,0.3107,0.3128,0.3096,0.3103,65621.85,20374.76,0.311203
1559649600000,0.3125,0.319,0.3098,0.319,305202.11,95972.1,0.314208
1559656800000,0.3188,0.3207,0.3145,0.317,106856.7,33929.92,0.317594
1559664000000,0.316,0.3181,0.3,0.3,247937.84,77135.06,0.309305
1559671200000,0.3009,0.3063,0.2945,0.2978,230572.77,69076.3,0.300418
1559678400000,0.2973,0.3013,0.2934,0.2934,101903.6,30396.36,0.29748
1559685600000,0.2932,0.304,0.2928,0.3038,66805.22,19963.96,0.298371
1559692800000,0.3035,0.3075,0.3023,0.3038,84742.16,25767.97,0.304901
1559700000000,0.3038,0.309,0.303,0.305,119049.08,36228.46,0.306016
1559707200000,0.3066,0.3066,0.3018,0.3026,44957.12,13653.86,0.304116
1559714400000,0.3018,0.308,0.3007,0.3071,83029.78,25257.44,0.304335
1559721600000,0.3061,0.3082,0.3047,0.3064,30941.82,9468.71,0.30645
1559728800000,0.3075,0.31,0.3056,0.3056,44255.83,13634.01,0.307861
1559736000000,0.3061,0.3109,0.3047,0.3109,92680.36,28550.2,0.307677
1559743200000,0.311,0.3147,0.3057,0.3063,323220.9,100538.22,0.310313
1559750400000,0.3081,0.3149,0.307,0.3135,89258.25,27870.74,0.31097
1559757600000,0.3135,0.3182,0.3127,0.3164,72276.45,22783.34,0.315487
1559764800000,0.3171,0.3201,0.3091,0.3136,105440.59,33103.06,0.314581
1559772000000,0.3123,0.3162,0.3123,0.3143,14744.16,4632.47,0.314317
1559779200000,0.3133,0.3209,0.3133,0.3209,64580.42,20510.35,0.3171
1559786400000,0.321,0.326,0.3195,0.3254,167849.42,54256.98,0.322692
1559793600000,0.3253,0.3277,0.3225,0.3268,265656.88,86581.95,0.32508
1559800800000,0.3274,0.33,0.3222,0.3237,276597.73,90514.07,0.326133
1559808000000,0.3237,0.325,0.321,0.3212,55407.13,17940.05,0.32306
1559815200000,0.3214,0.3247,0.3201,0.3245,97452.2,31452.0,0.32233
1559822400000,0.3246,0.3246,0.3144,0.3157,179654.52,56967.01,0.319347
1559829600000,0.316,0.3173,0.3119,0.3153,209040.23,65810.29,0.314596
1559836800000,0.3163,0.3165,0.3117,0.3127,91020.64,28615.2,0.314035
1559844000000,0.3125,0.3125,0.3057,0.3102,100866.9,31148.18,0.309034
1559851200000,0.3092,0.3175,0.3087,0.3168,65971.84,20742.12,0.313123
1559858400000,0.3172,0.3228,0.3144,0.3205,148839.83,47601.55,0.31859
1559865600000,0.3212,0.3223,0.3184,0.3185,39897.7,12769.2,0.320418
1559872800000,0.3194,0.3205,0.3177,0.3193,84426.55,26896.45,0.3191
1559880000000,0.3204,0.3204,0.3169,0.3181,126719.72,40473.8,0.318577
1559887200000,0.3193,0.3241,0.3193,0.3234,115499.66,37155.5,0.321778
1559894400000,0.3238,0.3261,0.3224,0.3234,209769.27,68005.35,0.324252
1559901600000,0.3237,0.3252,0.3234,0.3244,37644.47,12218.7,0.32431
1559908800000,0.325,0.3265,0.3234,0.325,56774.6,18435.28,0.32495
1559916000000,0.3253,0.3269,0.3244,0.326,138169.33,44894.42,0.32565
1559923200000,0.326,0.3362,0.3259,0.3359,186093.98,61445.14,0.33108
1559930400000,0.3355,0.339,0.3294,0.3294,175654.92,58958.88,0.334396
1559937600000,0.3294,0.3294,0.3294,0.3294,0.0,0.0,
1559944800000,0.3299,0.335,0.3299,0.3326,52961.36,17604.81,0.33254
1559952000000,0.3329,0.3379,0.3317,0.3379,164887.43,55358.4,0.334684
1559959200000,0.3369,0.3559,0.336,0.3408,1211288.27,422382.81,0.346019
1559966400000,0.3408,0.3602,0.3393,0.3547,1218527.34,429238.64,0.349999
1559973600000,0.3531,0.375,0.3489,0.3525,1474146.61,532608.37,0.361951
1559980800000,0.3519,0.3533,0.3479,0.3524,292408.93,102505.76,0.350597
1559988000000,0.3527,0.3545,0.3459,0.35,278465.85,97489.52,0.350171
1559995200000,0.3506,0.351,0.3443,0.3472,240830.42,83516.51,0.347564
1560002400000,0.347,0.347,0.333,0.3361,697468.55,236052.88,0.339723
1560009600000,0.3361,0.3366,0.329,0.3301,239779.24,79371.61,0.332745
1560016800000,0.3315,0.3329,0.3302,0.3302,65240.68,21625.79,0.331593
1560024000000,0.3315,0.3361,0.3315,0.3348,62582.38,20929.15,0.333896
1560031200000,0.3349,0.3366,0.334,0.3355,83242.9,27941.48,0.335301
1560038400000,0.3365,0.3379,0.33,0.3304,159649.98,53213.7,0.334038
1560045600000,0.3301,0.3311,0.3282,0.3301,169539.19,55771.61,0.32965
1560052800000,0.33,0.3315,0.3289,0.3305,62076.17,20504.3,0.3302
1560060000000,0.3312,0.3326,0.3291,0.3322,145984.01,48342.16,0.330832
1560067200000,0.3322,0.335,0.3287,0.332,366940.26,122024.58,0.33185
1560074400000,0.3325,0.3333,0.331,0.332,78541.96,26086.02,0.332149
1560081600000,0.3318,0.3318,0.3232,0.3252,271121.88,88469.12,0.327327
1560088800000,0.3248,0.325,0.3215,0.3222,141616.42,45869.19,0.32321
1560096000000,0.3227,0.3227,0.3116,0.3157,275972.15,87261.53,0.316924
1560103200000,0.3156,0.319,0.3142,0.3176,137045.52,43325.71,0.3166
1560110400000,0.3176,0.3182,0.3116,0.3119,71838.73,22570.17,0.314934
1560117600000,0.3116,0.314,0.3088,0.3132,132657.17,41229.96,0.311376
1560124800000,0.3124,0.3148,0.3104,0.3129,123629.61,38593.66,0.3126
1560132000000,0.3136,0.3168,0.312,0.3155,108475.86,34120.08,0.314394
1560139200000,0.3155,0.3213,0.3138,0.3203,243355.01,77354.75,0.31751
1560146400000,0.3203,0.3264,0.3202,0.3256,105951.52,34390.32,0.323378
1560153600000,0.3259,0.3263,0.3225,0.3226,108107.3,35125.48,0.324435
1560160800000,0.3236,0.3301,0.3203,0.3283,213247.76,69289.96,0.325154
1560168000000,0.3293,0.3326,0.3266,0.3294,214824.28,70794.23,0.3296
1560175200000,0.3294,0.3304,0.3269,0.3287,91720.42,30157.78,0.328646
1560182400000,0.33,0.3307,0.3259,0.3282,132000.29,43323.79,0.328271
1560189600000,0.3282,0.33,0.3265,0.3295,59465.51,19584.52,0.328229
1560196800000,0.3295,0.3302,0.3244,0.3266,53946.4,17589.01,0.32725
1560204000000,0.3266,0.3286,0.3237,0.3279,125174.68,40927.97,0.32613
1560211200000,0.3293,0.3296,0.3245,0.3257,37402.92,12213.91,0.326986
1560218400000,0.3251,0.326,0.3226,0.3244,67887.26,22013.22,0.324295
1560225600000,0.3242,0.3247,0.3205,0.3228,44229.33,14239.87,0.322574
1560232800000,0.3227,0.3231,0.3214,0.3225,34842.42,11208.66,0.322249
1560240000000,0.3219,0.3251,0.3214,0.3229,126391.24,40771.91,0.323266
1560247200000,0.3221,0.3232,0.3144,0.3164,194731.77,61802.93,0.318747
1560254400000,0.316,0.3183,0.3155,0.3181,54877.29,17374.88,0.316875
1560261600000,0.3181,0.3189,0.3162,0.3189,63431.28,20120.73,0.317529
1560268800000,0.3187,0.3246,0.3166,0.3236,154404.75,49694.19,0.320543
1560276000000,0.3236,0.3247,0.3225,0.3235,111218.97,35965.4,0.3236
1560283200000,0.3238,0.3265,0.3227,0.3236,126625.64,41104.31,0.324601
1560290400000,0.3237,0.3253,0.3229,0.3244,27371.15,8860.65,0.324101
1560297600000,0.3246,0.325,0.3195,0.3235,70339.26,22623.51,0.322232
1560304800000,0.3237,0.3286,0.3235,0.3254,70668.28,23034.17,0.326093
1560312000000,0.3256,0.3265,0.3235,0.3249,40051.49,13005.73,0.324997
1560319200000,0.3249,0.3269,0.3243,0.3256,55441.13,18027.39,0.325606
1560326400000,0.3255,0.3255,0.3217,0.3234,31119.71,10083.81,0.32353
1560333600000,0.3228,0.3266,0.3226,0.3251,53613.65,17377.34,0.324659
1560340800000,0.3262,0.3272,0.325,0.3262,48189.14,15715.29,0.3261
1560348000000,0.3265,0.3321,0.324,0.3305,236680.61,77839.05,0.328021
1560355200000,0.3311,0.3338,0.329,0.3307,219391.76,72711.01,0.331401
1560362400000,0.332,0.3329,0.331,0.3321,48182.98,15984.8,0.33195
1560369600000,0.3313,0.3313,0.3283,0.3294,137112.53,45152.32,0.329739
1560376800000,0.3312,0.3327,0.3296,0.3316,32812.4,10843.91,0.331149
1560384000000,0.3316,0.333,0.3296,0.3312,34316.47,11369.84,0.3313
1560391200000,0.3312,0.3322,0.3281,0.3288,33793.92,11153.38,0.330164
1560398400000,0.3289,0.3301,0.3275,0.3289,94160.09,30919.45,0.3288
1560405600000,0.3292,0.3299,0.3269,0.3286,76648.04,25179.4,0.328395
1560412800000,0.329,0.3298,0.3281,0.3283,35216.4,11580.46,0.328963
1560420000000,0.3285,0.331,0.3284,0.3305,57581.34,18986.74,0.329735
1560427200000,0.3301,0.3311,0.3261,0.3293,79822.51,26199.84,0.328593
1560434400000,0.3293,0.3324,0.3286,0.3307,81296.93,26865.42,0.330518
1560441600000,0.3307,0.3313,0.3284,0.3309,159099.72,52549.04,0.329849
1560448800000,0.3302,0.3316,0.3265,0.3273,117341.93,38529.5,0.329076
1560456000000,0.3278,0.3289,0.3268,0.3287,46230.99,15171.05,0.327831
1560463200000,0.3287,0.3291,0.3231,0.3237,167835.4,54644.5,0.326079
1560470400000,0.3237,0.3325,0.3236,0.3244,153267.59,50224.42,0.328056
1560477600000,0.3239,0.3267,0.3233,0.3237,19666.68,6376.73,0.325001
1560484800000,0.3233,0.3267,0.3232,0.3255,50028.1,16266.9,0.32501
1560492000000,0.3262,0.3262,0.3233,0.3256,84557.52,27409.89,0.324738
1560499200000,0.3257,0.3257,0.3204,0.3218,188050.03,60612.25,0.32294
1560506400000,0.322,0.322,0.3184,0.3194,95636.36,30593.46,0.320125
1560513600000,0.3183,0.321,0.3135,0.3169,172739.74,54767.58,0.317247
1560520800000,0.3173,0.3215,0.3156,0.3172,149967.45,47740.22,0.31855
1560528000000,0.3179,0.3179,0.314,0.3152,68977.59,21746.09,0.315868
1560535200000,0.3152,0.3223,0.3152,0.3218,82490.65,26297.65,0.318819
1560542400000,0.3213,0.333,0.3213,0.3321,234358.81,77151.12,0.327272
1560549600000,0.3316,0.3441,0.3298,0.3344,339996.58,114369.87,0.336988
1560556800000,0.335,0.336,0.3315,0.3342,150173.56,50175.32,0.333743
1560564000000,0.3342,0.3429,0.3336,0.3428,188963.16,64071.75,0.338182
1560571200000,0.3427,0.3427,0.341,0.3425,157197.65,53781.75,0.341847
1560578400000,0.3424,0.3424,0.3336,0.3405,143650.93,48649.84,0.337959
1560585600000,0.3405,0.3415,0.3356,0.3361,58913.44,19878.28,0.33859
1560592800000,0.3361,0.3376,0.3352,0.3362,58180.23,19543.99,0.3364
1560600000000,0.3362,0.3362,0.3333,0.3353,88935.89,29786.58,0.334725
1560607200000,0.3355,0.3542,0.3349,0.3533,298890.72,103363.39,0.344591
1560614400000,0.3527,0.3688,0.3491,0.3626,1469409.4,526147.25,0.359038
1560621600000,0.363,0.3649,0.3544,0.3551,482970.4,172787.52,0.359749
1560628800000,0.3561,0.358,0.3556,0.358,540703.05,192549.34,0.356754
1560636000000,0.358,0.3628,0.3558,0.3571,290212.73,104364.3,0.359307
1560643200000,0.3565,0.3589,0.3501,0.3545,247153.33,87590.35,0.354487
1560650400000,0.3545,0.357,0.3525,0.3553,147208.17,52160.26,0.354749
1560657600000,0.3555,0.3611,0.3524,0.3584,442721.52,158341.78,0.356744
1560664800000,0.3582,0.3596,0.3091,0.3528,881354.95,299929.45,0.334289
1560672000000,0.3541,0.3583,0.3459,0.3492,157394.57,55098.3,0.352118
1560679200000,0.3489,0.3505,0.3425,0.3455,85796.97,29628.91,0.346467
1560686400000,0.3457,0.3485,0.3427,0.3458,70234.15,24261.65,0.3456
1560693600000,0.3479,0.3483,0.3425,0.3461,76980.98,26592.9,0.345361
1560700800000,0.3461,0.3514,0.3434,0.3462,127570.11,44372.86,0.3474
1560708000000,0.3456,0.347,0.3413,0.3447,63529.6,21908.75,0.344144
1560715200000,0.3447,0.348,0.3411,0.348,165227.94,56860.29,0.344441
1560722400000,0.348,0.3508,0.3462,0.3473,94752.93,33042.55,0.348505
1560729600000,0.3471,0.3542,0.3471,0.3533,95659.35,33650.01,0.350756
1560736800000,0.3533,0.354,0.3501,0.3525,82431.32,29023.67,0.352041
1560744000000,0.3525,0.3532,0.3495,0.3495,86889.07,30489.62,0.351419
1560751200000,0.3501,0.3519,0.3488,0.351,151801.39,53192.77,0.350346
1560758400000,0.3519,0.3521,0.3495,0.351,66521.48,23349.56,0.35078
1560765600000,0.351,0.3527,0.3491,0.35,101767.19,35678.73,0.350908
1560772800000,0.35,0.3523,0.3492,0.3514,95430.94,33473.92,0.350753
1560780000000,0.3504,0.3547,0.3464,0.3491,156493.02,54947.45,0.350555
1560787200000,0.3499,0.35,0.3465,0.3496,82846.99,28902.58,0.348247
1560794400000,0.3492,0.3511,0.3469,0.3477,73513.44,25711.97,0.349018
1560801600000,0.3472,0.3496,0.3448,0.3456,378840.86,130984.56,0.347223
1560808800000,0.3464,0.3485,0.3424,0.3447,382148.52,131791.57,0.345448
1560816000000,0.3447,0.3507,0.3442,0.3469,219328.44,76145.45,0.347499
1560823200000,0.3469,0.3535,0.3461,0.3521,244575.34,85760.39,0.349842
1560830400000,0.352,0.3555,0.3471,0.3496,225252.32,79233.05,0.35131
1560837600000,0.3506,0.3515,0.3415,0.3445,244872.13,85042.66,0.346392
1560844800000,0.3445,0.3483,0.342,0.348,88044.32,30406.45,0.345058
1560852000000,0.3474,0.3485,0.3437,0.344,166330.07,57581.77,0.346157
1560859200000,0.3439,0.3484,0.3432,0.3462,83278.69,28780.52,0.345839
1560866400000,0.3482,0.3482,0.3416,0.3444,81147.41,27930.13,0.344773
1560873600000,0.3445,0.3445,0.3364,0.3384,204992.65,69529.15,0.340285
1560880800000,0.3384,0.3388,0.3364,0.3368,77636.02,26262.53,0.3376
1560888000000,0.3368,0.3387,0.334,0.3353,115163.57,38657.52,0.336358
1560895200000,0.3349,0.3383,0.3338,0.3366,100209.55,33630.14,0.336061
1560902400000,0.3373,0.3395,0.3349,0.338,89389.12,30139.07,0.337197
1560909600000,0.3384,0.3394,0.3375,0.3394,65901.3,22324.9,0.338417
1560916800000,0.3399,0.3406,0.3387,0.3404,72009.07,24470.3,0.339641
1560924000000,0.3404,0.342,0.3401,0.342,101509.84,34601.82,0.341018
1560931200000,0.342,0.3479,0.3407,0.345,379288.23,130543.36,0.344336
1560938400000,0.3457,0.3462,0.3444,0.3445,87303.02,30134.31,0.345325
1560945600000,0.346,0.346,0.3413,0.3431,100078.35,34333.25,0.343555
1560952800000,0.3422,0.3435,0.3403,0.3415,89566.14,30584.11,0.341901
1560960000000,0.3415,0.345,0.341,0.344,115272.94,39452.31,0.343027
1560967200000,0.345,0.345,0.341,0.3424,60167.82,20639.48,0.342917
1560974400000,0.3431,0.3431,0.3401,0.342,38803.67,13253.58,0.341567
1560981600000,0.3422,0.3423,0.339,0.3398,115560.13,39342.75,0.340597
1560988800000,0.3398,0.3408,0.3381,0.3391,129030.47,43777.18,0.33945
1560996000000,0.3385,0.3413,0.3373,0.3377,51707.58,17544.75,0.339312
1561003200000,0.3377,0.3386,0.3366,0.3367,40023.75,13508.24,0.337627
1561010400000,0.3376,0.3378,0.3324,0.3334,228607.75,76398.54,0.335029
1561017600000,0.3334,0.3347,0.3285,0.3302,1238432.92,409452.69,0.331586
1561024800000,0.3314,0.3321,0.328,0.3288,298793.06,98665.07,0.330044
1561032000000,0.33,0.3309,0.3284,0.3295,107817.14,35504.89,0.329649
1561039200000,0.3297,0.3303,0.3263,0.328,147640.92,48553.5,0.328274
1561046400000,0.328,0.3301,0.3261,0.3299,113418.46,37191.14,0.328049
1561053600000,0.3297,0.3303,0.3281,0.3302,167522.9,55168.28,0.32919
1561060800000,0.33,0.3336,0.3281,0.33,154483.01,50990.26,0.33085
1561068000000,0.3293,0.3306,0.3278,0.3284,48943.78,16088.79,0.329209
1561075200000,0.3292,0.3374,0.329,0.3366,207435.05,68884.26,0.333272
1561082400000,0.3364,0.3378,0.3327,0.3364,120590.96,40485.35,0.33525
1561089600000,0.3361,0.3366,0.3334,0.3347,73980.63,24757.19,0.33498
1561096800000,0.3342,0.3348,0.3316,0.3335,78858.25,26246.42,0.333192
1561104000000,0.3329,0.3349,0.3322,0.3334,56797.04,18942.65,0.333553
1561111200000,0.3339,0.3373,0.333,0.3341,61304.91,20522.12,0.335151
1561118400000,0.3341,0.3355,0.3298,0.3301,87328.45,29054.18,0.332727
1561125600000,0.33,0.3327,0.3297,0.3312,81477.71,26954.16,0.331225
1561132800000,0.3327,0.335,0.3303,0.3328,101831.75,33803.97,0.33265
1561140000000,0.3328,0.3333,0.33,0.3315,57551.16,19096.72,0.33163
1561147200000,0.3315,0.3316,0.3296,0.3297,33140.68,10946.2,0.3306
1561154400000,0.3301,0.3352,0.3297,0.3333,95141.14,31561.77,0.332519
1561161600000,0.333,0.3357,0.3298,0.3334,148725.8,49576.77,0.332749
1561168800000,0.3335,0.3373,0.3304,0.3363,303293.46,101436.72,0.333805
1561176000000,0.3365,0.3381,0.3328,0.3363,54331.67,18267.03,0.33545
1561183200000,0.3356,0.3368,0.3317,0.3334,90620.44,30289.84,0.334238
1561190400000,0.3333,0.3364,0.332,0.3341,169122.32,56540.95,0.334204
1561197600000,0.3333,0.337,0.3317,0.3327,237299.3,79476.74,0.334354
1561204800000,0.3335,0.3498,0.3306,0.3481,426941.5,145446.8,0.340099
1561212000000,0.3499,0.3526,0.3385,0.3463,522783.15,181645.22,0.345508
1561219200000,0.3486,0.3523,0.3465,0.3502,180431.06,63140.21,0.3494
1561226400000,0.3499,0.3528,0.3472,0.3528,226175.79,79286.76,0.349903
1561233600000,0.3528,0.3563,0.3483,0.3502,232038.68,81846.11,0.352322
1561240800000,0.3491,0.3506,0.3443,0.3502,130152.7,45214.65,0.347433
1561248000000,0.3502,0.3538,0.3495,0.3525,140419.27,49355.37,0.351673
1561255200000,0.3535,0.3536,0.3512,0.3522,114247.38,40205.41,0.352364
1561262400000,0.3535,0.3545,0.3513,0.3538,94988.56,33451.33,0.352898
1561269600000,0.3544,0.3546,0.35,0.3505,291233.37,102608.55,0.352267
1561276800000,0.3505,0.3523,0.3442,0.3485,131112.89,45617.28,0.348231
1561284000000,0.3485,0.3511,0.3444,0.3503,88702.72,30892.35,0.34772
1561291200000,0.3506,0.355,0.3495,0.3548,235911.86,83128.26,0.352173
1561298400000,0.355,0.3592,0.3531,0.359,178599.5,63800.52,0.356048
1561305600000,0.3589,0.3593,0.352,0.3534,148992.88,53068.3,0.355567
1561312800000,0.3544,0.3569,0.345,0.353,627853.86,219681.0,0.35094
1561320000000,0.353,0.3532,0.3452,0.3462,182153.86,63623.86,0.349112
1561327200000,0.3471,0.3494,0.3419,0.3441,159773.04,55166.49,0.345652
1561334400000,0.3441,0.3441,0.33,0.3356,318703.23,106995.62,0.33677
1561341600000,0.3362,0.339,0.3347,0.3373,82334.93,27700.07,0.336852
1561348800000,0.3376,0.342,0.3363,0.3395,94970.96,32228.55,0.339167
1561356000000,0.3393,0.3406,0.3377,0.339,171916.95,58352.7,0.33915
1561363200000,0.3395,0.3412,0.3378,0.3394,213839.43,72565.73,0.3395
1561370400000,0.3399,0.3416,0.3378,0.3401,64917.26,22037.99,0.3397
1561377600000,0.3404,0.341,0.336,0.338,32880.97,11122.32,0.338457
1561384800000,0.3386,0.3418,0.3379,0.3405,96547.54,32813.18,0.339869
1561392000000,0.3419,0.3439,0.339,0.3397,221124.44,75494.42,0.341484
1561399200000,0.3408,0.3411,0.3373,0.3379,95750.43,32482.18,0.339174
1561406400000,0.3398,0.3403,0.3367,0.3397,25024.13,8483.06,0.3385
1561413600000,0.3397,0.3405,0.3369,0.3389,48250.85,16324.94,0.338692
1561420800000,0.3389,0.343,0.3389,0.343,98116.07,33402.46,0.34095
1561428000000,0.3414,0.3465,0.3414,0.3428,129735.55,44665.53,0.343986
1561435200000,0.3426,0.3449,0.3421,0.3438,67029.37,23022.29,0.343514
1561442400000,0.344,0.344,0.3388,0.34,84730.54,28907.53,0.341296
1561449600000,0.3399,0.3419,0.3378,0.3419,95863.44,32629.27,0.339784
1561456800000,0.3419,0.3429,0.3401,0.3405,49470.64,16913.74,0.34152
1561464000000,0.3417,0.3423,0.3357,0.3397,184729.26,62505.26,0.33896
1561471200000,0.3392,0.3402,0.3375,0.3399,155917.4,52935.38,0.338838
1561478400000,0.3399,0.3427,0.3332,0.3374,235296.58,79617.07,0.337938
1561485600000,0.3373,0.3388,0.3353,0.3353,177112.93,59620.6,0.337117
1561492800000,0.3353,0.3384,0.3339,0.3342,120231.98,40359.68,0.336171
1561500000000,0.3352,0.3388,0.3326,0.3379,123087.76,41275.4,0.335658
1561507200000,0.3367,0.3381,0.3343,0.3352,145822.83,49045.18,0.33621
1561514400000,0.335,0.3397,0.3332,0.3376,145995.55,48974.09,0.336456
1561521600000,0.3392,0.3401,0.3319,0.3325,312141.43,104722.33,0.33603
1561528800000,0.3338,0.3359,0.3316,0.3324,157378.58,52542.69,0.333768
1561536000000,0.3337,0.3391,0.3321,0.337,216937.96,72661.26,0.335615
1561543200000,0.337,0.3398,0.3357,0.339,218044.82,73809.23,0.337734
1561550400000,0.3394,0.3495,0.3392,0.343,624742.21,215730.84,0.344449
1561557600000,0.343,0.346,0.3403,0.346,223351.57,76704.9,0.34305
1561564800000,0.346,0.3529,0.3431,0.3447,596997.74,208807.02,0.348012
1561572000000,0.3439,0.3478,0.335,0.3355,310546.59,106289.79,0.341605
1561579200000,0.3377,0.342,0.314,0.322,1265203.93,414428.49,0.327842
1561586400000,0.3248,0.3286,0.3204,0.326,231296.5,74974.17,0.324495
1561593600000,0.3258,0.3282,0.3151,0.3194,232747.59,74827.53,0.32159
1561600800000,0.3195,0.3222,0.3151,0.3206,120638.08,38433.13,0.318642
1561608000000,0.3202,0.323,0.3155,0.3197,147669.55,47106.91,0.319249
1561615200000,0.3196,0.3196,0.308,0.31,292148.46,91027.02,0.313593
1561622400000,0.31,0.3146,0.2955,0.3127,831135.46,252449.28,0.305018
1561629600000,0.3133,0.317,0.3083,0.3145,100253.19,31386.65,0.312644
1561636800000,0.3145,0.3152,0.3081,0.3082,82890.46,25734.75,0.311724
1561644000000,0.3083,0.3105,0.302,0.3082,227037.08,69596.21,0.30625
1561651200000,0.3091,0.3147,0.2934,0.3081,461366.49,138980.14,0.304047
1561658400000,0.307,0.3172,0.3061,0.3098,252009.48,78943.86,0.311703
1561665600000,0.3098,0.3166,0.3028,0.3134,116286.21,36126.98,0.309667
1561672800000,0.3135,0.3249,0.3133,0.3188,142446.11,45687.39,0.319262
1561680000000,0.3188,0.3209,0.3155,0.3156,106374.93,33726.33,0.318296
1561687200000,0.317,0.322,0.3156,0.322,66608.12,21245.94,0.318674
1561694400000,0.3222,0.3241,0.3185,0.3224,96089.82,30884.97,0.3213
1561701600000,0.3233,0.358,0.3224,0.3342,1211542.93,413009.37,0.340475
1561708800000,0.334,0.3403,0.3249,0.3272,608499.93,202209.36,0.332702
1561716000000,0.3282,0.3302,0.3253,0.327,126112.95,41414.4,0.327752
1561723200000,0.3263,0.329,0.321,0.3246,259391.95,84131.44,0.324995
1561730400000,0.3238,0.3281,0.3225,0.3241,151547.41,49349.66,0.325301
1561737600000,0.3248,0.3295,0.321,0.3287,163881.2,53516.09,0.325167
1561744800000,0.3287,0.332,0.3243,0.3259,157709.08,51660.07,0.328179
1561752000000,0.326,0.3273,0.3155,0.3173,145243.61,46518.22,0.321361
1561759200000,0.3178,0.3194,0.3151,0.3164,258086.86,82006.45,0.317254
1561766400000,0.3164,0.3185,0.3098,0.3098,322600.58,101745.41,0.314326
1561773600000,0.3109,0.3112,0.3036,0.3046,223247.54,68487.1,0.307327
1561780800000,0.3047,0.3082,0.3021,0.3068,202820.86,61936.16,0.305132
1561788000000,0.306,0.3198,0.3056,0.3194,282386.57,88430.05,0.3127
1561795200000,0.3194,0.3196,0.314,0.3166,122618.13,38732.05,0.31672
1561802400000,0.3149,0.3208,0.3147,0.3198,80857.96,25779.99,0.317827
1561809600000,0.3198,0.3203,0.3103,0.3118,237725.51,74683.09,0.315205
1561816800000,0.3118,0.314,0.3086,0.3132,215686.62,67188.48,0.311279
1561824000000,0.3136,0.3207,0.3104,0.3174,342618.97,108282.7,0.315552
1561831200000,0.3184,0.319,0.3146,0.3182,236248.02,74981.17,0.316799
1561838400000,0.3186,0.3196,0.3147,0.3173,129687.57,41168.73,0.317136
1561845600000,0.3173,0.3195,0.316,0.3184,159100.54,50541.24,0.317747
1561852800000,0.3191,0.3258,0.318,0.3233,495389.09,159628.19,0.321955
1561860000000,0.3233,0.328,0.3205,0.3243,198634.99,64328.15,0.324252
1561867200000,0.3243,0.3248,0.3205,0.3236,51531.76,16640.86,0.322641
1561874400000,0.3242,0.3259,0.3158,0.3168,232316.91,74282.95,0.320904
1561881600000,0.3177,0.3197,0.3134,0.318,87340.0,27636.98,0.316549
1561888800000,0.3169,0.3177,0.303,0.31,566038.28,173773.12,0.310169
1561896000000,0.3093,0.3137,0.3038,0.3076,121924.21,37818.32,0.308752
1561903200000,0.3048,0.3081,0.3,0.3059,200617.26,60996.26,0.304044
1561910400000,0.3059,0.314,0.3012,0.3108,130970.61,40504.53,0.307571
1561917600000,0.3107,0.3121,0.3081,0.3107,38135.36,11818.36,0.3101
1561924800000,0.3116,0.3129,0.3075,0.3098,86276.08,26818.52,0.310186
1561932000000,0.3083,0.3095,0.2972,0.2989,166406.42,50178.05,0.303307
1561939200000,0.2993,0.305,0.2976,0.3019,140611.02,42413.65,0.301322
1561946400000,0.302,0.3085,0.3009,0.3062,89064.96,27189.47,0.30475
1561953600000,0.3065,0.3073,0.3037,0.3039,67550.19,20627.51,0.305545
1561960800000,0.3049,0.3058,0.3015,0.3036,67246.63,20464.0,0.303636
1561968000000,0.3043,0.3109,0.3029,0.3108,174597.27,53703.51,0.306772
1561975200000,0.3108,0.3154,0.309,0.3154,101622.39,31820.34,0.312067
1561982400000,0.3143,0.3144,0.3014,0.3014,199553.59,61303.69,0.307916
1561989600000,0.3027,0.305,0.2918,0.2957,332906.64,99935.24,0.29834
1561996800000,0.2962,0.2993,0.2916,0.2949,133643.36,39491.84,0.295449
1562004000000,0.2949,0.3005,0.2933,0.2989,229011.13,68026.78,0.2969
1562011200000,0.2987,0.3098,0.2986,0.3056,134647.35,40898.77,0.304415
1562018400000,0.305,0.3113,0.3026,0.3093,192270.09,59234.72,0.306937
1562025600000,0.3096,0.3119,0.3052,0.3066,181495.87,56078.84,0.308574
1562032800000,0.305,0.3066,0.3009,0.3041,133000.6,40462.11,0.303745
1562040000000,0.3041,0.3045,0.2869,0.2869,294895.98,85954.07,0.295763
1562047200000,0.2873,0.2898,0.2851,0.2894,96949.65,27895.25,0.287403
1562054400000,0.2881,0.2955,0.2871,0.2927,117234.1,34222.04,0.291373
1562061600000,0.2928,0.2937,0.2814,0.2855,214236.54,61539.08,0.287395
1562068800000,0.2877,0.2919,0.286,0.2887,80927.96,23388.1,0.288955
1562076000000,0.2891,0.2969,0.288,0.2962,144943.87,42485.62,0.292412
1562083200000,0.2962,0.2968,0.2916,0.2968,156403.82,46072.98,0.294192
1562090400000,0.2968,0.3001,0.2933,0.297,109026.48,32280.83,0.2967
1562097600000,0.2966,0.2978,0.2922,0.2939,88006.83,25983.24,0.294985
1562104800000,0.2936,0.2976,0.2921,0.2952,35629.7,10501.87,0.29486
1562112000000,0.2953,0.2993,0.2918,0.2971,166316.36,49358.4,0.295541
1562119200000,0.2978,0.2979,0.2921,0.2956,91598.17,27074.21,0.294937
1562126400000,0.2959,0.2984,0.2943,0.2944,75425.88,22349.44,0.296392
1562133600000,0.2957,0.3004,0.2945,0.2969,134036.65,39831.57,0.297462
1562140800000,0.2967,0.2975,0.2902,0.2941,165399.26,48321.54,0.293799
1562148000000,0.2932,0.2965,0.2924,0.2965,62617.51,18424.4,0.294373
1562155200000,0.2961,0.3021,0.296,0.2999,235169.69,70490.29,0.299163
1562162400000,0.2996,0.3014,0.2984,0.2989,103576.94,31017.7,0.299909
1562169600000,0.2984,0.2984,0.2933,0.2961,92541.39,27385.92,0.295775
1562176800000,0.2947,0.3009,0.2933,0.2997,84262.56,25107.03,0.297088
1562184000000,0.2995,0.3025,0.2978,0.2993,220538.32,66132.37,0.30015
1562191200000,0.2992,0.3028,0.2954,0.3019,323977.39,96808.03,0.29905
1562198400000,0.3018,0.305,0.2974,0.3001,123674.34,37297.77,0.301203
1562205600000,0.2999,0.3002,0.2968,0.2985,40940.19,12213.76,0.298469
1562212800000,0.2986,0.2987,0.2935,0.2948,59627.82,17622.29,0.296008
1562220000000,0.2956,0.2968,0.2935,0.2935,31940.86,9415.27,0.295218
1562227200000,0.2935,0.2945,0.2871,0.2924,188080.99,54710.03,0.290788
1562234400000,0.2945,0.2946,0.2911,0.2913,120210.03,35228.81,0.292837
1562241600000,0.2913,0.2972,0.2913,0.2954,76339.27,22511.42,0.294374
1562248800000,0.2968,0.2971,0.2905,0.2913,99294.56,29014.18,0.293747
1562256000000,0.2923,0.2942,0.2907,0.2928,45049.84,13183.86,0.292449
1562263200000,0.2932,0.2932,0.2905,0.2929,41119.65,11983.05,0.291846
1562270400000,0.292,0.2941,0.29,0.2931,35283.96,10288.06,0.292041
1562277600000,0.2923,0.2948,0.2861,0.288,69482.49,20145.35,0.29047
1562284800000,0.2885,0.2911,0.2851,0.2894,96435.6,27803.2,0.288095
1562292000000,0.2903,0.2907,0.2874,0.2892,18638.69,5394.97,0.28903
1562299200000,0.2886,0.2912,0.2879,0.2898,18316.16,5303.15,0.289562
1562306400000,0.2898,0.2909,0.2839,0.2858,92579.93,26551.84,0.287364
1562313600000,0.2862,0.289,0.2845,0.2881,18709.0,5361.75,0.286731
1562320800000,0.2878,0.2901,0.2874,0.2895,45750.95,13207.89,0.288761
1562328000000,0.2878,0.2917,0.2878,0.2911,121266.96,35099.61,0.289815
1562335200000,0.2898,0.2909,0.2863,0.2871,79982.34,23097.33,0.288614
1562342400000,0.2862,0.2878,0.2856,0.2876,32871.07,9411.09,0.286677
1562349600000,0.2877,0.2883,0.2858,0.2858,33272.86,9534.18,0.287101
1562356800000,0.2853,0.2889,0.2853,0.2886,151584.32,43361.99,0.28714
1562364000000,0.2886,0.2896,0.2859,0.2882,28689.73,8244.89,0.287748
1562371200000,0.2896,0.3049,0.288,0.2908,397507.5,115836.13,0.296458
1562378400000,0.2908,0.3049,0.2908,0.2962,182587.24,53745.66,0.298016
1562385600000,0.2962,0.2972,0.2935,0.2958,84683.21,25064.7,0.295348
1562392800000,0.2958,0.2966,0.293,0.293,55952.29,16436.22,0.294871
1562400000000,0.293,0.2949,0.2912,0.2922,175440.77,51282.32,0.293055
1562407200000,0.2923,0.2929,0.2911,0.2924,16004.1,4677.8,0.292
1562414400000,0.292,0.2946,0.2911,0.2938,29383.34,8597.57,0.292846
1562421600000,0.2927,0.2979,0.2915,0.2977,93573.2,27632.57,0.29461
1562428800000,0.2975,0.2975,0.2936,0.2951,29040.91,8571.95,0.295472
1562436000000,0.2942,0.2945,0.2925,0.2935,99081.94,29113.33,0.293489
1562443200000,0.2928,0.2966,0.2901,0.2948,105775.37,30927.81,0.293339
1562450400000,0.2948,0.2952,0.2922,0.2946,116847.9,34344.57,0.293699
1562457600000,0.2945,0.295,0.2934,0.2949,16135.69,4753.34,0.294192
1562464800000,0.294,0.2949,0.2931,0.2946,10076.96,2959.86,0.293991
1562472000000,0.2937,0.2953,0.2937,0.2947,46022.21,13570.21,0.294532
1562479200000,0.2947,0.2959,0.294,0.295,40052.78,11812.18,0.294951
1562486400000,0.2951,0.2959,0.2937,0.2944,63555.05,18749.26,0.294801
1562493600000,0.2951,0.2977,0.2941,0.2977,25698.98,7597.62,0.295825
1562500800000,0.2971,0.2986,0.2961,0.2971,39670.14,11784.43,0.29735
1562508000000,0.2971,0.2978,0.2947,0.2949,43818.66,12970.75,0.296286
1562515200000,0.2952,0.2988,0.2928,0.2986,45542.7,13437.55,0.295704
1562522400000,0.2988,0.2992,0.296,0.2977,96751.75,28800.24,0.29758
1562529600000,0.2985,0.2991,0.2965,0.2974,44032.49,13098.16,0.297793
1562536800000,0.2975,0.3,0.2961,0.2986,122881.31,36721.02,0.29805
1562544000000,0.2986,0.3028,0.2983,0.3028,96395.73,28999.05,0.300508
1562551200000,0.3019,0.305,0.3018,0.3035,290447.34,88192.59,0.303447
1562558400000,0.3029,0.3049,0.3029,0.3033,27040.02,8218.15,0.303908
1562565600000,0.3032,0.305,0.3026,0.305,67025.38,20395.23,0.303751
1562572800000,0.3051,0.313,0.3003,0.3024,334095.37,102687.47,0.306683
1562580000000,0.3024,0.3042,0.2967,0.2974,138783.18,41652.76,0.300519
1562587200000,0.2978,0.2981,0.2947,0.2958,126417.44,37527.21,0.296362
1562594400000,0.2958,0.2975,0.295,0.2964,59585.39,17637.16,0.296252
1562601600000,0.2955,0.2988,0.2955,0.2988,52686.82,15620.41,0.29715
1562608800000,0.2984,0.3046,0.2983,0.3001,129543.13,38998.48,0.301491
1562616000000,0.3001,0.3011,0.2953,0.2958,103169.41,30818.05,0.29824
1562623200000,0.296,0.2969,0.2863,0.2906,382003.48,111192.08,0.291482
1562630400000,0.2906,0.2913,0.2895,0.2908,48740.79,14164.55,0.290399
1562637600000,0.2908,0.293,0.2906,0.2927,88009.9,25672.3,0.291809
1562644800000,0.2917,0.2926,0.291,0.2911,49889.4,14559.5,0.291815
1562652000000,0.2919,0.2932,0.2897,0.2903,47797.44,13895.29,0.291469
1562659200000,0.2897,0.2905,0.2881,0.2892,154579.59,44666.23,0.289298
1562666400000,0.2898,0.2915,0.2851,0.2891,283720.27,81569.35,0.288297
1562673600000,0.2896,0.2916,0.289,0.2895,54452.8,15778.09,0.2903
1562680800000,0.2905,0.2907,0.287,0.2887,143598.75,41506.98,0.288803
1562688000000,0.2892,0.29,0.274,0.2879,637508.9,181959.77,0.281989
1562695200000,0.2879,0.2956,0.2861,0.2946,158468.81,46191.55,0.290793
1562702400000,0.2944,0.2956,0.2897,0.2931,87990.21,25761.14,0.292636
1562709600000,0.2931,0.2946,0.2918,0.2921,63060.36,18487.83,0.29322
1562716800000,0.2925,0.2941,0.2873,0.2876,188588.55,54855.83,0.290797
1562724000000,0.2877,0.2885,0.285,0.2865,121398.88,34799.1,0.286739
1562731200000,0.2865,0.2873,0.2849,0.2868,61416.23,17552.11,0.286098
1562738400000,0.2867,0.2872,0.2832,0.2853,62004.65,17687.42,0.285175
1562745600000,0.2855,0.2874,0.2849,0.286,25783.55,7379.66,0.286154
1562752800000,0.2862,0.2896,0.286,0.2861,41407.27,11889.64,0.2878
1562760000000,0.2869,0.2869,0.2816,0.282,78361.26,22261.29,0.284196
1562767200000,0.2814,0.2825,0.2629,0.2664,588586.02,159042.23,0.272494
1562774400000,0.2664,0.27,0.2648,0.27,126829.88,33940.07,0.267291
1562781600000,0.27,0.2759,0.2666,0.2715,219315.01,59224.37,0.271253
1562788800000,0.2724,0.2738,0.2669,0.2691,162586.92,43982.96,0.270326
1562796000000,0.2694,0.2722,0.2662,0.2703,65436.79,17649.29,0.269196
1562803200000,0.2697,0.2722,0.2652,0.2694,122168.09,32865.57,0.2687
1562810400000,0.2693,0.2701,0.2654,0.2675,75513.1,20187.46,0.267725
1562817600000,0.2674,0.2674,0.2504,0.2536,452617.22,115944.27,0.258584
1562824800000,0.2547,0.2547,0.2511,0.2526,36373.39,9192.63,0.25283
1562832000000,0.2537,0.2537,0.252,0.2533,30384.39,7672.77,0.252841
1562839200000,0.2527,0.2574,0.2523,0.2565,22115.71,5651.84,0.25489
1562846400000,0.257,0.2578,0.254,0.2555,38071.07,9716.64,0.255886
1562853600000,0.2545,0.2578,0.251,0.2513,47103.46,11999.57,0.254488
1562860800000,0.2505,0.2607,0.2505,0.2597,39422.42,10151.63,0.255728
1562868000000,0.2587,0.285,0.2576,0.2619,154601.28,40949.93,0.271338
1562875200000,0.2604,0.2604,0.2452,0.2556,191930.2,48224.02,0.252667
1562882400000,0.255,0.26,0.2531,0.257,105362.87,27153.01,0.256562
1562889600000,0.2569,0.2595,0.2566,0.2574,47702.27,12330.21,0.258057
1562896800000,0.2574,0.2576,0.2496,0.2508,36538.18,9304.73,0.253497
1562904000000,0.2506,0.2557,0.2488,0.2555,90622.15,22908.67,0.252135
1562911200000,0.2557,0.2612,0.2557,0.2611,103005.05,26713.58,0.258466
1562918400000,0.2602,0.2694,0.2602,0.2685,76787.59,20274.66,0.264915
1562925600000,0.2682,0.2694,0.265,0.2666,134535.62,35888.31,0.267193
1562932800000,0.2669,0.2688,0.2628,0.2682,58285.26,15559.85,0.265779
1562940000000,0.2682,0.2689,0.2648,0.2666,70635.95,18883.8,0.266828
1562947200000,0.2671,0.2709,0.2652,0.2698,83619.66,22459.5,0.268026
1562954400000,0.271,0.271,0.2664,0.2678,94731.32,25400.35,0.268604
1562961600000,0.2685,0.2728,0.265,0.2651,196969.45,53099.14,0.269005
1562968800000,0.2651,0.2668,0.2641,0.2658,49477.06,13132.26,0.26545
1562976000000,0.2658,0.2672,0.2637,0.2666,50465.26,13410.6,0.26544
1562983200000,0.2672,0.268,0.2655,0.2655,20110.25,5360.59,0.266802
1562990400000,0.2656,0.2667,0.2647,0.2652,59702.6,15904.67,0.265703
1562997600000,0.2653,0.2656,0.2616,0.2635,95212.91,25075.15,0.263557
1563004800000,0.2635,0.2657,0.2631,0.2652,77293.43,20411.51,0.264406
1563012000000,0.2644,0.2644,0.2001,0.257,509061.61,126195.42,0.232155
1563019200000,0.2569,0.2596,0.2551,0.2588,60010.11,15439.49,0.257327
1563026400000,0.259,0.2632,0.259,0.2629,56795.0,14822.39,0.261141
1563033600000,0.2629,0.2632,0.2585,0.2597,41354.59,10806.7,0.260791
1563040800000,0.2597,0.2597,0.2485,0.2508,194882.32,49233.96,0.253884
1563048000000,0.2507,0.2529,0.2474,0.2509,152882.84,38290.46,0.25015
1563055200000,0.2513,0.2574,0.2509,0.256,63749.33,16206.38,0.254225
1563062400000,0.2567,0.2574,0.2535,0.256,36765.92,9401.76,0.255443
1563069600000,0.2566,0.2572,0.2535,0.2559,27200.06,6943.56,0.255342
1563076800000,0.2559,0.2566,0.2521,0.2531,13027.59,3309.24,0.254334
1563084000000,0.253,0.2537,0.2516,0.2532,30687.82,7758.78,0.252649
1563091200000,0.2525,0.2544,0.2366,0.2407,233032.21,57506.08,0.245364
1563098400000,0.2404,0.2415,0.232,0.2364,185342.68,43889.49,0.236673
1563105600000,0.238,0.2387,0.2327,0.2333,64751.42,15265.24,0.235709
1563112800000,0.2348,0.2354,0.2234,0.227,149230.09,34425.9,0.229223
1563120000000,0.2273,0.2321,0.2249,0.2313,174630.98,39708.01,0.228433
1563127200000,0.2313,0.2348,0.2252,0.2288,153778.18,35472.14,0.229999
1563134400000,0.2304,0.2328,0.2282,0.2324,45689.63,10513.97,0.230455
1563141600000,0.2305,0.2309,0.22,0.22,57279.69,12987.24,0.22551
1563148800000,0.22,0.2225,0.2034,0.2093,330327.48,69144.54,0.212805
1563156000000,0.2079,0.2188,0.2055,0.2163,149174.47,31548.06,0.212156
1563163200000,0.216,0.2175,0.2129,0.2154,44580.75,9584.7,0.215198
1563170400000,0.2147,0.2252,0.2147,0.2226,84269.14,18620.45,0.220164
1563177600000,0.2226,0.2226,0.2174,0.2207,160712.29,35169.01,0.219943
1563184800000,0.2215,0.222,0.2191,0.2206,22662.01,4989.58,0.220538
1563192000000,0.2197,0.2237,0.2161,0.2237,46930.13,10249.72,0.219766
1563199200000,0.2236,0.2277,0.2236,0.2237,37763.38,8499.6,0.22565
1563206400000,0.2263,0.279,0.2258,0.2479,2827421.55,739313.07,0.253058
1563213600000,0.2477,0.2552,0.2384,0.2434,837140.1,207295.87,0.246821
1563220800000,0.2436,0.2439,0.2361,0.24,219682.94,52681.19,0.239899
1563228000000,0.24,0.261,0.24,0.2436,796152.93,201224.52,0.250564
1563235200000,0.2432,0.2669,0.2432,0.2604,665802.98,172546.24,0.255543
1563242400000,0.2615,0.2616,0.2514,0.2542,315481.35,81383.72,0.256302
1563249600000,0.2539,0.2621,0.2507,0.2533,251487.28,64185.97,0.256402
1563256800000,0.2536,0.2545,0.2469,0.2516,123649.88,31150.4,0.250667
1563264000000,0.251,0.2644,0.251,0.2639,296690.03,77353.58,0.257775
1563271200000,0.2645,0.2645,0.2527,0.2566,267341.89,68910.71,0.258354
1563278400000,0.2566,0.2574,0.2451,0.2454,316856.07,78675.59,0.251315
1563285600000,0.2469,0.2524,0.2406,0.2448,405708.43,99474.27,0.246505
1563292800000,0.2443,0.2448,0.212,0.2217,584267.32,132736.29,0.227781
1563300000000,0.2225,0.2267,0.2213,0.2241,138518.8,31056.9,0.224016
1563307200000,0.2241,0.2263,0.2181,0.2231,303577.82,67485.24,0.222195
1563314400000,0.2227,0.2227,0.2136,0.2163,126892.49,27571.9,0.21796
1563321600000,0.216,0.2211,0.216,0.2203,123644.48,27210.49,0.218636
1563328800000,0.2203,0.2203,0.2131,0.2164,72369.67,15571.65,0.216569
1563336000000,0.2173,0.2223,0.2134,0.2204,153178.55,33389.37,0.217819
1563343200000,0.2201,0.2224,0.2184,0.2219,53061.06,11668.09,0.220368
1563350400000,0.2218,0.2226,0.2173,0.2191,80333.0,17661.45,0.219915
1563357600000,0.2191,0.2191,0.2076,0.2095,150806.72,32115.72,0.21315
1563364800000,0.21,0.2167,0.2063,0.2166,413152.18,87953.3,0.211298
1563372000000,0.2167,0.2396,0.2166,0.2329,461661.62,106814.8,0.228567
1563379200000,0.2318,0.2374,0.2301,0.2322,160867.35,37444.3,0.233751
1563386400000,0.2315,0.2333,0.2264,0.2277,99754.11,22980.84,0.229871
1563393600000,0.2267,0.2329,0.2247,0.232,100470.07,22963.42,0.228736
1563400800000,0.2329,0.2332,0.2255,0.227,58600.35,13418.85,0.229247
1563408000000,0.2265,0.2276,0.2212,0.2276,64233.22,14431.88,0.22438
1563415200000,0.2271,0.2287,0.2252,0.2271,74696.13,16939.82,0.22695
1563422400000,0.2267,0.2315,0.2267,0.2296,56211.37,12857.65,0.229195
1563429600000,0.2299,0.2333,0.2295,0.232,55009.5,12739.07,0.231437
1563436800000,0.2319,0.2329,0.2268,0.2288,108480.85,24850.79,0.229815
1563444000000,0.2288,0.2324,0.2283,0.2301,86016.92,19872.41,0.230373
1563451200000,0.2298,0.2304,0.2181,0.2205,75529.44,16830.86,0.2241
1563458400000,0.2196,0.2358,0.2175,0.2358,267028.68,61334.05,0.226394
1563465600000,0.2347,0.2391,0.2333,0.2377,97930.28,23224.1,0.2362
1563472800000,0.2382,0.2429,0.2354,0.2356,189991.85,45119.45,0.23922
1563480000000,0.2375,0.24,0.236,0.2371,66759.52,15879.93,0.238002
1563487200000,0.2368,0.2402,0.236,0.237,65996.97,15741.61,0.238101
1563494400000,0.2369,0.2416,0.2352,0.2386,63176.28,15074.4,0.238412
1563501600000,0.2386,0.2417,0.2373,0.2402,62347.39,14917.77,0.239503
1563508800000,0.2395,0.241,0.2383,0.2389,80482.74,19281.92,0.239656
1563516000000,0.2388,0.241,0.2378,0.2409,40483.45,9704.04,0.239346
1563523200000,0.2404,0.2411,0.2316,0.2341,153434.84,36219.39,0.236239
1563530400000,0.2341,0.2351,0.2316,0.232,46462.85,10839.24,0.23338
1563537600000,0.232,0.2373,0.2303,0.2306,130192.09,30296.33,0.233825
1563544800000,0.2306,0.2334,0.2303,0.2326,94704.15,21949.87,0.231879
1563552000000,0.2314,0.2349,0.2314,0.2339,11841.57,2751.68,0.233223
1563559200000,0.2342,0.2346,0.2324,0.233,31976.38,7452.73,0.233492
1563566400000,0.233,0.2364,0.2324,0.2336,44604.04,10437.58,0.234406
1563573600000,0.2344,0.2359,0.232,0.2353,64265.31,15025.35,0.233938
1563580800000,0.2353,0.237,0.2335,0.2351,27064.03,6371.88,0.23525
1563588000000,0.2355,0.2426,0.2353,0.242,86241.24,20733.38,0.238999
1563595200000,0.2421,0.2459,0.2421,0.2437,295892.21,72072.32,0.244051
1563602400000,0.2437,0.246,0.2417,0.2431,79701.92,19429.06,0.243852
1563609600000,0.2421,0.2439,0.2414,0.2428,24922.35,6050.26,0.242654
1563616800000,0.2435,0.2443,0.241,0.2429,29451.73,7135.77,0.242645
1563624000000,0.2434,0.2448,0.2418,0.2437,21133.2,5135.4,0.243299
1563631200000,0.2436,0.2445,0.2422,0.2444,13485.1,3282.46,0.24333
1563638400000,0.245,0.2509,0.2438,0.2469,208564.02,51604.98,0.247376
1563645600000,0.2466,0.2477,0.2459,0.2468,38782.31,9570.85,0.2468
1563652800000,0.2474,0.2479,0.2465,0.2479,27575.05,6805.29,0.247185
1563660000000,0.2479,0.259,0.2458,0.2473,219818.08,55229.03,0.252402
1563667200000,0.2461,0.2472,0.2439,0.2449,70416.0,17271.29,0.245552
1563674400000,0.2449,0.2449,0.2391,0.2397,162904.85,39465.57,0.241925
1563681600000,0.2397,0.2411,0.2395,0.2401,22864.52,5490.74,0.240306
1563688800000,0.24,0.2415,0.2392,0.2405,45242.1,10895.24,0.240351
1563696000000,0.24,0.2423,0.2391,0.2423,55276.09,13337.52,0.240633
1563703200000,0.241,0.243,0.2408,0.2414,99229.22,24039.4,0.241906
1563710400000,0.2411,0.2413,0.2382,0.2385,68541.73,16380.0,0.239739
1563717600000,0.2385,0.2393,0.2367,0.2374,83080.04,19773.34,0.238002
1563724800000,0.2373,0.2402,0.2371,0.2388,43248.98,10295.39,0.238687
1563732000000,0.2392,0.2411,0.2379,0.2386,54875.25,13124.91,0.239505
1563739200000,0.2388,0.2425,0.2387,0.242,106918.71,25693.03,0.240643
1563746400000,0.2421,0.2448,0.2413,0.2436,103472.97,25122.92,0.24306
1563753600000,0.2436,0.244,0.2423,0.2423,57731.56,14049.43,0.243184
1563760800000,0.2421,0.243,0.2418,0.2425,43067.53,10452.58,0.242403
1563768000000,0.2427,0.2427,0.2412,0.2419,70948.44,17204.83,0.241923
1563775200000,0.2425,0.2432,0.2418,0.2425,28800.99,6983.07,0.2425
1563782400000,0.2425,0.2429,0.2399,0.2399,46375.68,11208.94,0.241446
1563789600000,0.2399,0.2426,0.2391,0.2423,57719.75,13915.32,0.240817
1563796800000,0.2423,0.2444,0.2418,0.2426,71886.54,17437.39,0.243102
1563804000000,0.2426,0.2445,0.2291,0.234,275593.06,64455.74,0.236673
1563811200000,0.234,0.2365,0.2326,0.2351,52770.57,12358.44,0.23455
1563818400000,0.2351,0.2356,0.2313,0.234,51050.56,11959.35,0.233432
1563825600000,0.2335,0.2356,0.2329,0.2338,41036.11,9621.17,0.234252
1563832800000,0.2338,0.2358,0.2338,0.2358,36088.79,8486.67,0.2348
1563840000000,0.2358,0.2409,0.234,0.2377,66134.9,15699.37,0.237464
1563847200000,0.2383,0.2386,0.236,0.2363,41559.57,9845.58,0.2373
1563854400000,0.2359,0.2368,0.234,0.234,17922.45,4213.23,0.235459
1563861600000,0.2335,0.2342,0.2287,0.2295,129899.81,29977.81,0.231442
1563868800000,0.23,0.2301,0.2249,0.2255,54927.58,12439.25,0.227442
1563876000000,0.2255,0.2284,0.2254,0.2273,53091.34,12035.59,0.226949
1563883200000,0.2274,0.2274,0.2247,0.2255,45352.36,10264.03,0.225993
1563890400000,0.2253,0.2272,0.2239,0.2239,48565.55,10961.59,0.225595
1563897600000,0.2233,0.2252,0.2223,0.2252,58580.52,13112.52,0.22369
1563904800000,0.2251,0.2311,0.2251,0.2311,71840.63,16455.79,0.2281
1563912000000,0.2312,0.2325,0.2283,0.2288,78845.08,18169.33,0.230436
1563919200000,0.2288,0.2288,0.223,0.2232,93342.69,21097.57,0.22587
1563926400000,0.2233,0.2233,0.2159,0.2181,116388.88,25502.98,0.219445
1563933600000,0.2181,0.2182,0.2149,0.2176,86362.45,18722.76,0.216542
1563940800000,0.217,0.2195,0.2162,0.2194,50478.79,10984.43,0.217797
1563948000000,0.2194,0.2215,0.219,0.2208,35098.47,7731.37,0.220263
1563955200000,0.2207,0.2231,0.2207,0.223,51652.4,11466.54,0.221915
1563962400000,0.2229,0.223,0.2199,0.2208,47683.24,10544.9,0.221398
1563969600000,0.2213,0.2223,0.2205,0.2217,46805.34,10348.0,0.221399
1563976800000,0.2215,0.2299,0.2207,0.2288,169024.43,38352.13,0.225328
1563984000000,0.2288,0.2295,0.2188,0.2234,87200.33,19441.51,0.224017
1563991200000,0.2231,0.2232,0.2207,0.2232,75003.99,16610.14,0.22195
1563998400000,0.2232,0.2259,0.2218,0.2249,49199.1,11020.4,0.223841
1564005600000,0.2249,0.2274,0.2249,0.2264,41867.59,9461.2,0.226199
1564012800000,0.2259,0.2362,0.2257,0.2344,107445.85,24705.95,0.231107
1564020000000,0.2335,0.234,0.2307,0.2323,68259.53,15867.9,0.232331
1564027200000,0.2318,0.2327,0.2309,0.2322,16681.67,3854.71,0.231798
1564034400000,0.2331,0.2343,0.2323,0.2333,24889.86,5818.97,0.2333
1564041600000,0.2333,0.2344,0.2329,0.2335,30032.3,7020.15,0.233651
1564048800000,0.2335,0.2359,0.2335,0.2359,22097.43,5184.27,0.2347
1564056000000,0.2359,0.2376,0.2316,0.2328,130202.44,30470.83,0.234618
1564063200000,0.2327,0.2337,0.2321,0.2328,46723.21,10870.74,0.2329
1564070400000,0.2327,0.2355,0.2321,0.2332,125263.8,29255.16,0.233805
1564077600000,0.2329,0.2345,0.2307,0.2308,28235.85,6577.33,0.232662
1564084800000,0.2303,0.2314,0.2293,0.2314,41813.49,9643.18,0.230313
1564092000000,0.2314,0.235,0.2304,0.2339,27015.29,6282.3,0.232704
1564099200000,0.2341,0.2343,0.2293,0.2304,44301.04,10279.51,0.231729
1564106400000,0.2292,0.2296,0.2264,0.2289,60406.55,13771.07,0.227998
1564113600000,0.2297,0.2301,0.2294,0.2298,10780.13,2475.48,0.22975
1564120800000,0.2298,0.2314,0.2284,0.2313,43147.96,9921.62,0.229857
1564128000000,0.2313,0.2328,0.231,0.2322,24253.49,5622.72,0.23191
1564135200000,0.2322,0.2333,0.2317,0.2333,7881.02,1830.25,0.232467
1564142400000,0.2329,0.2342,0.231,0.2328,39596.35,9213.54,0.2326
1564149600000,0.2323,0.2605,0.2306,0.2337,259112.9,62104.04,0.245557
1564156800000,0.2336,0.2336,0.2323,0.233,81204.26,18918.45,0.23293
1564164000000,0.233,0.2349,0.2322,0.2343,69697.96,16279.16,0.233544
1564171200000,0.2335,0.2348,0.2324,0.2336,62283.81,14564.41,0.2336
1564178400000,0.2338,0.2344,0.2328,0.2344,11276.04,2629.76,0.233582
1564185600000,0.2339,0.2398,0.2326,0.2356,105259.12,24828.69,0.23622
1564192800000,0.236,0.2378,0.2354,0.2378,26686.2,6326.35,0.236551
1564200000000,0.2377,0.238,0.236,0.2364,26204.92,6209.59,0.236994
1564207200000,0.2362,0.2363,0.2339,0.2362,52525.1,12346.46,0.2351
1564214400000,0.2361,0.2363,0.2326,0.233,75698.43,17725.3,0.234429
1564221600000,0.233,0.2333,0.2211,0.2231,344602.77,78810.08,0.227032
1564228800000,0.2226,0.2226,0.2196,0.2206,63304.99,13998.98,0.221038
1564236000000,0.2215,0.2219,0.2196,0.2219,38514.55,8521.06,0.220743
1564243200000,0.2218,0.2221,0.221,0.2216,19361.06,4289.18,0.221549
1564250400000,0.2216,0.222,0.2204,0.2211,7400.41,1635.4,0.221196
1564257600000,0.2212,0.2234,0.2212,0.2232,50375.09,11195.27,0.222326
1564264800000,0.2227,0.2239,0.2184,0.2235,107002.22,23716.89,0.22114
1564272000000,0.2237,0.2271,0.2226,0.2268,24655.57,5530.77,0.224796
1564279200000,0.2271,0.2311,0.2271,0.2289,52867.38,12132.5,0.229159
1564286400000,0.2307,0.2307,0.2282,0.2283,35360.54,8087.25,0.229435
1564293600000,0.2283,0.2303,0.2283,0.2302,29532.17,6765.56,0.229315
1564300800000,0.2294,0.2303,0.2289,0.2291,9380.61,2153.86,0.229604
1564308000000,0.2291,0.2291,0.2265,0.2288,29871.67,6813.54,0.227796
1564315200000,0.228,0.2282,0.226,0.226,19683.48,4466.45,0.227126
1564322400000,0.226,0.2288,0.2259,0.227,18348.82,4168.03,0.227376
1564329600000,0.2271,0.2292,0.2271,0.2292,12220.8,2790.19,0.22815
1564336800000,0.229,0.23,0.2287,0.2292,23246.71,5333.86,0.229351
1564344000000,0.2298,0.2298,0.2284,0.2284,30569.78,7010.8,0.2291
1564351200000,0.228,0.2289,0.2154,0.2277,214666.72,47772.36,0.222149
1564358400000,0.2281,0.2301,0.2256,0.2297,58641.9,13334.46,0.227816
1564365600000,0.2286,0.2295,0.2282,0.2282,20108.75,4596.64,0.228861
1564372800000,0.2289,0.2289,0.2272,0.2275,12065.37,2749.54,0.228019
1564380000000,0.2276,0.2281,0.2268,0.2271,16540.92,3758.17,0.227454
1564387200000,0.2282,0.2284,0.2202,0.2246,104488.24,23275.34,0.224194
1564394400000,0.2242,0.2259,0.223,0.2254,9048.65,2037.68,0.224434
1564401600000,0.2261,0.2293,0.2258,0.228,21903.49,4980.86,0.22759
1564408800000,0.2279,0.2287,0.2248,0.2248,30937.5,7009.7,0.226825
1564416000000,0.2251,0.2284,0.2227,0.2252,43380.02,9738.5,0.22555
1564423200000,0.2246,0.2246,0.221,0.2213,76640.33,17049.35,0.22276
1564430400000,0.221,0.2237,0.221,0.2227,85780.89,19048.99,0.222405
1564437600000,0.2227,0.2236,0.2218,0.2231,26037.76,5790.98,0.222698
1564444800000,0.2222,0.2235,0.2214,0.2218,12926.85,2873.95,0.222454
1564452000000,0.221,0.2216,0.219,0.2196,46641.72,10268.88,0.2203
1564459200000,0.2196,0.2201,0.219,0.2201,1547.48,339.74,0.219534
1564466400000,0.2201,0.221,0.2186,0.22,64995.55,14263.2,0.2198
1564473600000,0.22,0.2201,0.2192,0.2192,16890.84,3709.81,0.219662
1564480800000,0.2194,0.2234,0.2194,0.2234,53936.09,11941.85,0.2214
1564488000000,0.2233,0.2239,0.222,0.2231,40888.85,9118.4,0.222949
1564495200000,0.2233,0.2263,0.2228,0.2244,59491.14,13368.94,0.224568
1564502400000,0.225,0.2252,0.2233,0.2234,34678.84,7764.31,0.224261
1564509600000,0.2236,0.2239,0.2213,0.2238,105924.72,23602.7,0.222598
1564516800000,0.2238,0.2238,0.2221,0.2232,23324.51,5200.0,0.222932
1564524000000,0.2239,0.2242,0.2232,0.2239,15764.17,3525.8,0.2237
1564531200000,0.2234,0.2249,0.2234,0.2242,33621.63,7541.93,0.224177
1564538400000,0.2242,0.2249,0.2175,0.2201,304493.83,67276.1,0.221121
1564545600000,0.2201,0.2208,0.2194,0.2201,62861.71,13829.37,0.2201
1564552800000,0.2198,0.2227,0.2198,0.2215,98191.01,21754.95,0.221306
1564560000000,0.222,0.2244,0.2211,0.2219,65109.8,14519.81,0.22275
1564567200000,0.2219,0.2226,0.2215,0.2223,14778.59,3280.34,0.222048
1564574400000,0.2223,0.2278,0.2223,0.2278,99497.51,22385.72,0.22505
1564581600000,0.2278,0.228,0.2224,0.2238,101991.15,22847.54,0.225112
1564588800000,0.224,0.2241,0.2219,0.2232,50839.09,11334.5,0.222979
1564596000000,0.2231,0.2236,0.2224,0.2225,29644.31,6610.16,0.223013
1564603200000,0.2225,0.2238,0.2224,0.2236,17440.73,3887.95,0.223109
1564610400000,0.223,0.2243,0.2225,0.2243,22641.85,5063.9,0.223363
1564617600000,0.2243,0.2245,0.2215,0.2224,32927.8,7335.28,0.222961
1564624800000,0.2226,0.2241,0.2217,0.2221,26128.74,5822.31,0.222906
1564632000000,0.2222,0.2228,0.2206,0.221,30414.95,6744.96,0.221708
1564639200000,0.2211,0.2222,0.22,0.2212,17979.95,3971.0,0.2211
1564646400000,0.2211,0.2217,0.2207,0.2209,8608.16,1903.37,0.221202
1564653600000,0.2207,0.2222,0.2205,0.2218,31545.47,6975.0,0.221362
1564660800000,0.2218,0.223,0.2209,0.2219,399602.89,88469.04,0.22195
1564668000000,0.2213,0.2214,0.2197,0.2201,55431.09,12201.29,0.220529
1564675200000,0.2199,0.2208,0.2199,0.2205,20167.89,4439.94,0.220369
1564682400000,0.2204,0.221,0.2192,0.2197,133148.45,29292.07,0.220102
1564689600000,0.2197,0.2209,0.2156,0.2166,107396.03,23425.71,0.218259
1564696800000,0.2169,0.222,0.2169,0.2195,200411.87,44062.07,0.219537
1564704000000,0.2195,0.2197,0.216,0.2161,180623.99,39148.61,0.217863
1564711200000,0.2161,0.2168,0.2137,0.2138,196148.26,42244.12,0.215298
1564718400000,0.2136,0.2138,0.21,0.2135,503384.49,106537.44,0.2119
1564725600000,0.2139,0.2164,0.2136,0.2158,59983.4,12903.22,0.21502
1564732800000,0.2158,0.2167,0.2153,0.216,38397.56,8303.39,0.216001
1564740000000,0.2163,0.2184,0.216,0.2167,268235.97,58217.0,0.217205
1564747200000,0.2165,0.2175,0.2161,0.2167,54025.77,11709.73,0.216801
1564754400000,0.2169,0.2231,0.2168,0.2188,95804.7,20958.26,0.219999
1564761600000,0.2188,0.2188,0.212,0.215,107958.07,23248.04,0.215273
1564768800000,0.2151,0.2162,0.2148,0.2152,39156.63,8437.11,0.2155
1564776000000,0.2152,0.2161,0.2144,0.2159,36011.95,7747.87,0.215237
1564783200000,0.2159,0.2165,0.2149,0.2157,20575.26,4431.13,0.2157
1564790400000,0.2153,0.2172,0.2146,0.2172,64716.45,13982.26,0.215846
1564797600000,0.217,0.2183,0.2165,0.2169,31936.62,6942.1,0.2174
1564804800000,0.2178,0.2179,0.2159,0.2166,21322.6,4607.34,0.21687
1564812000000,0.2169,0.217,0.2151,0.2159,27423.78,5922.35,0.216024
1564819200000,0.2159,0.2163,0.2143,0.2147,45280.51,9739.09,0.2153
1564826400000,0.2147,0.216,0.2144,0.2146,16096.81,3460.68,0.215201
1564833600000,0.2145,0.2155,0.2141,0.2152,19284.91,4143.79,0.214797
1564840800000,0.2151,0.2173,0.2145,0.2171,30507.34,6586.93,0.215871
1564848000000,0.218,0.2199,0.2171,0.2189,61495.62,13421.94,0.218501
1564855200000,0.2182,0.2189,0.2154,0.2158,74407.71,16185.97,0.21717
1564862400000,0.216,0.216,0.2143,0.2143,7469.83,1605.95,0.21515
1564869600000,0.2149,0.2156,0.2144,0.2152,35544.84,7643.33,0.214999
1564876800000,0.2152,0.2169,0.2149,0.2161,22834.27,4920.78,0.215913
1564884000000,0.2167,0.2172,0.2139,0.2145,34265.55,7413.05,0.215544
1564891200000,0.2144,0.2144,0.2106,0.212,70816.09,15024.61,0.212422
1564898400000,0.2121,0.2137,0.2121,0.2133,13422.93,2856.58,0.212933
1564905600000,0.2136,0.2138,0.2125,0.2138,31058.41,6621.75,0.213147
1564912800000,0.2138,0.2139,0.2125,0.2129,20439.65,4355.55,0.213183
1564920000000,0.2128,0.2132,0.2119,0.2131,9396.14,1996.94,0.212545
1564927200000,0.2127,0.2141,0.2116,0.2127,91388.2,19452.67,0.21285
1564934400000,0.2119,0.2132,0.2098,0.2126,135543.02,28647.81,0.211492
1564941600000,0.2122,0.2128,0.2112,0.2126,31778.47,6740.55,0.211994
1564948800000,0.212,0.2128,0.2092,0.2127,88176.46,18605.93,0.210987
1564956000000,0.2126,0.213,0.2113,0.2115,31290.85,6643.88,0.212162
1564963200000,0.2115,0.2155,0.2114,0.2144,266220.87,57050.98,0.213521
1564970400000,0.2144,0.2176,0.2143,0.2143,99633.32,21453.1,0.21595
1564977600000,0.2143,0.2154,0.2143,0.2146,42319.71,9074.38,0.214858
1564984800000,0.2144,0.2154,0.213,0.2142,50931.58,10919.31,0.2142
1564992000000,0.2143,0.2147,0.2132,0.2146,26388.61,5644.93,0.213945
1564999200000,0.2152,0.2165,0.2134,0.2162,94883.03,20382.8,0.21493
1565006400000,0.2159,0.2173,0.2153,0.2166,63938.38,13836.63,0.216302
1565013600000,0.2164,0.2174,0.2129,0.2133,183060.33,39398.8,0.21519
1565020800000,0.2139,0.2178,0.2126,0.215,238792.67,51301.6,0.215208
1565028000000,0.215,0.217,0.2118,0.2123,126223.5,27093.46,0.214454
1565035200000,0.2132,0.2142,0.2122,0.2128,68513.36,14604.0,0.213202
1565042400000,0.2126,0.2148,0.2117,0.2117,53862.73,11495.58,0.213274
1565049600000,0.2124,0.2125,0.2107,0.2119,54509.11,11522.69,0.211589
1565056800000,0.2114,0.2114,0.2092,0.2102,71187.4,14951.31,0.21026
1565064000000,0.2102,0.2122,0.21,0.2108,18131.46,3828.69,0.211111
1565071200000,0.2118,0.2126,0.2094,0.2106,51976.48,10950.07,0.210993
1565078400000,0.2103,0.211,0.2096,0.2105,31413.74,6592.19,0.210299
1565085600000,0.2105,0.2114,0.2062,0.2069,156869.67,32670.18,0.208814
1565092800000,0.2073,0.2074,0.2048,0.206,95108.76,19583.19,0.206063
1565100000000,0.206,0.2072,0.2057,0.2061,48443.7,9996.43,0.20645
1565107200000,0.2055,0.2058,0.2018,0.2025,94206.1,19219.9,0.203767
1565114400000,0.2025,0.2036,0.2002,0.2008,82349.52,16603.74,0.201917
1565121600000,0.2004,0.2012,0.198,0.1991,259612.43,51751.13,0.199594
1565128800000,0.1991,0.1998,0.1972,0.1987,142814.6,28330.18,0.198498
1565136000000,0.1988,0.2004,0.198,0.1984,164622.54,32784.02,0.199204
1565143200000,0.1989,0.1998,0.1977,0.1985,218883.77,43450.22,0.19875
1565150400000,0.199,0.2002,0.1978,0.1986,76677.0,15235.56,0.199001
1565157600000,0.1986,0.2003,0.1986,0.1991,47548.63,9492.85,0.199463
1565164800000,0.1991,0.2019,0.1991,0.2019,71009.96,14262.91,0.2005
1565172000000,0.2011,0.2022,0.2008,0.201,104992.34,21168.86,0.201501
1565179200000,0.201,0.2027,0.2003,0.2013,119698.26,24094.06,0.201501
1565186400000,0.2013,0.202,0.1961,0.1978,209875.01,41718.38,0.199002
1565193600000,0.1975,0.1979,0.1946,0.1972,177108.62,34739.43,0.196248
1565200800000,0.1973,0.1977,0.197,0.1974,118422.6,23356.66,0.19735
1565208000000,0.1968,0.1987,0.1952,0.1965,74628.83,14662.91,0.196951
1565215200000,0.1957,0.1987,0.1954,0.1973,56002.77,11031.4,0.197084
1565222400000,0.1969,0.1975,0.1956,0.1958,74728.81,14664.92,0.196568
1565229600000,0.1959,0.1959,0.1936,0.1942,76755.01,14950.17,0.194703
1565236800000,0.1942,0.1948,0.1923,0.1943,80280.28,15522.5,0.19355
1565244000000,0.1938,0.1941,0.1914,0.1931,104245.37,20089.32,0.192738
1565251200000,0.1931,0.1941,0.1922,0.194,166300.29,32122.49,0.193126
1565258400000,0.1931,0.1958,0.1923,0.1934,92778.43,17962.2,0.194051
1565265600000,0.1942,0.1955,0.1901,0.1916,184853.83,35697.94,0.192794
1565272800000,0.1907,0.1922,0.1897,0.1914,93460.71,17865.44,0.190948
1565280000000,0.1914,0.1928,0.1885,0.1891,36783.56,6993.0,0.190681
1565287200000,0.1893,0.1908,0.1867,0.1882,91956.21,17366.41,0.18875
1565294400000,0.1875,0.1883,0.1856,0.1879,71201.94,13299.53,0.186946
1565301600000,0.1884,0.1892,0.1872,0.188,27636.98,5203.76,0.1882
1565308800000,0.1888,0.1888,0.1866,0.187,123861.22,23211.29,0.18766
1565316000000,0.1869,0.1894,0.1869,0.1888,24945.41,4697.17,0.188201
1565323200000,0.1897,0.19,0.1888,0.1888,15414.6,2925.22,0.189425
1565330400000,0.1887,0.1888,0.1874,0.1886,28804.05,5419.16,0.188099
1565337600000,0.1888,0.1903,0.185,0.185,28492.48,5326.62,0.187761
1565344800000,0.185,0.185,0.1813,0.1817,133027.07,24297.09,0.1831
1565352000000,0.1816,0.189,0.1816,0.189,258078.15,47943.98,0.1853
1565359200000,0.189,0.2003,0.1868,0.1926,782316.92,152417.78,0.1936
1565366400000,0.1916,0.1917,0.1874,0.1878,175446.82,33190.82,0.189514
1565373600000,0.1883,0.1891,0.1875,0.1876,92590.57,17425.61,0.188318
1565380800000,0.1875,0.193,0.1867,0.192,157563.74,29763.02,0.189865
1565388000000,0.192,0.1924,0.1875,0.1885,126247.56,23831.52,0.189906
1565395200000,0.1898,0.2,0.1891,0.1949,169696.36,32802.79,0.194677
1565402400000,0.1949,0.2038,0.1908,0.2038,175016.16,34795.28,0.197028
1565409600000,0.2037,0.2039,0.1932,0.1937,188651.13,37302.19,0.198508
1565416800000,0.194,0.1947,0.1925,0.1939,165546.31,32054.87,0.1936
1565424000000,0.1939,0.199,0.1939,0.199,133376.08,26343.7,0.19645
1565431200000,0.199,0.1996,0.1893,0.1906,363189.17,70925.31,0.19438
1565438400000,0.1905,0.1933,0.1885,0.1924,119548.94,22824.43,0.190878
1565445600000,0.1915,0.1928,0.1909,0.191,41923.21,8046.11,0.191861
1565452800000,0.1909,0.1919,0.1896,0.1912,72140.02,13758.72,0.190749
1565460000000,0.1908,0.1917,0.1892,0.19,25083.32,4766.16,0.190451
1565467200000,0.19,0.1923,0.19,0.1922,48143.6,9193.31,0.191165
1565474400000,0.1917,0.1926,0.1911,0.192,25578.21,4905.89,0.19185
1565481600000,0.1916,0.1931,0.1912,0.1924,60100.65,11544.6,0.192157
1565488800000,0.1931,0.1934,0.1925,0.1931,24622.2,4753.75,0.19295
1565496000000,0.1931,0.1954,0.1931,0.1941,223930.53,43437.95,0.194282
1565503200000,0.1943,0.1955,0.1937,0.1948,70340.23,13663.53,0.194601
1565510400000,0.1955,0.1955,0.1915,0.1931,58278.48,11242.28,0.193421
1565517600000,0.193,0.1932,0.191,0.1931,40947.85,7870.68,0.1921
1565524800000,0.1933,0.1938,0.1924,0.1935,41310.17,7964.73,0.193098
1565532000000,0.1932,0.1936,0.1919,0.1925,28220.39,5447.36,0.192746
1565539200000,0.1926,0.1943,0.1925,0.1939,44893.24,8677.65,0.193422
1565546400000,0.1939,0.1945,0.1932,0.1939,56683.55,10989.37,0.19385
1565553600000,0.1939,0.195,0.1929,0.1929,88079.5,17053.68,0.193983
1565560800000,0.1928,0.1948,0.1926,0.1937,54673.73,10600.66,0.19372
1565568000000,0.1938,0.1939,0.1927,0.1928,14757.86,2851.46,0.1933
1565575200000,0.1933,0.1944,0.1921,0.1935,30866.84,5954.69,0.19325
1565582400000,0.1935,0.1944,0.1928,0.1931,42390.2,8203.99,0.193605
1565589600000,0.1928,0.1939,0.1923,0.1939,29958.8,5777.91,0.193067
1565596800000,0.1928,0.1931,0.1919,0.1931,33333.79,6405.18,0.192493
1565604000000,0.1924,0.1926,0.1899,0.191,51124.11,9754.44,0.191218
1565611200000,0.191,0.1919,0.1901,0.1908,17830.22,3406.48,0.191
1565618400000,0.1906,0.1911,0.19,0.191,45477.81,8667.51,0.190541
1565625600000,0.191,0.191,0.19,0.1902,15073.01,2868.73,0.190481
1565632800000,0.1899,0.1904,0.1888,0.1899,31268.86,5939.95,0.1896
1565640000000,0.1899,0.1909,0.1881,0.189,56679.82,10725.97,0.189501
1565647200000,0.189,0.1891,0.1875,0.1879,120768.53,22769.63,0.18828
1565654400000,0.1879,0.1883,0.1869,0.1872,31284.56,5869.13,0.187603
1565661600000,0.1871,0.1877,0.1861,0.1863,23033.52,4306.25,0.186913
1565668800000,0.1863,0.1864,0.1852,0.1859,39427.77,7336.41,0.185791
1565676000000,0.186,0.1865,0.1833,0.1849,163362.05,30234.92,0.184883
1565683200000,0.1851,0.1851,0.182,0.1846,165761.45,30462.15,0.183541
1565690400000,0.1846,0.1846,0.1824,0.1824,34519.52,6328.14,0.1835
1565697600000,0.183,0.1844,0.1826,0.1829,85259.67,15634.7,0.1835
1565704800000,0.1828,0.183,0.1784,0.1789,171770.12,30882.51,0.180667
1565712000000,0.1789,0.1799,0.1772,0.1779,141228.89,25209.73,0.178555
1565719200000,0.1775,0.1802,0.1775,0.18,32348.7,5802.71,0.178877
1565726400000,0.1801,0.1818,0.1801,0.1816,66813.1,12104.59,0.180974
1565733600000,0.1814,0.1829,0.181,0.1815,78522.08,14296.7,0.18195
1565740800000,0.1818,0.1818,0.1776,0.1778,100652.0,18015.43,0.179671
1565748000000,0.1783,0.1812,0.178,0.1789,78914.7,14139.94,0.179609
1565755200000,0.1788,0.1802,0.1786,0.1802,13167.96,2361.08,0.179376
1565762400000,0.1801,0.1803,0.179,0.179,24520.1,4416.4,0.179672
1565769600000,0.179,0.1792,0.1762,0.1771,173366.12,30828.38,0.177661
1565776800000,0.177,0.178,0.175,0.175,97153.67,17076.57,0.176562
1565784000000,0.175,0.1769,0.1746,0.1761,52438.59,9215.45,0.175762
1565791200000,0.1756,0.1761,0.1748,0.1761,26835.11,4706.61,0.175435
1565798400000,0.1763,0.1763,0.1623,0.1655,441673.48,73726.41,0.16902
1565805600000,0.1655,0.1661,0.1636,0.1648,106193.52,17505.89,0.164844
1565812800000,0.1651,0.1659,0.164,0.1653,59277.36,9768.27,0.164949
1565820000000,0.1653,0.1662,0.1614,0.1624,145663.14,23957.29,0.163795
1565827200000,0.1629,0.1659,0.1624,0.1647,88195.66,14521.01,0.164175
1565863200000,0.1634,0.1634,0.1593,0.1626,214945.03,34620.67,0.161334
1565870400000,0.1632,0.1633,0.1602,0.1612,43654.57,7064.96,0.161698
1565877600000,0.1614,0.1665,0.1614,0.1645,131092.38,21480.12,0.164052
1565884800000,0.1647,0.1654,0.1628,0.1629,12021.35,1969.57,0.164141
1565892000000,0.1635,0.1702,0.1634,0.1702,149453.9,25170.64,0.166784
1565899200000,0.1702,0.1804,0.1697,0.1753,396959.38,69644.75,0.175188
1565906400000,0.1762,0.1779,0.1726,0.1736,115898.34,20233.34,0.175272
1565913600000,0.1743,0.1896,0.1739,0.186,397424.74,72636.3,0.182008
1565920800000,0.1862,0.1875,0.1785,0.1814,287578.76,52609.22,0.182939
1565928000000,0.1815,0.1815,0.1698,0.171,434366.59,75905.85,0.175499
1565935200000,0.171,0.1771,0.1706,0.1764,153305.92,26421.91,0.173881
1565942400000,0.1767,0.179,0.1745,0.1767,86286.73,15209.67,0.17675
1565949600000,0.1758,0.1772,0.172,0.1743,69423.14,12106.17,0.17459
1565956800000,0.1745,0.176,0.1731,0.1749,139510.07,24370.13,0.174549
1565964000000,0.1749,0.1769,0.1733,0.1764,134629.41,23564.21,0.175075
1565971200000,0.176,0.1767,0.1747,0.1754,13862.68,2435.47,0.1757
1565978400000,0.1757,0.1765,0.1742,0.1753,44208.06,7752.58,0.175349
1565985600000,0.1752,0.1762,0.1735,0.1745,38846.03,6786.41,0.17485
1565992800000,0.1747,0.1753,0.1724,0.174,9996.31,1735.86,0.173843
1566000000000,0.1728,0.1735,0.1717,0.1723,41517.2,7178.13,0.172601
1566007200000,0.1733,0.1733,0.1723,0.173,20544.48,3553.92,0.172792
1566014400000,0.1722,0.1732,0.1711,0.1726,36161.21,6231.96,0.172148
1566021600000,0.173,0.173,0.1717,0.1724,8682.0,1492.49,0.17233
1566028800000,0.172,0.1734,0.1714,0.1727,19499.74,3356.51,0.172402
1566036000000,0.1724,0.1724,0.1712,0.1712,6023.84,1035.63,0.1718
1566043200000,0.1712,0.1728,0.1705,0.1728,40589.83,6952.21,0.171602
1566050400000,0.1728,0.1731,0.1713,0.1717,19395.26,3338.7,0.172195
1566057600000,0.1721,0.1729,0.1687,0.1687,45796.07,7795.52,0.170878
1566064800000,0.1685,0.171,0.1673,0.1706,58026.33,9866.75,0.169115
1566072000000,0.1702,0.1706,0.1695,0.1697,49432.85,8383.89,0.170055
1566079200000,0.1702,0.1718,0.1701,0.1711,13993.7,2390.05,0.170973
1566086400000,0.1713,0.1719,0.1695,0.1695,41395.84,7034.8,0.170749
1566093600000,0.1696,0.1697,0.1688,0.1688,13541.1,2291.02,0.169262
1566100800000,0.1689,0.1693,0.1682,0.1693,6939.02,1169.52,0.168738
1566108000000,0.169,0.1705,0.169,0.1694,8832.64,1499.02,0.16976
1566115200000,0.1695,0.1704,0.1688,0.1698,10650.41,1808.57,0.1696
1566122400000,0.1701,0.174,0.1701,0.174,40241.02,6942.13,0.17205
1566129600000,0.174,0.1758,0.174,0.1751,95702.1,16706.41,0.174936
1566136800000,0.1756,0.1758,0.1745,0.175,40278.33,7060.04,0.175142
1566144000000,0.1754,0.1772,0.1754,0.1766,58162.5,10260.47,0.176338
1566151200000,0.1767,0.1769,0.1754,0.1757,50758.32,8936.7,0.176144
1566158400000,0.1754,0.1767,0.1746,0.1767,71586.21,12565.39,0.175608
1566165600000,0.1767,0.1767,0.175,0.1752,47265.87,8306.43,0.175826
1566172800000,0.1746,0.1751,0.1738,0.1747,13164.5,2298.13,0.17445
1566180000000,0.1754,0.1765,0.1754,0.176,11029.98,1941.14,0.17597
1566187200000,0.1759,0.1759,0.1742,0.1745,48539.2,8487.37,0.175019
1566194400000,0.1742,0.1763,0.1731,0.1763,36313.5,6346.88,0.174634
1566201600000,0.1765,0.1769,0.1762,0.1762,66508.28,11725.71,0.17656
1566208800000,0.1763,0.1775,0.175,0.1752,35213.98,6215.8,0.176275
1566216000000,0.1753,0.176,0.1752,0.1753,8647.94,1517.51,0.1756
1566223200000,0.1762,0.1762,0.1748,0.1751,35411.17,6211.8,0.175473
1566230400000,0.1758,0.1764,0.1726,0.1738,76135.01,13214.66,0.174478
1566237600000,0.1738,0.1744,0.1723,0.1729,28264.45,4898.43,0.17335
1566244800000,0.1729,0.1729,0.1712,0.1725,60311.52,10360.39,0.172041
1566252000000,0.1725,0.1746,0.1719,0.1745,33190.04,5759.13,0.17321
1566259200000,0.1751,0.1752,0.1719,0.1722,47700.7,8293.85,0.173526
1566266400000,0.1718,0.1718,0.1705,0.1707,74247.71,12705.55,0.171128
1566273600000,0.1702,0.1711,0.1698,0.1701,30174.79,5135.67,0.17045
1566280800000,0.1701,0.1716,0.17,0.1712,26996.56,4604.2,0.17082
1566288000000,0.171,0.1716,0.1693,0.1708,19566.05,3337.49,0.170449
1566295200000,0.1708,0.1708,0.1686,0.1693,28065.78,4762.83,0.169654
1566302400000,0.1691,0.1695,0.1686,0.1693,103940.04,17568.38,0.169048
1566309600000,0.1694,0.1704,0.1683,0.1699,37278.83,6318.97,0.169346
1566316800000,0.1701,0.1707,0.1689,0.1693,23588.26,4003.67,0.169805
1566324000000,0.1693,0.1693,0.1685,0.1685,1934.37,326.53,0.1689
1566331200000,0.1685,0.1689,0.168,0.1688,42186.56,7103.97,0.168444
1566338400000,0.1683,0.1694,0.1681,0.1681,15462.48,2606.8,0.168753
1566345600000,0.1688,0.1688,0.1671,0.1676,14333.2,2407.62,0.167914
1566352800000,0.1682,0.1682,0.1624,0.1646,62347.62,10302.15,0.165183
1566360000000,0.1646,0.1646,0.1614,0.1645,41810.28,6803.94,0.163
1566367200000,0.1642,0.165,0.1633,0.1638,49563.54,8130.98,0.164152
1566374400000,0.1632,0.1658,0.1623,0.1651,51661.24,8447.25,0.164042
1566381600000,0.1649,0.1662,0.1642,0.1649,68140.64,11260.09,0.1652
1566388800000,0.1657,0.1661,0.1618,0.1622,63512.88,10363.84,0.16395
1566396000000,0.1622,0.1657,0.1622,0.1636,33207.6,5456.36,0.163994
1566403200000,0.1633,0.1672,0.1627,0.1667,61730.7,10193.96,0.164942
1566410400000,0.1672,0.1723,0.1669,0.1679,131367.9,22333.56,0.169609
1566417600000,0.168,0.1706,0.167,0.1705,49998.39,8451.91,0.168738
1566424800000,0.1704,0.1735,0.1704,0.1724,144667.62,24858.57,0.172014
1566432000000,0.1724,0.173,0.1687,0.1687,106595.06,18281.05,0.170918
1566439200000,0.1687,0.1697,0.168,0.169,47066.66,7943.18,0.16885
1566446400000,0.1687,0.1748,0.1687,0.172,88433.53,15247.12,0.171861
1566453600000,0.172,0.1727,0.1699,0.171,120940.37,20698.17,0.171293
1566460800000,0.1709,0.1732,0.1698,0.173,126403.85,21604.71,0.171453
1566468000000,0.1726,0.1733,0.169,0.1701,93953.09,16007.15,0.171132
1566475200000,0.1701,0.1725,0.1701,0.1722,41869.13,7170.57,0.171336
1566482400000,0.1716,0.1734,0.1708,0.1728,86668.23,14929.24,0.172094
1566489600000,0.1734,0.1789,0.1725,0.1785,200573.35,35354.41,0.175653
1566496800000,0.1785,0.1797,0.1776,0.1785,211629.34,37815.68,0.17865
1566504000000,0.1783,0.179,0.1773,0.1776,65021.77,11581.96,0.178159
1566511200000,0.1777,0.1793,0.1758,0.1758,170426.82,30264.6,0.177614
1566518400000,0.1758,0.1758,0.1719,0.1729,112556.42,19562.82,0.17377
1566525600000,0.1729,0.1743,0.1726,0.1742,69495.24,12051.08,0.173433
1566532800000,0.1742,0.1747,0.1724,0.1724,55482.25,9622.53,0.173595
1566540000000,0.1724,0.1737,0.1701,0.1722,55351.43,9525.25,0.1719
1566547200000,0.1719,0.176,0.1719,0.1738,164739.58,28726.75,0.174012
1566554400000,0.1738,0.1746,0.173,0.1746,41282.26,7175.07,0.173773
1566561600000,0.1743,0.1768,0.174,0.1747,134174.91,23484.92,0.175405
1566568800000,0.1755,0.1796,0.1752,0.1793,140144.27,24901.52,0.1774
1566576000000,0.1798,0.1928,0.1793,0.1843,880058.0,163990.59,0.186164
1566583200000,0.1844,0.1997,0.1811,0.1901,1208838.03,231112.92,0.190476
1566590400000,0.189,0.1989,0.1861,0.1889,1122415.7,214492.68,0.1925
1566597600000,0.1884,0.1897,0.1848,0.1849,212662.03,39769.92,0.187338
1566604800000,0.1854,0.1998,0.1854,0.1951,1772535.58,340037.7,0.192901
1566612000000,0.1948,0.1979,0.1911,0.1911,614724.95,119757.64,0.194624
1566619200000,0.1911,0.2036,0.1909,0.2,780282.89,154699.3,0.197488
1566626400000,0.1998,0.2044,0.195,0.2019,713354.68,143018.47,0.199685
1566633600000,0.2005,0.204,0.1909,0.191,666544.18,131304.74,0.197707
1566640800000,0.1913,0.195,0.1884,0.1938,453376.5,87241.7,0.191668
1566648000000,0.1938,0.1938,0.189,0.1891,324977.5,62007.43,0.191384
1566655200000,0.189,0.1891,0.1847,0.1865,312393.66,58241.15,0.186825
1566662400000,0.1865,0.1886,0.1861,0.1873,103401.46,19407.36,0.187362
1566669600000,0.1878,0.1888,0.1865,0.1887,123866.03,23214.29,0.187626
1566676800000,0.1882,0.1887,0.1854,0.1856,75072.47,13997.9,0.187078
1566684000000,0.1852,0.1858,0.1826,0.185,132272.52,24325.22,0.184199
1566691200000,0.1852,0.1886,0.1836,0.188,137490.54,25752.27,0.186057
1566698400000,0.188,0.188,0.1858,0.1869,70046.9,13107.08,0.186863
1566705600000,0.1865,0.1869,0.1848,0.185,133313.83,24792.52,0.185865
1566712800000,0.185,0.1859,0.1843,0.1855,23229.34,4301.77,0.185096
1566720000000,0.1849,0.1861,0.1841,0.186,37539.64,6932.67,0.185071
1566727200000,0.1861,0.1866,0.1843,0.1844,53977.52,9990.39,0.185482
1566734400000,0.1846,0.1851,0.1821,0.1831,87740.3,16088.97,0.183583
1566741600000,0.1828,0.1859,0.1814,0.1817,262476.83,48067.59,0.183671
1566748800000,0.1822,0.1829,0.1803,0.1807,61600.94,11179.93,0.181614
1566756000000,0.1804,0.1804,0.1773,0.178,93575.75,16740.83,0.178788
1566763200000,0.1777,0.1778,0.1745,0.1761,225199.66,39555.62,0.176103
1566770400000,0.1762,0.1797,0.1762,0.1793,128750.4,22946.32,0.177999
1566777600000,0.1792,0.1833,0.1751,0.1777,484823.12,86404.5,0.179206
1566784800000,0.1779,0.1793,0.177,0.1781,61349.37,10939.67,0.17815
1566792000000,0.1775,0.1791,0.1775,0.1784,99475.57,17727.12,0.17833
1566799200000,0.1792,0.1802,0.1783,0.1791,38298.68,6847.11,0.17925
1566806400000,0.1793,0.1801,0.178,0.1793,42594.2,7623.77,0.17905
1566813600000,0.1797,0.1797,0.1781,0.1788,18573.02,3317.26,0.17887
1566820800000,0.1788,0.1791,0.1774,0.178,35288.95,6287.63,0.178241
1566828000000,0.1782,0.1793,0.1781,0.1792,42441.08,7588.39,0.1787
1566835200000,0.1786,0.1829,0.1772,0.1819,226518.05,40617.42,0.180032
1566842400000,0.1822,0.1822,0.1804,0.1808,45175.42,8197.92,0.181264
1566849600000,0.1806,0.1806,0.178,0.1785,21198.34,3792.8,0.179251
1566856800000,0.1784,0.1785,0.1754,0.1776,154881.46,27415.26,0.176932
1566864000000,0.1777,0.178,0.1761,0.1761,92935.16,16501.34,0.177082
1566871200000,0.1761,0.1761,0.1665,0.1686,843865.38,143750.74,0.171111
1566878400000,0.1687,0.1709,0.1681,0.1705,208088.22,35272.11,0.169488
1566885600000,0.1705,0.1707,0.1689,0.1703,42548.95,7230.83,0.169798
1566892800000,0.1702,0.1718,0.1695,0.1711,272295.55,46504.66,0.17065
1566900000000,0.171,0.1715,0.1694,0.1694,55868.94,9539.0,0.170492
1566907200000,0.1694,0.1708,0.1675,0.1701,120531.29,20351.04,0.169143
1566914400000,0.1705,0.172,0.1704,0.1718,21498.02,3675.99,0.17121
1566921600000,0.1715,0.1723,0.1709,0.171,27480.73,4712.34,0.171612
1566928800000,0.1712,0.1724,0.1712,0.1718,28815.85,4944.73,0.17182
1566936000000,0.1718,0.1718,0.1704,0.1708,17895.35,3063.54,0.171071
1566943200000,0.1706,0.173,0.1706,0.1723,35263.28,6077.78,0.17185
1566950400000,0.1721,0.1731,0.1709,0.1712,84056.36,14445.93,0.172015
1566957600000,0.1714,0.1718,0.1709,0.1713,13131.29,2249.45,0.17135
1566964800000,0.1709,0.1738,0.1698,0.1726,177419.88,30488.03,0.171802
1566972000000,0.1726,0.1735,0.1722,0.1722,110233.31,19035.92,0.172861
1566979200000,0.1725,0.1725,0.1705,0.1709,22127.31,3790.99,0.171462
1566986400000,0.1706,0.171,0.17,0.171,25992.3,4434.16,0.170488
1566993600000,0.1709,0.1717,0.1703,0.1707,17958.74,3074.33,0.171001
1567000800000,0.1707,0.1714,0.1703,0.171,7923.15,1353.79,0.17085
1567008000000,0.1708,0.1708,0.1697,0.1697,26354.98,4486.63,0.17025
1567015200000,0.1696,0.1697,0.1566,0.1581,510678.29,82462.01,0.162983
1567022400000,0.1579,0.159,0.1577,0.1583,32829.77,5206.53,0.158356
1567029600000,0.1585,0.1591,0.1573,0.1586,137462.98,21768.6,0.1582
1567036800000,0.1582,0.1589,0.1567,0.1585,68178.6,10764.57,0.157797
1567044000000,0.1589,0.1589,0.1552,0.157,50032.26,7881.15,0.156986
1567051200000,0.1572,0.1574,0.1559,0.1565,44156.92,6919.09,0.156638
1567058400000,0.156,0.1576,0.1513,0.1525,215936.89,33172.07,0.154467
1567065600000,0.1526,0.1543,0.1521,0.1539,48576.11,7459.48,0.153195
1567072800000,0.1543,0.1544,0.1534,0.1536,17574.11,2702.77,0.153893
1567080000000,0.154,0.154,0.1519,0.1538,58442.28,8940.61,0.152948
1567087200000,0.1531,0.1533,0.1496,0.1523,442217.81,66932.77,0.151435
1567094400000,0.1523,0.153,0.1518,0.1528,236488.22,35993.11,0.152393
1567101600000,0.1528,0.1555,0.1528,0.1549,80839.66,12474.3,0.154203
1567108800000,0.1551,0.1558,0.1534,0.1536,194278.47,30000.0,0.154627
1567116000000,0.1539,0.1545,0.1526,0.1545,27738.53,4260.0,0.153533
1567123200000,0.154,0.154,0.1524,0.153,4532.87,693.68,0.153168
1567130400000,0.1534,0.1545,0.1532,0.1533,19437.08,2993.62,0.153851
1567137600000,0.153,0.1564,0.153,0.1552,94137.13,14604.71,0.15477
1567144800000,0.1549,0.1552,0.154,0.154,46460.16,7181.67,0.154625
1567152000000,0.1543,0.1558,0.154,0.1558,28535.3,4415.27,0.154868
1567159200000,0.1558,0.1591,0.1558,0.1583,70575.9,11179.31,0.157517
1567166400000,0.1582,0.1592,0.1576,0.1592,18410.51,2909.35,0.158368
1567173600000,0.1586,0.159,0.1582,0.1584,10031.56,1589.3,0.158602
1567180800000,0.1582,0.1586,0.1581,0.1586,15311.87,2421.02,0.15834
1567188000000,0.1586,0.161,0.1579,0.161,62892.75,10057.82,0.159388
1567195200000,0.1611,0.1653,0.1608,0.1648,116710.3,18957.61,0.16307
1567202400000,0.1648,0.1659,0.164,0.1641,46895.23,7718.12,0.164968
1567209600000,0.164,0.1656,0.1635,0.1645,101979.26,16793.23,0.164554
1567216800000,0.1643,0.1659,0.1631,0.1658,94821.74,15588.44,0.164457
1567224000000,0.1653,0.1656,0.1623,0.1628,42674.94,7015.43,0.163933
1567231200000,0.1628,0.1634,0.1623,0.1629,30263.29,4935.37,0.16285
1567238400000,0.1632,0.1638,0.1625,0.1631,32586.9,5320.51,0.16315
1567245600000,0.1627,0.1641,0.1622,0.1638,12586.43,2052.01,0.163141
1567252800000,0.1631,0.164,0.1622,0.1622,15732.11,2563.82,0.16313
1567260000000,0.1626,0.1628,0.1615,0.1616,13652.69,2212.2,0.162159
1567267200000,0.1617,0.1625,0.1617,0.1617,15337.87,2485.4,0.1621
1567274400000,0.1623,0.1623,0.1608,0.1611,12098.37,1953.89,0.161521
1567281600000,0.1608,0.1627,0.1595,0.1627,10449.69,1677.0,0.161037
1567288800000,0.1631,0.1635,0.1622,0.1622,11971.69,1951.01,0.162877
1567296000000,0.1626,0.1626,0.1626,0.1626,270.79,44.03,
1567303200000,0.1623,0.1624,0.162,0.1623,3004.78,487.54,0.1622
1567310400000,0.1624,0.1624,0.1616,0.1617,3260.01,527.18,0.161988
1567317600000,0.1616,0.1616,0.1609,0.1611,5434.76,875.03,0.161235
1567324800000,0.1606,0.1611,0.1597,0.1598,6335.92,1016.58,0.160418
1567332000000,0.1598,0.16,0.159,0.1596,16955.92,2705.08,0.159498
1567339200000,0.1593,0.1593,0.1582,0.1583,4926.18,780.68,0.158737
1567346400000,0.158,0.158,0.1561,0.1575,52549.22,8251.41,0.157038
1567353600000,0.1576,0.1578,0.1568,0.1568,81113.23,12749.52,0.157319
1567360800000,0.1572,0.1578,0.1564,0.1578,72207.84,11346.91,0.157081
1567368000000,0.1578,0.16,0.1576,0.1587,48374.66,7681.51,0.15882
1567375200000,0.1587,0.1617,0.1587,0.1608,103732.59,16632.65,0.160263
1567382400000,0.1608,0.1613,0.1601,0.1613,34358.28,5516.97,0.160684
1567389600000,0.1612,0.1618,0.1612,0.1612,13247.32,2138.95,0.1615
1567396800000,0.1613,0.1616,0.1603,0.1608,29622.13,4775.27,0.160946
1567404000000,0.1603,0.1618,0.1601,0.1617,44595.13,7169.9,0.16094
1567411200000,0.161,0.1629,0.161,0.1621,14693.1,2383.71,0.161987
1567418400000,0.162,0.1639,0.162,0.1631,111192.83,18146.35,0.162987
1567425600000,0.163,0.1657,0.1626,0.1657,50339.85,8243.82,0.164103
1567432800000,0.1659,0.168,0.1641,0.1641,262111.99,43583.02,0.166109
1567440000000,0.1641,0.1674,0.1641,0.1673,58582.44,9708.64,0.165765
1567447200000,0.1673,0.1681,0.1666,0.1671,28313.01,4744.9,0.167351
1567454400000,0.1676,0.17,0.1676,0.1699,102527.21,17355.07,0.168815
1567461600000,0.1698,0.1732,0.1692,0.1729,121485.15,20837.65,0.171173
1567468800000,0.1733,0.1737,0.1688,0.1688,90956.06,15629.96,0.171303
1567476000000,0.169,0.1697,0.1683,0.1689,49432.33,8360.56,0.169
1567483200000,0.1689,0.169,0.1681,0.1682,26482.34,4462.59,0.16855
1567490400000,0.1691,0.1691,0.1675,0.1675,13551.67,2276.91,0.1683
1567497600000,0.1676,0.1677,0.1663,0.1665,42097.84,7037.02,0.166991
1567504800000,0.166,0.1681,0.1656,0.1666,30361.12,5056.86,0.166858
1567512000000,0.1666,0.1692,0.1665,0.1678,116342.5,19480.98,0.167884
1567519200000,0.1685,0.1714,0.1678,0.1688,46789.54,7926.13,0.169602
1567526400000,0.1694,0.1696,0.1685,0.1689,34547.14,5830.84,0.169045
1567533600000,0.169,0.1695,0.1686,0.1695,7504.73,1268.09,0.169033
1567540800000,0.1688,0.173,0.1688,0.1729,190934.72,32905.36,0.170916
1567548000000,0.1729,0.1732,0.168,0.1714,99935.37,17053.88,0.170567
1567555200000,0.1715,0.1716,0.1672,0.1677,51839.24,8823.59,0.169354
1567562400000,0.1682,0.1696,0.1678,0.1696,51709.34,8712.91,0.168664
1567569600000,0.1697,0.1703,0.1683,0.1683,15995.3,2710.2,0.169342
1567576800000,0.1686,0.1686,0.1679,0.1679,4333.24,729.09,0.16825
1567584000000,0.1677,0.1678,0.1663,0.167,16800.89,2803.22,0.167033
1567591200000,0.1665,0.1674,0.1665,0.1669,35759.61,5974.73,0.166963
1567598400000,0.1669,0.1671,0.164,0.1642,101434.29,16818.69,0.16555
1567605600000,0.1643,0.1648,0.1632,0.1646,34384.93,5636.86,0.163996
1567612800000,0.1654,0.1666,0.1654,0.1659,46797.74,7775.78,0.166016
1567620000000,0.1663,0.1677,0.1654,0.1672,41807.77,6969.86,0.166542
1567627200000,0.1672,0.1685,0.1645,0.1645,36433.84,6069.04,0.166584
1567634400000,0.1658,0.1659,0.1631,0.1646,33941.65,5580.17,0.164466
1567641600000,0.1642,0.1645,0.1634,0.1637,27706.17,4539.73,0.16395
1567648800000,0.1637,0.1641,0.1634,0.1637,6342.74,1038.4,0.16375
1567656000000,0.1641,0.1658,0.1641,0.1651,28142.49,4637.09,0.164983
1567663200000,0.1651,0.1657,0.1639,0.1645,23736.19,3913.09,0.1648
1567670400000,0.1651,0.1654,0.1641,0.1641,16809.42,2767.7,0.164776
1567677600000,0.1641,0.1649,0.1621,0.1639,72044.75,11800.3,0.163499
1567684800000,0.1639,0.1641,0.163,0.1633,22048.12,3604.29,0.163546
1567692000000,0.163,0.1631,0.1623,0.1631,21843.1,3557.11,0.162699
1567699200000,0.1626,0.1639,0.1611,0.1612,66577.83,10814.2,0.16254
1567706400000,0.1617,0.1625,0.1605,0.1605,87327.29,14109.07,0.16154
1567713600000,0.1609,0.1611,0.1584,0.1594,79524.16,12704.04,0.159717
1567720800000,0.1595,0.1605,0.1588,0.1591,54306.12,8669.38,0.159655
1567728000000,0.1587,0.1597,0.1585,0.1596,56724.49,9036.36,0.159092
1567735200000,0.1597,0.1607,0.1589,0.1593,61274.37,9774.75,0.159804
1567742400000,0.16,0.1611,0.1593,0.1596,20616.18,3299.03,0.160205
1567749600000,0.1595,0.1596,0.1585,0.1585,47908.58,7621.12,0.159063
1567756800000,0.1586,0.1588,0.1576,0.1585,40369.97,6388.15,0.158199
1567764000000,0.1585,0.161,0.1585,0.1602,57651.45,9230.31,0.159802
1567771200000,0.1602,0.161,0.1597,0.1603,40874.99,6547.62,0.16035
1567778400000,0.1611,0.1611,0.1591,0.1591,56112.36,8973.04,0.1601
1567785600000,0.1593,0.1597,0.1536,0.1547,135519.47,21101.25,0.156592
1567792800000,0.1551,0.1586,0.1547,0.156,118417.05,18518.57,0.156665
1567800000000,0.1554,0.1563,0.1536,0.1563,56140.58,8665.54,0.154924
1567807200000,0.1567,0.157,0.1557,0.1568,20070.06,3135.04,0.156349
1567814400000,0.1562,0.1562,0.1536,0.1552,25826.22,4003.6,0.154869
1567821600000,0.1558,0.1558,0.1551,0.1554,7945.59,1233.75,0.155437
1567828800000,0.1554,0.1568,0.1554,0.1564,14479.94,2262.12,0.156129
1567836000000,0.1568,0.1568,0.1557,0.1563,27356.68,4273.39,0.156234
1567843200000,0.1564,0.1567,0.1563,0.1567,6144.26,962.03,0.156492
1567850400000,0.1564,0.1572,0.1561,0.1572,3999.13,625.76,0.156627
1567857600000,0.1572,0.1582,0.1566,0.1577,20234.97,3188.86,0.157399
1567864800000,0.158,0.161,0.1579,0.161,52071.57,8312.98,0.159435
1567872000000,0.1601,0.1619,0.1598,0.1615,35416.41,5684.09,0.160856
1567879200000,0.1615,0.1622,0.1611,0.1619,23179.83,3747.28,0.161648
1567886400000,0.1621,0.1645,0.1621,0.1645,57499.62,9405.4,0.1633
1567893600000,0.164,0.1648,0.1637,0.1637,35876.96,5899.21,0.164258
1567900800000,0.1639,0.1643,0.1634,0.1634,31587.0,5170.29,0.163867
1567908000000,0.1631,0.165,0.1631,0.1642,44527.31,7284.52,0.164087
1567915200000,0.1652,0.1661,0.1638,0.1639,27066.83,4475.86,0.164985
1567922400000,0.1639,0.1647,0.1623,0.1644,80325.18,13130.7,0.163493
1567929600000,0.1636,0.1641,0.1627,0.1634,48713.79,7952.25,0.163399
1567936800000,0.1631,0.1634,0.1602,0.1619,42193.21,6814.22,0.161774
1567944000000,0.1619,0.164,0.1618,0.163,68102.57,11088.34,0.16293
1567951200000,0.1631,0.1649,0.1628,0.1647,116561.75,19133.47,0.163842
1567958400000,0.1651,0.1661,0.164,0.1641,128667.5,21206.22,0.165077
1567965600000,0.1642,0.1642,0.1615,0.1615,62585.8,10219.19,0.16285
1567972800000,0.1615,0.1623,0.1596,0.162,96100.68,15451.47,0.160943
1567980000000,0.1621,0.1624,0.1607,0.1617,53434.12,8617.0,0.161545
1567987200000,0.1617,0.1622,0.1612,0.1622,38094.94,6159.76,0.161683
1567994400000,0.1612,0.1618,0.1611,0.1611,41336.73,6662.54,0.161452
1568001600000,0.1611,0.1618,0.1611,0.1611,59513.96,9597.11,0.16145
1568008800000,0.1611,0.1616,0.1591,0.1595,74950.02,12042.26,0.160356
1568016000000,0.1598,0.1601,0.159,0.1594,31138.83,4969.37,0.159548
1568023200000,0.1602,0.163,0.1598,0.1621,76124.99,12303.83,0.161424
1568030400000,0.1619,0.1624,0.1604,0.1617,58221.66,9403.02,0.161399
1568037600000,0.1606,0.1611,0.1594,0.1607,58634.73,9388.14,0.16025
1568044800000,0.1607,0.1617,0.1603,0.1617,29375.36,4722.73,0.160971
1568052000000,0.1616,0.1626,0.1609,0.1626,28542.81,4607.59,0.161717
1568059200000,0.1623,0.1646,0.1623,0.1627,67885.12,11115.9,0.163457
1568066400000,0.1632,0.1648,0.1626,0.1644,66000.55,10847.31,0.163692
1568073600000,0.1644,0.1658,0.1641,0.1642,58260.83,9601.07,0.164952
1568080800000,0.1647,0.1658,0.1638,0.1644,84131.72,13866.38,0.164801
1568088000000,0.1647,0.1647,0.1633,0.164,49430.79,8113.03,0.163977
1568095200000,0.1634,0.1646,0.163,0.1645,40992.93,6708.45,0.16378
1568102400000,0.1647,0.1663,0.1645,0.166,113004.22,18682.61,0.165407
1568109600000,0.1657,0.1663,0.1634,0.1643,96037.92,15842.42,0.164841
1568116800000,0.1644,0.1652,0.1633,0.1645,22417.16,3677.38,0.16425
1568124000000,0.1646,0.1659,0.1646,0.1649,76382.12,12615.07,0.165257
1568131200000,0.1653,0.1664,0.1645,0.1645,87667.48,14468.52,0.165476
1568138400000,0.1645,0.1646,0.1591,0.1603,116821.01,18976.01,0.161756
1568145600000,0.1599,0.1617,0.1599,0.1608,31093.61,5001.5,0.16083
1568152800000,0.1615,0.1617,0.1604,0.161,45534.72,7336.11,0.161042
1568160000000,0.1608,0.1627,0.1607,0.1609,26125.8,4220.67,0.161701
1568167200000,0.1609,0.1613,0.16,0.161,15386.94,2469.8,0.16065
1568174400000,0.16,0.1604,0.1593,0.1601,13565.86,2167.86,0.15985
1568181600000,0.1596,0.1615,0.1592,0.1615,39866.96,6418.05,0.160309
1568188800000,0.1615,0.1615,0.1607,0.1607,15508.36,2500.6,0.1611
1568196000000,0.1601,0.1624,0.1601,0.1613,79150.07,12768.94,0.16129
1568203200000,0.1607,0.1611,0.1596,0.1596,66679.67,10721.41,0.160381
1568210400000,0.1597,0.1602,0.1582,0.1584,38427.78,6100.54,0.159218
1568217600000,0.1584,0.1589,0.1569,0.157,69923.97,11040.24,0.157928
1568224800000,0.1574,0.1576,0.1563,0.1565,19901.19,3121.23,0.15695
1568232000000,0.1567,0.1572,0.1562,0.157,12546.59,1966.34,0.156697
1568239200000,0.157,0.157,0.1561,0.1566,68271.28,10667.99,0.156537
1568246400000,0.1561,0.1565,0.1556,0.156,38545.58,6022.67,0.15605
1568253600000,0.1559,0.1559,0.1554,0.1554,35399.03,5509.01,0.15565
1568260800000,0.1557,0.1579,0.1553,0.156,99707.48,15621.97,0.156603
1568268000000,0.156,0.1562,0.1558,0.156,4595.4,717.1,0.156
1568275200000,0.156,0.1565,0.1559,0.1559,157937.43,24624.38,0.156202
1568282400000,0.1559,0.1563,0.1553,0.1559,73769.24,11505.22,0.1558
1568289600000,0.1561,0.1575,0.1556,0.1575,63319.57,9898.99,0.156511
1568296800000,0.1573,0.158,0.1567,0.1576,65774.76,10357.96,0.157349
1568304000000,0.1582,0.1582,0.1573,0.1576,52742.7,8330.71,0.157731
1568311200000,0.1576,0.1643,0.1576,0.164,114993.82,18442.35,0.160994
1568318400000,0.1645,0.1655,0.16,0.1603,66926.51,10870.7,0.16281
1568325600000,0.1606,0.1606,0.1597,0.1605,6423.03,1028.2,0.160149
1568332800000,0.1606,0.1606,0.1597,0.1597,26322.36,4214.79,0.16015
1568340000000,0.1597,0.16,0.1597,0.1597,7762.41,1240.26,0.15985
1568347200000,0.1597,0.1601,0.1582,0.1583,21278.25,3387.21,0.159174
1568354400000,0.1581,0.1586,0.1577,0.1583,12844.85,2033.02,0.158149
1568361600000,0.1577,0.1585,0.1577,0.158,10504.03,1660.47,0.158109
1568368800000,0.158,0.1586,0.1576,0.1583,68321.02,10802.91,0.158099
1568376000000,0.1578,0.1586,0.1578,0.1586,57422.03,9081.16,0.1582
1568383200000,0.1586,0.164,0.1585,0.1607,131401.99,21176.01,0.161311
1568390400000,0.1608,0.1612,0.1596,0.1601,47458.57,7610.1,0.160397
1568397600000,0.1605,0.1614,0.1604,0.161,16694.7,2687.38,0.16091
1568404800000,0.1613,0.1614,0.1607,0.1611,12722.65,2049.56,0.161047
1568412000000,0.1609,0.1613,0.1609,0.1612,36571.36,5889.11,0.161108
1568419200000,0.161,0.161,0.1605,0.1607,59319.09,9540.95,0.16074
1568426400000,0.1607,0.1621,0.1607,0.1617,66102.62,10682.47,0.161429
1568433600000,0.1616,0.1636,0.1616,0.1635,160500.52,26056.69,0.162615
1568440800000,0.1635,0.1635,0.1617,0.1623,59314.56,9634.93,0.162562
1568448000000,0.1622,0.1625,0.162,0.1623,21668.14,3516.85,0.16225
1568455200000,0.1627,0.1632,0.1627,0.163,18577.15,3028.06,0.16296
1568462400000,0.163,0.1647,0.163,0.1646,80674.5,13223.23,0.163864
1568469600000,0.1648,0.1673,0.164,0.1667,127754.95,21114.5,0.165641
1568476800000,0.1667,0.1687,0.1666,0.1681,196781.31,33014.29,0.167681
1568484000000,0.1681,0.1686,0.1667,0.1667,59256.23,9931.91,0.167689
1568491200000,0.1667,0.1668,0.1643,0.1645,65520.39,10842.23,0.165538
1568498400000,0.164,0.1659,0.1636,0.1653,64968.4,10682.17,0.164759
1568505600000,0.1663,0.1663,0.1643,0.1648,20875.2,3439.61,0.165259
1568512800000,0.1645,0.1648,0.164,0.1642,14934.68,2454.5,0.164402
1568520000000,0.1646,0.1648,0.164,0.1644,14813.81,2433.27,0.164398
1568527200000,0.165,0.165,0.1639,0.1639,8228.51,1348.83,0.16445
1568534400000,0.1634,0.1637,0.1632,0.1636,17487.18,2859.88,0.163448
1568541600000,0.1632,0.1641,0.1632,0.1634,17393.26,2846.42,0.163654
1568548800000,0.1638,0.1644,0.1638,0.164,11196.91,1838.03,0.164106
1568556000000,0.1639,0.1644,0.1635,0.1643,32298.15,5301.88,0.163942
1568563200000,0.1645,0.1645,0.1638,0.1642,21440.16,3516.33,0.16414
1568570400000,0.1636,0.1647,0.1636,0.1645,1261.21,207.26,0.16417
1568577600000,0.1646,0.1647,0.1642,0.1642,7697.47,1266.31,0.16446
1568584800000,0.1643,0.1649,0.1638,0.1649,19351.89,3184.02,0.16433
1568592000000,0.1643,0.1676,0.1643,0.1671,146434.68,24194.21,0.166005
1568599200000,0.1674,0.1679,0.165,0.165,85544.45,14192.92,0.166502
1568606400000,0.1654,0.1654,0.1644,0.1649,42150.08,6957.61,0.164883
1568613600000,0.1643,0.1654,0.1639,0.1654,20199.99,3328.62,0.164619
1568620800000,0.1651,0.1654,0.1644,0.1644,9213.66,1518.41,0.164921
1568628000000,0.1644,0.1651,0.1639,0.164,14594.85,2403.53,0.164509
1568635200000,0.1633,0.1635,0.1605,0.1606,181987.17,29417.49,0.162013
1568642400000,0.1604,0.1609,0.1603,0.1605,39203.42,6292.05,0.160601
1568649600000,0.1605,0.1621,0.1604,0.1621,6590.11,1063.21,0.161236
1568656800000,0.1622,0.1622,0.1611,0.1616,4672.86,755.99,0.16163
1568664000000,0.162,0.1643,0.1616,0.1617,40288.89,6545.22,0.162953
1568671200000,0.1618,0.1643,0.1615,0.1641,105893.89,17222.96,0.16289
1568678400000,0.1641,0.1648,0.1637,0.1637,14417.07,2369.4,0.164262
1568685600000,0.1637,0.1642,0.1637,0.1642,14855.69,2435.43,0.16395
1568692800000,0.164,0.1644,0.1638,0.1641,19856.32,3259.78,0.1641
1568700000000,0.1639,0.1647,0.1635,0.1638,43030.89,7072.01,0.1641
1568707200000,0.1634,0.1636,0.1626,0.1627,73290.65,11966.36,0.163107
1568714400000,0.1628,0.165,0.1628,0.1647,33625.63,5528.25,0.163934
1568721600000,0.1645,0.1676,0.1645,0.1666,119315.36,19856.24,0.166115
1568728800000,0.1664,0.1713,0.1664,0.1708,211864.69,35946.31,0.168913
1568736000000,0.1703,0.1764,0.1703,0.1764,248313.57,43010.8,0.17335
1568743200000,0.1767,0.1767,0.1734,0.1741,206138.65,35998.68,0.174986
1568750400000,0.1741,0.1762,0.173,0.1754,176544.54,30848.49,0.174594
1568757600000,0.1754,0.1757,0.1749,0.1752,134223.58,23546.84,0.1753
1568764800000,0.1752,0.1818,0.1749,0.1808,268445.11,47739.28,0.178419
1568772000000,0.1808,0.1809,0.179,0.1802,156762.31,28190.58,0.179936
1568779200000,0.1807,0.1823,0.1807,0.1816,42826.65,7773.89,0.18153
1568786400000,0.1816,0.1838,0.1816,0.1837,105566.11,19315.01,0.182715
1568793600000,0.1835,0.1884,0.1826,0.1877,390803.83,72147.03,0.185485
1568800800000,0.1878,0.1921,0.1878,0.1887,818727.66,155294.41,0.189969
1568808000000,0.1886,0.1887,0.181,0.1861,482031.1,89627.21,0.184782
1568815200000,0.1863,0.2038,0.1863,0.1923,807144.26,158457.98,0.195224
1568822400000,0.1925,0.1948,0.1893,0.1943,302691.25,58082.15,0.192013
1568829600000,0.1948,0.1951,0.1916,0.192,153777.31,29656.44,0.19334
1568836800000,0.192,0.2019,0.1916,0.1994,243482.55,47802.45,0.196906
1568844000000,0.1998,0.1998,0.1908,0.1922,166491.1,32271.41,0.195148
1568851200000,0.1917,0.2107,0.1915,0.203,327821.08,66566.59,0.201456
1568858400000,0.2032,0.2114,0.1928,0.1939,504022.3,100410.99,0.202337
1568865600000,0.1939,0.1951,0.1861,0.1936,184566.38,35251.49,0.190599
1568872800000,0.1935,0.1972,0.1878,0.1971,150589.93,29050.06,0.192393
1568880000000,0.1967,0.1969,0.1909,0.1931,216596.02,42036.82,0.193801
1568887200000,0.1931,0.1998,0.1877,0.1944,237950.75,45953.03,0.19375
1568894400000,0.1944,0.2029,0.1916,0.198,371349.52,73334.96,0.197277
1568901600000,0.1981,0.1996,0.1975,0.1993,61607.55,12223.74,0.198537
1568908800000,0.1995,0.2092,0.1995,0.206,140969.26,28961.88,0.204552
1568916000000,0.2051,0.2196,0.2045,0.2159,455588.37,97644.34,0.212277
1568923200000,0.2159,0.2431,0.2154,0.2197,2496800.64,574765.66,0.229304
1568930400000,0.22,0.2304,0.22,0.2273,584330.72,132480.52,0.225418
1568937600000,0.2272,0.2272,0.2119,0.2151,400081.52,87028.35,0.219253
1568944800000,0.2156,0.2212,0.2152,0.2183,199240.72,43518.05,0.218267
1568952000000,0.2192,0.2216,0.2181,0.2203,159786.58,35201.18,0.219853
1568959200000,0.2203,0.2301,0.2187,0.2278,451305.1,101345.19,0.224442
1568966400000,0.2264,0.2306,0.2199,0.2279,378707.66,85736.04,0.225241
1568973600000,0.2271,0.2407,0.2257,0.2405,549354.61,128033.37,0.23305
1568980800000,0.2403,0.27,0.2344,0.2532,3890172.56,964422.54,0.252385
1568988000000,0.2548,0.2623,0.2403,0.2433,1716557.21,432885.18,0.251465
1568995200000,0.2432,0.2635,0.241,0.2489,1071745.68,267711.63,0.252351
1569002400000,0.2489,0.2491,0.2304,0.2355,989303.75,234383.24,0.239389
1569009600000,0.2354,0.2404,0.2332,0.2395,765577.92,181581.46,0.236743
1569016800000,0.2396,0.2408,0.2317,0.233,580174.94,136226.35,0.236242
1569024000000,0.233,0.2333,0.2231,0.2236,692029.89,157849.52,0.228173
1569031200000,0.2237,0.2348,0.2237,0.2343,542144.78,124840.99,0.229324
1569038400000,0.2342,0.2562,0.2336,0.2459,813350.97,200664.38,0.245248
1569045600000,0.2459,0.2515,0.2452,0.2464,212566.27,52741.52,0.248353
1569052800000,0.2464,0.2472,0.2372,0.238,201500.5,48711.84,0.2422
1569060000000,0.2377,0.2402,0.2365,0.2394,141030.75,33573.19,0.238339
1569067200000,0.2395,0.2396,0.231,0.2315,230288.27,53843.56,0.235245
1569074400000,0.2315,0.2347,0.2302,0.2343,243760.99,56685.35,0.232402
1569081600000,0.235,0.2455,0.2328,0.2455,278353.85,66683.46,0.238923
1569088800000,0.2457,0.2469,0.2366,0.2392,166935.22,40350.31,0.241673
1569096000000,0.2394,0.2419,0.2394,0.2414,119418.85,28749.39,0.240698
1569103200000,0.2414,0.25,0.2404,0.2467,324187.96,79889.22,0.245295
1569110400000,0.2464,0.2475,0.2394,0.244,230168.96,56092.74,0.243411
1569117600000,0.244,0.2482,0.2431,0.2481,158412.26,39081.77,0.245573
1569124800000,0.2482,0.2583,0.2482,0.2525,651351.03,165275.42,0.253388
1569132000000,0.2526,0.2553,0.2457,0.2494,260120.94,65366.46,0.250486
1569139200000,0.2492,0.252,0.2435,0.245,195321.15,48286.63,0.247792
1569146400000,0.245,0.245,0.2361,0.2361,404469.26,96923.41,0.24055
1569153600000,0.2361,0.2418,0.2338,0.2345,408724.07,97558.52,0.237825
1569160800000,0.2353,0.2404,0.2337,0.2351,261829.37,62186.3,0.23705
1569168000000,0.2356,0.238,0.2335,0.2344,146480.02,34521.06,0.235764
1569175200000,0.2341,0.2379,0.2327,0.2337,210746.17,49465.96,0.235302
1569182400000,0.2337,0.2341,0.2309,0.232,245680.01,57053.78,0.232473
1569189600000,0.232,0.2388,0.2315,0.2361,388202.56,90990.91,0.235244
1569196800000,0.2361,0.2372,0.2325,0.2343,112384.87,26435.69,0.234837
1569204000000,0.2347,0.2377,0.2342,0.237,76013.36,17873.06,0.235962
1569211200000,0.238,0.2382,0.231,0.2319,174447.74,40781.83,0.234523
1569218400000,0.2317,0.2317,0.225,0.2251,386735.87,87590.06,0.228334
1569225600000,0.2251,0.2255,0.2177,0.2221,595980.14,132511.11,0.221523
1569232800000,0.2224,0.2235,0.2177,0.2203,172683.62,38043.46,0.220575
1569240000000,0.2207,0.2214,0.2167,0.2207,200630.67,43912.88,0.21905
1569247200000,0.2206,0.222,0.2162,0.2178,301554.38,65964.87,0.219094
1569254400000,0.2181,0.2197,0.2125,0.2144,989708.49,212843.33,0.216089
1569261600000,0.2144,0.2176,0.2132,0.2171,92896.87,20027.36,0.215364
1569268800000,0.218,0.2181,0.2101,0.2108,329137.07,70075.7,0.214024
1569276000000,0.2107,0.211,0.2071,0.2088,211154.03,44134.9,0.209006
1569283200000,0.2097,0.21,0.2055,0.2071,149024.66,30913.01,0.207691
1569290400000,0.207,0.2115,0.204,0.2113,316349.34,65526.13,0.207625
1569297600000,0.2118,0.219,0.2061,0.2183,350831.1,74227.77,0.212381
1569304800000,0.2183,0.2349,0.2181,0.2286,764676.21,174383.55,0.226816
1569312000000,0.2288,0.2305,0.2202,0.2237,330425.22,74300.72,0.225291
1569319200000,0.2237,0.2266,0.2198,0.2227,172075.61,38283.3,0.2232
1569326400000,0.2227,0.2227,0.2145,0.2152,237023.42,51526.68,0.218507
1569333600000,0.216,0.216,0.2077,0.2139,452632.73,95708.83,0.2118
1569340800000,0.2138,0.2188,0.2063,0.2098,501060.95,106676.75,0.21257
1569348000000,0.2098,0.2116,0.175,0.1866,1103482.72,212504.89,0.192753
1569355200000,0.1885,0.1963,0.1788,0.1917,666563.44,125677.81,0.187529
1569362400000,0.1917,0.1942,0.1882,0.1891,195636.88,37327.83,0.191239
1569369600000,0.1891,0.1991,0.1891,0.1986,144380.84,27987.58,0.194173
1569376800000,0.1992,0.203,0.1944,0.1947,200904.16,40033.04,0.198829
1569384000000,0.1947,0.2018,0.1947,0.2011,70142.21,13957.81,0.198339
1569391200000,0.2015,0.2035,0.1892,0.1895,184173.66,36302.58,0.196532
1569398400000,0.1893,0.1973,0.1885,0.197,322864.0,62107.73,0.192841
1569405600000,0.198,0.1988,0.1921,0.1968,159732.42,31113.62,0.195434
1569412800000,0.1967,0.203,0.1933,0.1963,458466.22,90890.21,0.198151
1569420000000,0.1964,0.2021,0.1941,0.1948,373915.56,73872.54,0.198125
1569427200000,0.1947,0.2008,0.1923,0.2,256658.03,50244.94,0.196464
1569434400000,0.2009,0.2026,0.1998,0.201,161495.1,32582.69,0.2012
1569441600000,0.2012,0.2063,0.1991,0.2056,115023.03,23245.24,0.202628
1569448800000,0.2053,0.2129,0.2051,0.2126,439627.99,92092.6,0.209014
1569456000000,0.2128,0.214,0.2077,0.213,243188.64,51295.7,0.210849
1569463200000,0.2127,0.2227,0.2097,0.2209,508403.62,109057.31,0.216134
1569470400000,0.2204,0.2226,0.2128,0.215,725651.31,157635.05,0.2177
1569477600000,0.2153,0.2246,0.2138,0.2246,777397.68,169299.84,0.219029
1569484800000,0.224,0.2331,0.2212,0.2318,1526513.13,345736.24,0.22706
1569492000000,0.2325,0.2347,0.2263,0.2299,879548.77,203137.48,0.230483
1569499200000,0.2299,0.2326,0.2123,0.2147,783084.25,173646.65,0.222474
1569506400000,0.2149,0.2297,0.212,0.2137,1876447.04,413718.08,0.220858
1569513600000,0.2132,0.2201,0.2065,0.2165,422286.51,90531.46,0.213277
1569520800000,0.2168,0.2255,0.2157,0.2218,611465.27,135320.55,0.22069
1569528000000,0.2217,0.2249,0.2121,0.2188,1129810.07,245843.04,0.218477
1569535200000,0.2187,0.2239,0.2137,0.2186,494769.91,108052.98,0.2188
1569542400000,0.2179,0.2232,0.2172,0.2222,215249.62,47373.2,0.220222
1569549600000,0.2222,0.2252,0.2214,0.2221,188880.38,42289.91,0.2233
1569556800000,0.2224,0.2253,0.2172,0.2192,335028.65,74281.42,0.221268
1569564000000,0.2192,0.2246,0.2189,0.2217,224248.67,49710.14,0.221816
1569571200000,0.2221,0.2239,0.2167,0.218,208098.38,45624.61,0.220322
1569578400000,0.218,0.2208,0.2121,0.213,332979.21,71954.39,0.216536
1569585600000,0.214,0.2158,0.2117,0.2122,172726.79,36869.08,0.213783
1569592800000,0.2122,0.2155,0.209,0.2101,520938.63,110153.13,0.212279
1569600000000,0.2106,0.2174,0.209,0.2148,421974.45,89935.47,0.213233
1569607200000,0.2134,0.2166,0.2117,0.2126,289453.26,61839.86,0.214158
1569614400000,0.2122,0.2173,0.2122,0.2146,168664.93,36286.19,0.214829
1569621600000,0.2145,0.2166,0.2126,0.2134,130474.5,28007.05,0.214613
1569628800000,0.2134,0.2161,0.2118,0.2136,207614.98,44438.43,0.21395
1569636000000,0.213,0.2168,0.2129,0.2152,94296.4,20332.63,0.214915
1569643200000,0.2155,0.2163,0.2143,0.2163,125489.37,27014.14,0.215275
1569650400000,0.2167,0.2201,0.2166,0.2201,160255.79,35012.51,0.218335
1569657600000,0.2201,0.2206,0.215,0.2181,222326.66,48335.31,0.217757
1569664800000,0.2181,0.2191,0.2128,0.2132,241565.62,51767.72,0.216003
1569672000000,0.2133,0.2149,0.21,0.2126,285652.11,60656.23,0.212447
1569679200000,0.2126,0.2128,0.2103,0.2128,63466.49,13424.29,0.211548
1569686400000,0.2125,0.2153,0.2115,0.2132,201023.75,42957.17,0.213405
1569693600000,0.2133,0.2141,0.2115,0.2137,152202.89,32419.01,0.212796
1569700800000,0.2137,0.2143,0.2127,0.2129,34162.34,7293.33,0.213513
1569708000000,0.2135,0.2155,0.2095,0.2107,321673.37,68020.44,0.212523
1569715200000,0.2111,0.2134,0.2083,0.209,154829.75,32497.99,0.210885
1569722400000,0.209,0.209,0.204,0.2046,435766.29,89755.79,0.206428
1569729600000,0.2046,0.207,0.2038,0.2069,127405.63,26099.89,0.205348
1569736800000,0.2069,0.2087,0.2036,0.2051,285776.7,58974.31,0.206155
1569744000000,0.2054,0.2065,0.2046,0.2047,76050.25,15648.7,0.205568
1569751200000,0.2048,0.2062,0.2041,0.2062,26442.34,5414.7,0.205106
1569758400000,0.2062,0.2065,0.1971,0.1991,624416.47,125505.36,0.201659
1569765600000,0.1988,0.203,0.1963,0.1997,359145.2,71801.04,0.199652
1569772800000,0.2002,0.2014,0.199,0.2006,102402.57,20498.57,0.200199
1569780000000,0.2004,0.203,0.1963,0.2012,594754.87,119272.85,0.199646
1569787200000,0.2012,0.2048,0.2003,0.204,264056.1,53633.65,0.202545
1569794400000,0.2039,0.205,0.2009,0.2012,83252.72,16931.46,0.202999
1569801600000,0.2013,0.2036,0.1993,0.1994,169264.41,33947.65,0.201506
1569808800000,0.2007,0.2021,0.1918,0.1925,512630.47,100614.51,0.197016
1569816000000,0.1925,0.195,0.1894,0.1911,787429.13,150839.86,0.192206
1569823200000,0.1911,0.1926,0.1894,0.1914,154498.44,29460.91,0.190999
1569830400000,0.1915,0.1985,0.1915,0.1969,194771.04,37813.2,0.19514
1569837600000,0.1972,0.1991,0.1957,0.1989,185705.6,36603.67,0.197357
1569844800000,0.1983,0.2021,0.1971,0.2008,188322.07,37595.5,0.199603
1569852000000,0.2003,0.2101,0.1998,0.2046,552047.14,113764.78,0.205064
1569859200000,0.2046,0.2063,0.2013,0.203,276039.1,56235.65,0.2038
1569866400000,0.203,0.2062,0.2021,0.2033,103618.7,21168.87,0.204151
1569873600000,0.2033,0.2034,0.1971,0.2028,352023.12,70400.51,0.200246
1569880800000,0.2035,0.2042,0.2001,0.204,132193.31,26807.3,0.202144
1569888000000,0.2046,0.2054,0.1999,0.2046,98697.79,20013.24,0.20265
1569895200000,0.2044,0.2089,0.2034,0.2046,506602.75,104497.1,0.206151
1569902400000,0.2044,0.2087,0.204,0.2061,92035.64,19066.34,0.206387
1569909600000,0.2066,0.2066,0.2033,0.205,68048.68,13946.46,0.204897
1569916800000,0.205,0.2058,0.2044,0.2054,46001.13,9430.95,0.205098
1569924000000,0.2057,0.2065,0.2031,0.2064,79293.38,16264.61,0.204787
1569931200000,0.2064,0.2077,0.203,0.2052,172925.3,35349.44,0.205343
1569938400000,0.2055,0.2108,0.2051,0.209,295323.4,61723.73,0.208023
1569945600000,0.2089,0.2105,0.2073,0.2081,291361.66,61004.0,0.208906
1569952800000,0.2078,0.2187,0.2074,0.2171,514025.75,109770.11,0.213172
1569960000000,0.2177,0.2236,0.2109,0.2113,908625.17,198500.36,0.217436
1569967200000,0.2113,0.2124,0.2102,0.2116,113492.32,23987.26,0.211299
1569974400000,0.2113,0.2204,0.2113,0.2173,381322.66,82570.0,0.216039
1569981600000,0.2175,0.2177,0.2135,0.216,197525.31,42424.78,0.215562
1569988800000,0.216,0.2195,0.212,0.2129,386177.94,83735.93,0.215808
1569996000000,0.2129,0.2145,0.2117,0.2123,169836.92,36212.08,0.213106
1570003200000,0.212,0.2136,0.209,0.2108,368008.42,77756.7,0.211298
1570010400000,0.2103,0.2119,0.2096,0.2113,113363.77,23879.56,0.210748
1570017600000,0.2118,0.2122,0.2024,0.2051,599791.12,123539.3,0.207148
1570024800000,0.2049,0.2067,0.2024,0.2046,293806.65,60220.38,0.20455
1570032000000,0.2046,0.2078,0.2038,0.2049,154231.86,31694.65,0.205801
1570039200000,0.2052,0.2052,0.2027,0.2047,98454.25,20017.59,0.20394
1570046400000,0.2047,0.2053,0.2036,0.2044,106950.1,21870.08,0.204449
1570053600000,0.2049,0.2082,0.2042,0.208,274140.06,56531.35,0.206156
1570060800000,0.2083,0.2104,0.2077,0.2082,208668.98,43603.48,0.20905
1570068000000,0.2082,0.2123,0.2082,0.2107,119362.77,25178.46,0.210332
1570075200000,0.211,0.2149,0.211,0.2127,92029.89,19605.48,0.213005
1570082400000,0.2123,0.214,0.2115,0.2138,122979.1,26207.83,0.21272
1570089600000,0.2132,0.2137,0.209,0.2109,70347.88,14838.73,0.211305
1570096800000,0.2104,0.2108,0.2069,0.207,91810.56,19138.1,0.208885
1570104000000,0.2066,0.2083,0.2056,0.2065,164686.71,34013.37,0.20695
1570111200000,0.2068,0.2068,0.2016,0.2035,356160.37,72309.33,0.204094
1570118400000,0.2034,0.208,0.2034,0.208,131882.1,27227.58,0.2057
1570125600000,0.2072,0.2084,0.2051,0.2079,95874.91,19819.44,0.206741
1570132800000,0.2082,0.2113,0.2073,0.21,212794.74,44578.6,0.209311
1570140000000,0.21,0.2121,0.2098,0.2113,115155.39,24314.18,0.210976
1570147200000,0.2113,0.2113,0.2086,0.2104,158092.16,33226.97,0.209924
1570154400000,0.2108,0.2108,0.2088,0.2092,104322.89,21885.13,0.209762
1570161600000,0.2093,0.2096,0.2076,0.2086,81410.37,16989.27,0.208589
1570168800000,0.2099,0.21,0.2073,0.2077,72918.99,15201.84,0.20862
1570176000000,0.2075,0.2083,0.2064,0.2078,107930.92,22390.17,0.207348
1570183200000,0.2078,0.2101,0.2069,0.2093,84940.72,17677.97,0.208497
1570190400000,0.2095,0.2188,0.2095,0.2181,662914.48,142821.06,0.214245
1570197600000,0.2182,0.219,0.2149,0.2187,515167.93,111927.6,0.216944
1570204800000,0.218,0.2278,0.2175,0.2273,875459.79,194990.81,0.22265
1570212000000,0.2275,0.2288,0.2182,0.2191,537726.88,120075.25,0.223537
1570219200000,0.2193,0.2237,0.2187,0.2212,339779.17,75336.2,0.221236
1570226400000,0.2216,0.222,0.219,0.2203,88639.59,19594.45,0.220478
1570233600000,0.2193,0.2199,0.2175,0.2191,121659.86,26597.95,0.218699
1570240800000,0.219,0.2206,0.2188,0.2206,84089.71,18483.43,0.219675
1570248000000,0.2206,0.2212,0.2198,0.2203,142676.73,31432.63,0.220501
1570255200000,0.2204,0.2214,0.2188,0.2202,227274.4,50083.1,0.2201
1570262400000,0.2199,0.2212,0.2185,0.2185,120705.12,26558.38,0.219897
1570269600000,0.2186,0.2188,0.213,0.2164,526347.01,113599.35,0.21584
1570276800000,0.2162,0.2169,0.2136,0.2151,150631.1,32440.13,0.215239
1570284000000,0.2153,0.2164,0.2144,0.2162,93190.1,20077.38,0.215381
1570291200000,0.2163,0.2219,0.2159,0.2212,246396.89,54059.42,0.21893
1570298400000,0.2215,0.2242,0.221,0.2229,172778.85,38506.79,0.22262
1570305600000,0.2231,0.225,0.2188,0.2243,219817.35,48739.47,0.221883
1570312800000,0.2235,0.2241,0.2199,0.221,161863.5,35888.62,0.221976
1570320000000,0.2213,0.2229,0.2206,0.2215,57699.1,12792.48,0.221751
1570327200000,0.2212,0.2215,0.2204,0.221,50239.63,11099.75,0.220949
1570334400000,0.2215,0.2215,0.2187,0.2194,76621.16,16832.55,0.220043
1570341600000,0.2191,0.2196,0.2141,0.2157,217742.42,47261.67,0.216792
1570348800000,0.2157,0.216,0.2131,0.2145,90156.03,19316.61,0.214525
1570356000000,0.2147,0.2156,0.2133,0.215,147764.51,31694.97,0.214448
1570363200000,0.2157,0.2161,0.2121,0.2129,270592.89,57972.4,0.214072
1570370400000,0.2129,0.2163,0.2118,0.2163,146895.83,31359.41,0.213958
1570377600000,0.2164,0.2164,0.2131,0.2135,170065.97,36535.44,0.214702
1570384800000,0.2135,0.2138,0.2085,0.212,379557.08,79973.61,0.211117
1570392000000,0.2113,0.2145,0.2105,0.2137,95445.52,20344.09,0.2125
1570399200000,0.2135,0.2137,0.2096,0.2114,94086.16,19899.11,0.211594
1570406400000,0.2115,0.2118,0.2096,0.2102,110963.66,23363.53,0.210686
1570413600000,0.21,0.2108,0.2099,0.2106,159756.17,33649.06,0.210356
1570420800000,0.2102,0.2108,0.2102,0.2108,62183.61,13100.56,0.2105
1570428000000,0.2108,0.2113,0.2105,0.2113,135978.27,28683.75,0.210884
1570435200000,0.2113,0.2113,0.21,0.2105,235931.04,49796.17,0.210624
1570442400000,0.2109,0.2192,0.2105,0.2148,204939.61,43921.95,0.214956
1570449600000,0.2151,0.2192,0.2148,0.219,139428.43,30468.09,0.216988
1570456800000,0.2192,0.2212,0.2182,0.2195,187941.16,41256.14,0.219701
1570464000000,0.2203,0.2253,0.2193,0.2242,174117.07,38619.87,0.222306
1570471200000,0.2244,0.2267,0.2237,0.226,318207.35,71689.68,0.2252
1570478400000,0.2259,0.2259,0.221,0.2247,299296.59,66870.25,0.223422
1570485600000,0.2254,0.2254,0.2188,0.2202,346721.74,76923.63,0.221971
1570492800000,0.2205,0.227,0.2204,0.2265,159067.93,35678.82,0.223752
1570500000000,0.2266,0.228,0.2252,0.2273,112058.08,25420.89,0.226594
1570507200000,0.2274,0.2275,0.2237,0.2269,122284.03,27599.66,0.225593
1570514400000,0.227,0.2314,0.2268,0.2304,184242.47,42308.96,0.229163
1570521600000,0.2303,0.2374,0.229,0.2356,449916.07,104993.33,0.233228
1570528800000,0.2359,0.242,0.2328,0.2339,364696.89,86698.96,0.23743
1570536000000,0.2339,0.2411,0.2339,0.24,543277.83,130188.06,0.23762
1570543200000,0.24,0.2452,0.2388,0.2452,516885.09,124749.93,0.241881
1570550400000,0.2452,0.2525,0.2444,0.2458,941089.32,233708.01,0.248454
1570557600000,0.2464,0.2517,0.244,0.2517,209906.75,51591.28,0.247689
1570564800000,0.2507,0.2531,0.2471,0.2517,474799.11,119126.93,0.250092
1570572000000,0.2528,0.2614,0.2525,0.2581,515032.82,132352.43,0.257096
1570579200000,0.2594,0.2606,0.252,0.26,261179.8,66559.16,0.256296
1570586400000,0.26,0.2739,0.2586,0.27,810572.11,217328.65,0.266399
1570593600000,0.27,0.2735,0.2637,0.2709,364120.97,97523.2,0.268596
1570600800000,0.27,0.273,0.2664,0.2707,435686.45,117224.21,0.269698
1570608000000,0.271,0.28,0.271,0.278,660633.35,182439.15,0.275678
1570615200000,0.278,0.278,0.2559,0.2563,1521979.06,400325.62,0.266886
1570622400000,0.2563,0.269,0.2503,0.2689,1269328.86,327360.79,0.259272
1570629600000,0.2689,0.2756,0.2461,0.2573,1724454.67,442757.12,0.26076
1570636800000,0.2564,0.2608,0.253,0.2572,418714.15,107872.84,0.2569
1570644000000,0.2585,0.2586,0.2528,0.2543,70460.92,17932.53,0.255594
1570651200000,0.2547,0.2576,0.2506,0.254,188045.79,47620.92,0.254099
1570658400000,0.2536,0.2563,0.2535,0.2559,121023.21,30862.83,0.25493
1570665600000,0.2554,0.2574,0.254,0.2545,105362.44,26969.26,0.255713
1570672800000,0.2545,0.2546,0.2474,0.2494,292665.04,73476.98,0.250864
1570680000000,0.2494,0.2546,0.2494,0.253,96754.89,24410.38,0.252109
1570687200000,0.2528,0.2649,0.2527,0.2649,282949.72,73329.23,0.258784
1570694400000,0.2649,0.2774,0.26,0.26,874120.14,235587.59,0.268826
1570701600000,0.2599,0.2701,0.2553,0.2619,604101.24,158421.66,0.262708
1570708800000,0.2629,0.2695,0.2556,0.267,615579.33,161478.57,0.262497
1570716000000,0.2668,0.2723,0.266,0.2715,323605.81,86894.09,0.26915
1570723200000,0.2715,0.2764,0.2681,0.2718,280381.59,76451.05,0.27225
1570730400000,0.2727,0.2756,0.2643,0.2658,337562.42,91285.4,0.270022
1570737600000,0.2658,0.2722,0.2625,0.2722,212969.74,56792.6,0.267148
1570744800000,0.273,0.2742,0.269,0.2717,148294.19,40166.83,0.271588
1570752000000,0.2718,0.2721,0.2672,0.2706,169722.49,45741.09,0.269626
1570759200000,0.2708,0.2796,0.2705,0.2761,337070.32,92766.76,0.275198
1570766400000,0.2765,0.2796,0.2637,0.2656,579347.29,157148.58,0.27173
1570773600000,0.265,0.2665,0.2636,0.2646,120515.69,31941.73,0.265051
1570780800000,0.2639,0.2716,0.2616,0.2701,244554.43,64727.91,0.266557
1570788000000,0.271,0.2715,0.2667,0.2668,137245.64,37016.96,0.269147
1570795200000,0.267,0.2704,0.2657,0.2679,217372.93,58171.21,0.268056
1570802400000,0.2675,0.2693,0.2668,0.2685,65182.12,17461.95,0.268052
1570809600000,0.2678,0.2691,0.2658,0.2673,148350.47,39688.97,0.267449
1570816800000,0.2665,0.2681,0.2651,0.2651,58779.07,15655.35,0.266646
1570824000000,0.2658,0.2658,0.2624,0.2635,52167.7,13737.87,0.264029
1570831200000,0.2633,0.2633,0.2554,0.2567,303257.1,78054.43,0.259213
1570838400000,0.2559,0.2603,0.2555,0.2603,128646.5,33102.69,0.257847
1570845600000,0.2606,0.2638,0.2579,0.2618,102973.13,26852.69,0.260846
1570852800000,0.2611,0.2619,0.26,0.2615,40909.68,10682.14,0.260946
1570860000000,0.2617,0.262,0.2552,0.2559,96468.88,24907.14,0.258556
1570867200000,0.2564,0.2599,0.2545,0.2547,124355.82,31835.06,0.257242
1570874400000,0.2548,0.2571,0.2511,0.2562,129561.19,32896.39,0.254081
1570881600000,0.2566,0.2608,0.2565,0.2591,110889.62,28710.95,0.258724
1570888800000,0.2585,0.2629,0.2575,0.259,136088.7,35325.82,0.260203
1570896000000,0.2596,0.2622,0.2587,0.2608,41609.15,10822.64,0.260458
1570903200000,0.2607,0.2623,0.2573,0.2588,67016.0,17393.17,0.259802
1570910400000,0.2595,0.2609,0.2579,0.259,38279.87,9933.15,0.259401
1570917600000,0.2591,0.2594,0.2562,0.257,41154.52,10603.61,0.25777
1570924800000,0.257,0.2611,0.2563,0.261,43755.71,11374.38,0.258637
1570932000000,0.2616,0.2634,0.2606,0.2627,76938.32,20182.45,0.261994
1570939200000,0.2634,0.27,0.2628,0.2696,330787.94,88121.49,0.266377
1570946400000,0.269,0.2723,0.2675,0.2701,217809.45,58761.78,0.269905
1570953600000,0.27,0.2743,0.2694,0.2742,214155.6,58179.58,0.271794
1570960800000,0.2744,0.2748,0.2694,0.2697,139645.59,38107.21,0.272112
1570968000000,0.2699,0.2765,0.2698,0.2754,351797.63,96109.79,0.273251
1570975200000,0.276,0.2782,0.274,0.2779,280715.0,77706.39,0.276054
1570982400000,0.2778,0.2789,0.2729,0.2734,289195.51,79730.77,0.275947
1570989600000,0.2735,0.2772,0.2728,0.2734,164247.02,45259.01,0.275
1570996800000,0.2735,0.2735,0.265,0.2703,251590.81,67591.28,0.269153
1571004000000,0.2711,0.2977,0.2709,0.2968,1161130.18,332014.46,0.284404
1571011200000,0.2976,0.3082,0.2859,0.2954,2452900.84,735186.73,0.297051
1571018400000,0.2951,0.3006,0.2936,0.2956,356017.94,105707.12,0.297102
1571025600000,0.2956,0.3019,0.2898,0.2979,311538.41,92057.78,0.295842
1571032800000,0.2975,0.2985,0.2904,0.292,437328.43,128470.57,0.294411
1571040000000,0.2918,0.3034,0.2905,0.2986,308036.27,91464.97,0.297081
1571047200000,0.2986,0.3027,0.2962,0.3018,220176.4,65962.84,0.299402
1571054400000,0.3019,0.32,0.3007,0.3181,1352091.42,421051.69,0.310425
1571061600000,0.3182,0.327,0.3085,0.3099,2009547.7,640882.31,0.317946
1571068800000,0.3099,0.3199,0.3079,0.3169,614334.9,193230.57,0.313946
1571076000000,0.3169,0.3365,0.3164,0.3223,1665680.7,542051.35,0.326576
1571083200000,0.3222,0.3417,0.3167,0.3347,1188586.18,391441.74,0.32925
1571090400000,0.3363,0.3413,0.327,0.3323,929358.36,310322.38,0.334147
1571097600000,0.3329,0.3372,0.3212,0.3218,412309.01,135825.43,0.329453
1571104800000,0.3212,0.3244,0.3133,0.3219,872626.58,278072.13,0.318847
1571112000000,0.3222,0.3327,0.3176,0.3241,836127.56,272650.22,0.325158
1571119200000,0.3244,0.3249,0.3195,0.3209,256244.77,82383.81,0.322147
1571126400000,0.3204,0.3316,0.3186,0.3302,321135.48,104986.18,0.325067
1571133600000,0.33,0.3408,0.3286,0.3383,552884.98,185156.84,0.334772
1571140800000,0.3384,0.344,0.3259,0.3269,602629.3,202844.63,0.335208
1571148000000,0.3269,0.3353,0.3256,0.3298,292130.68,96544.12,0.330498
1571155200000,0.328,0.3286,0.3082,0.31,1184335.51,374310.74,0.318255
1571162400000,0.31,0.3162,0.3023,0.3088,499488.0,153915.09,0.30925
1571169600000,0.3088,0.3195,0.308,0.31,611340.95,191741.54,0.313762
1571176800000,0.31,0.3228,0.3091,0.3151,395877.23,126194.26,0.316072
1571184000000,0.3161,0.3161,0.3106,0.3148,157772.49,49473.81,0.31332
1571191200000,0.3152,0.3153,0.2979,0.3072,425675.35,129514.83,0.306343
1571198400000,0.307,0.307,0.3016,0.3045,129975.87,39444.07,0.304218
1571205600000,0.3049,0.3052,0.2975,0.3024,271251.4,81569.01,0.301288
1571212800000,0.3022,0.3026,0.2864,0.2887,591178.92,173245.36,0.2943
1571220000000,0.2889,0.2955,0.2878,0.2898,347073.3,100848.07,0.291658
1571227200000,0.2894,0.2897,0.2726,0.2872,945302.72,265290.8,0.28112
1571234400000,0.2875,0.3111,0.2829,0.2971,2004802.45,599146.96,0.29714
1571241600000,0.2972,0.3152,0.2943,0.3053,591902.83,180756.3,0.304887
1571248800000,0.3055,0.3215,0.3054,0.3144,1548340.99,487741.7,0.31374
1571256000000,0.3154,0.316,0.3072,0.3082,855736.34,266697.97,0.31156
1571263200000,0.3087,0.31,0.304,0.3083,355301.08,109026.52,0.306998
1571270400000,0.309,0.3144,0.3047,0.3112,343191.09,106609.47,0.309543
1571277600000,0.3112,0.315,0.309,0.3144,276283.31,86477.96,0.311939
1571284800000,0.3137,0.3205,0.3134,0.3162,668596.87,212332.38,0.317014
1571292000000,0.3163,0.3205,0.3162,0.3197,173401.71,55224.47,0.318415
1571299200000,0.3195,0.328,0.3195,0.3237,556741.6,180532.27,0.32389
1571306400000,0.3239,0.3263,0.3189,0.3225,353503.61,113945.71,0.322595
1571313600000,0.3221,0.3253,0.3188,0.3233,338819.71,109354.47,0.322044
1571320800000,0.3233,0.3236,0.3101,0.3141,597905.2,189172.15,0.316607
1571328000000,0.3149,0.3229,0.3143,0.3168,370531.97,118025.24,0.318634
1571335200000,0.3168,0.3197,0.3141,0.3197,162834.67,51635.17,0.316803
1571342400000,0.3196,0.3207,0.3127,0.3138,174164.01,55115.68,0.3167
1571349600000,0.3133,0.3173,0.3123,0.3132,85285.38,26819.49,0.3148
1571356800000,0.3132,0.3205,0.3128,0.3182,137310.12,43452.01,0.316762
1571364000000,0.3193,0.3193,0.3154,0.3166,36685.02,11638.91,0.317268
1571371200000,0.3165,0.3184,0.3027,0.3041,406768.35,125798.39,0.310596
1571378400000,0.3053,0.3095,0.3007,0.3079,458269.1,139572.33,0.305067
1571385600000,0.3076,0.3076,0.2924,0.3023,561604.55,167945.17,0.299845
1571392800000,0.3026,0.3053,0.2987,0.305,311473.8,94082.33,0.301938
1571400000000,0.305,0.3085,0.2999,0.3014,323597.84,98206.08,0.304246
1571407200000,0.3014,0.3037,0.2965,0.303,126079.34,37884.86,0.300074
1571414400000,0.3027,0.3046,0.2993,0.3007,126826.64,38294.36,0.301959
1571421600000,0.3006,0.3021,0.2984,0.3013,77307.64,23257.22,0.300244
1571428800000,0.3023,0.3026,0.3003,0.3016,43057.11,12965.49,0.301438
1571436000000,0.3003,0.3018,0.2995,0.3001,75262.74,22604.7,0.300651
1571443200000,0.2999,0.3002,0.2924,0.2967,141227.24,41694.14,0.296212
1571450400000,0.2978,0.3006,0.2914,0.3006,96035.29,28357.88,0.295924
1571457600000,0.3005,0.3006,0.2955,0.2969,10720.28,3183.17,0.297958
1571464800000,0.297,0.3006,0.2968,0.2981,26442.76,7908.87,0.298725
1571472000000,0.2986,0.3098,0.2984,0.3088,399795.12,121905.83,0.3042
1571479200000,0.3087,0.31,0.3047,0.3052,113176.7,34876.03,0.307399
1571486400000,0.3049,0.31,0.2994,0.3065,378370.26,115324.95,0.304694
1571493600000,0.3059,0.3089,0.302,0.3067,157823.73,48041.59,0.305447
1571500800000,0.3069,0.3088,0.3018,0.3079,75585.79,23059.93,0.305289
1571508000000,0.3078,0.3091,0.3045,0.3074,110652.46,34020.06,0.306798
1571515200000,0.3065,0.3186,0.3055,0.3143,570146.24,179031.31,0.31221
1571522400000,0.3143,0.3189,0.3135,0.3181,253775.41,80385.46,0.3162
1571529600000,0.3182,0.3205,0.3046,0.3051,594842.08,186664.74,0.312734
1571536800000,0.3054,0.3225,0.3051,0.3225,610324.09,192694.75,0.313752
1571544000000,0.3224,0.3258,0.3175,0.3246,284521.43,91943.69,0.321617
1571551200000,0.3249,0.325,0.3158,0.3212,357146.51,114273.01,0.320288
1571558400000,0.3213,0.3248,0.3162,0.3247,240671.0,77116.0,0.320398
1571565600000,0.3247,0.331,0.3218,0.3308,620581.74,202747.77,0.326233
1571572800000,0.3308,0.3348,0.3231,0.3345,1347330.79,445397.84,0.328855
1571580000000,0.3341,0.349,0.331,0.342,1851705.91,628574.86,0.340099
1571587200000,0.3416,0.3453,0.3303,0.334,1135708.56,381446.86,0.3378
1571594400000,0.3344,0.335,0.3251,0.328,711829.05,234735.76,0.329916
1571601600000,0.3269,0.3305,0.3213,0.3289,480837.0,156753.96,0.325876
1571608800000,0.3282,0.3351,0.3282,0.331,371243.37,123105.99,0.331738
1571616000000,0.331,0.3316,0.321,0.3271,596095.72,193876.77,0.326204
1571623200000,0.3271,0.3277,0.322,0.3229,163082.42,52950.22,0.324826
1571630400000,0.322,0.3244,0.3193,0.3216,359146.74,115388.62,0.32185
1571637600000,0.3209,0.3297,0.3209,0.3252,710221.27,231563.4,0.325443
1571644800000,0.3246,0.327,0.322,0.3234,118600.22,38427.46,0.324507
1571652000000,0.3239,0.3256,0.3218,0.3242,175322.32,56785.79,0.323699
1571659200000,0.3235,0.3244,0.3183,0.3201,308235.23,99002.6,0.321312
1571666400000,0.32,0.3297,0.3178,0.3236,720268.11,232960.17,0.323796
1571673600000,0.3238,0.3313,0.3235,0.33,254001.43,83351.38,0.327494
1571680800000,0.33,0.3306,0.3228,0.3249,233302.96,76192.86,0.32661
1571688000000,0.3249,0.3274,0.3206,0.3263,150007.19,48473.54,0.323983
1571695200000,0.3265,0.3271,0.3205,0.3225,142805.84,46210.79,0.323729
1571702400000,0.3229,0.323,0.3198,0.3213,128125.97,41096.62,0.321353
1571709600000,0.3207,0.3229,0.3196,0.3216,135443.77,43588.01,0.321252
1571716800000,0.3225,0.3228,0.3215,0.3222,158279.0,51009.71,0.322147
1571724000000,0.3222,0.3236,0.3218,0.3236,87330.6,28175.52,0.322664
1571731200000,0.324,0.3253,0.3198,0.32,199814.41,64526.59,0.322634
1571738400000,0.3199,0.3225,0.318,0.3206,201335.22,64403.95,0.32025
1571745600000,0.32,0.3202,0.3175,0.3196,249165.91,79421.27,0.318845
1571752800000,0.319,0.3218,0.3114,0.3195,754708.99,238751.84,0.316598
1571760000000,0.3186,0.3186,0.3149,0.317,109267.04,34558.01,0.316699
1571767200000,0.3175,0.3175,0.3145,0.3164,87940.99,27781.87,0.315967
1571774400000,0.3164,0.3167,0.3111,0.3129,222237.51,69461.4,0.313819
1571781600000,0.3131,0.3139,0.3087,0.3111,262945.26,81785.78,0.311269
1571788800000,0.3111,0.3116,0.3081,0.3094,105369.04,32623.45,0.309825
1571796000000,0.3084,0.3172,0.3081,0.3132,302352.55,94710.08,0.312788
1571803200000,0.3129,0.3274,0.3129,0.3274,435442.87,140260.77,0.32015
1571810400000,0.3273,0.3313,0.3227,0.3233,547439.53,178719.91,0.327097
1571817600000,0.3236,0.3237,0.3172,0.3177,261499.22,83603.67,0.320398
1571824800000,0.3177,0.3189,0.3164,0.3168,166802.75,52970.83,0.317663
1571832000000,0.3162,0.3176,0.2804,0.3047,2103868.11,616877.41,0.29872
1571839200000,0.3039,0.3139,0.29,0.2914,1012192.7,307203.29,0.302266
1571846400000,0.291,0.3076,0.2853,0.297,899141.37,268097.09,0.296495
1571853600000,0.297,0.3072,0.297,0.301,371364.18,112058.16,0.302224
1571860800000,0.301,0.3012,0.2964,0.298,82913.5,24826.88,0.298724
1571868000000,0.298,0.2988,0.2927,0.2927,97850.82,28821.27,0.295843
1571875200000,0.2928,0.2958,0.2921,0.2933,148385.69,43573.88,0.293954
1571882400000,0.2943,0.295,0.2907,0.2933,164692.43,48202.75,0.292837
1571889600000,0.2921,0.2956,0.284,0.2922,499201.7,144611.85,0.2898
1571896800000,0.2913,0.3009,0.2913,0.2987,353098.57,105109.28,0.296292
1571904000000,0.2988,0.3002,0.2972,0.2975,108844.66,32453.84,0.298727
1571911200000,0.2975,0.2992,0.2967,0.2983,156316.68,46581.64,0.297951
1571918400000,0.2981,0.3063,0.2968,0.3039,244675.92,74012.73,0.301607
1571925600000,0.3041,0.31,0.3022,0.3029,379196.84,116407.9,0.306115
1571932800000,0.3028,0.3056,0.2971,0.3002,438596.82,132045.71,0.301346
1571940000000,0.3002,0.3042,0.2965,0.3034,195554.69,58836.01,0.300285
1571947200000,0.3023,0.3039,0.2977,0.2977,189888.16,57197.6,0.300928
1571954400000,0.2975,0.3019,0.2972,0.2973,86340.08,25843.07,0.299551
1571961600000,0.2973,0.2984,0.2929,0.2937,178252.91,52645.41,0.295668
1571968800000,0.2935,0.2958,0.2893,0.2902,145022.48,42388.9,0.292598
1571976000000,0.2907,0.2943,0.2898,0.2935,88852.79,25970.49,0.292045
1571983200000,0.2943,0.2948,0.2915,0.2943,94500.86,27752.04,0.29315
1571990400000,0.2937,0.2947,0.2893,0.2929,93672.82,27299.4,0.291993
1571997600000,0.2929,0.2975,0.292,0.2948,181145.26,53426.74,0.294778
1572004800000,0.2949,0.3043,0.2949,0.3029,291543.77,87820.57,0.299755
1572012000000,0.3019,0.3187,0.2982,0.302,423352.16,129962.82,0.30845
1572019200000,0.302,0.3166,0.302,0.3062,1168023.34,361463.43,0.30941
1572026400000,0.3055,0.312,0.3022,0.3068,568393.8,174583.24,0.307104
1572033600000,0.3061,0.3111,0.3045,0.3107,338948.07,104182.05,0.307717
1572040800000,0.3106,0.3112,0.3003,0.3057,431118.81,131286.32,0.305622
1572048000000,0.3064,0.3146,0.2842,0.2918,1745230.33,521132.74,0.299418
1572055200000,0.2919,0.31,0.291,0.3,1553991.1,468704.24,0.300717
1572062400000,0.3009,0.3023,0.2935,0.2951,460351.44,136837.93,0.297888
1572069600000,0.2957,0.3039,0.2949,0.299,295487.16,88697.78,0.299471
1572076800000,0.299,0.306,0.2948,0.2994,544873.06,163856.39,0.3004
1572084000000,0.2993,0.3027,0.2936,0.2952,220284.46,65575.82,0.298198
1572091200000,0.2951,0.297,0.2895,0.2937,389516.68,114351.01,0.29324
1572098400000,0.2945,0.2954,0.2901,0.2927,271798.88,79441.81,0.292725
1572105600000,0.2919,0.294,0.2876,0.2877,118357.75,34320.72,0.290921
1572112800000,0.2889,0.2931,0.2814,0.2927,301193.06,86188.14,0.287154
1572120000000,0.2927,0.2932,0.2849,0.2901,198460.36,57441.26,0.288991
1572127200000,0.2892,0.2954,0.2892,0.2925,229195.91,67229.09,0.292411
1572134400000,0.292,0.2981,0.2914,0.2976,153360.84,45145.03,0.294739
1572141600000,0.2981,0.299,0.2963,0.297,143839.28,42809.3,0.297654
1572148800000,0.297,0.2976,0.292,0.2925,96282.09,28346.24,0.29481
1572156000000,0.2934,0.2934,0.2887,0.2907,142207.78,41340.6,0.29096
1572163200000,0.29,0.2921,0.288,0.2911,115957.17,33575.17,0.290041
1572170400000,0.2914,0.2939,0.2824,0.2872,305903.02,87936.59,0.28811
1572177600000,0.2882,0.2904,0.2848,0.2886,127069.25,36585.64,0.287599
1572184800000,0.2886,0.29,0.2847,0.2891,282776.04,81117.72,0.287347
1572192000000,0.2881,0.2894,0.2826,0.2866,612773.26,175493.43,0.285983
1572199200000,0.2867,0.2873,0.2842,0.2853,250016.81,71433.48,0.285737
1572206400000,0.2853,0.2885,0.2838,0.285,187870.27,53738.62,0.286151
1572213600000,0.2851,0.2879,0.2841,0.2879,100215.63,28663.62,0.285921
1572220800000,0.288,0.2898,0.2856,0.2882,298306.33,85846.01,0.2877
1572228000000,0.289,0.2905,0.2878,0.2899,254102.17,73538.73,0.289141
1572235200000,0.2905,0.2977,0.2891,0.2911,264386.67,77510.74,0.293403
1572242400000,0.291,0.292,0.2862,0.2876,248025.06,71695.28,0.289081
1572249600000,0.2866,0.2885,0.285,0.2872,100322.06,28766.2,0.286749
1572256800000,0.287,0.2965,0.2862,0.294,354418.31,103844.85,0.291461
1572264000000,0.2942,0.2947,0.2864,0.2875,206657.95,60061.15,0.290492
1572271200000,0.2885,0.2898,0.286,0.2888,120317.68,34598.46,0.287899
1572278400000,0.2881,0.2887,0.2866,0.2876,92322.14,26580.44,0.287647
1572285600000,0.2876,0.2902,0.2876,0.2891,190940.38,55263.69,0.28895
1572292800000,0.2883,0.2898,0.2868,0.2886,63146.15,18192.11,0.2883
1572300000000,0.2886,0.2902,0.2857,0.2857,239570.38,69013.15,0.288043
1572307200000,0.2858,0.2868,0.2839,0.2839,128395.66,36668.48,0.28541
1572314400000,0.2843,0.2861,0.2827,0.2856,279481.36,79449.56,0.284379
1572321600000,0.2854,0.2875,0.2836,0.2856,216279.41,61891.73,0.28555
1572328800000,0.2855,0.2875,0.2855,0.2865,181399.79,52032.1,0.286533
1572336000000,0.2864,0.2874,0.2854,0.2863,38385.92,10982.22,0.2864
1572343200000,0.2862,0.2868,0.2837,0.2856,126765.86,36146.52,0.285244
1572350400000,0.2862,0.2866,0.2838,0.2845,86006.51,24501.67,0.285185
1572357600000,0.2856,0.2857,0.2835,0.2847,126031.21,35822.52,0.284576
1572364800000,0.285,0.2851,0.28,0.2829,324586.87,91694.37,0.282488
1572372000000,0.282,0.2828,0.2763,0.278,317714.35,88737.12,0.279503
1572379200000,0.277,0.2829,0.2753,0.2816,386714.31,107681.11,0.27908
1572386400000,0.2815,0.2829,0.279,0.2793,66916.16,18808.54,0.280998
1572393600000,0.2802,0.2814,0.278,0.2786,73450.05,20549.01,0.279718
1572400800000,0.2787,0.2802,0.2705,0.2716,361003.6,98657.48,0.275381
1572408000000,0.2726,0.2736,0.2702,0.2704,174756.63,47499.5,0.271947
1572415200000,0.2706,0.2717,0.2677,0.2686,333661.87,89895.44,0.269707
1572422400000,0.2683,0.2688,0.2661,0.2669,260475.26,69617.87,0.267439
1572429600000,0.267,0.2672,0.2604,0.263,452775.2,119212.95,0.263686
1572436800000,0.2631,0.2665,0.2608,0.2634,194868.69,51378.26,0.26365
1572444000000,0.2637,0.273,0.2628,0.27,399231.63,107178.52,0.268011
1572451200000,0.2697,0.2779,0.2674,0.2776,375418.09,102838.6,0.272485
1572458400000,0.2776,0.2833,0.2739,0.2741,417541.91,116368.27,0.278699
1572465600000,0.2739,0.274,0.2692,0.2708,249785.1,67774.78,0.271513
1572472800000,0.2708,0.2732,0.2704,0.271,36452.45,9918.09,0.271801
1572480000000,0.2719,0.2719,0.2676,0.2676,77414.44,20875.15,0.26975
1572487200000,0.2673,0.2696,0.2645,0.2696,87212.51,23240.27,0.266975
1572494400000,0.2699,0.2709,0.2672,0.2709,46491.52,12506.43,0.269025
1572501600000,0.2718,0.2798,0.2706,0.278,413774.2,114443.59,0.275238
1572508800000,0.2774,0.278,0.27,0.27,138045.45,37889.51,0.274082
1572516000000,0.27,0.2748,0.2672,0.2728,118443.54,32069.79,0.270986
1572523200000,0.2727,0.2786,0.2727,0.2786,153864.33,42454.53,0.27565
1572530400000,0.2786,0.2797,0.2729,0.2729,189106.92,52497.14,0.276417
1572537600000,0.2736,0.2761,0.2734,0.2761,58980.23,16215.98,0.274723
1572544800000,0.2761,0.2774,0.2748,0.2749,127078.42,35095.39,0.276134
1572552000000,0.2749,0.2773,0.2725,0.2737,85366.54,23410.66,0.27491
1572559200000,0.2737,0.2746,0.2713,0.2716,76099.12,20754.3,0.272984
1572566400000,0.2716,0.2781,0.2705,0.2774,216294.98,59191.56,0.274266
1572573600000,0.2774,0.2781,0.2723,0.2731,179997.85,49521.01,0.275192
1572580800000,0.2728,0.28,0.2723,0.2797,119357.62,33087.56,0.276125
1572588000000,0.2797,0.2839,0.2776,0.283,276159.09,77758.56,0.280706
1572595200000,0.2835,0.2873,0.283,0.2847,294306.55,83857.89,0.285171
1572602400000,0.2842,0.2855,0.2812,0.2825,204426.09,57997.29,0.28335
1572609600000,0.2829,0.295,0.2824,0.2948,501392.29,145779.43,0.288657
1572616800000,0.2948,0.2957,0.2879,0.2914,399812.73,116943.61,0.291735
1572624000000,0.2912,0.3022,0.2888,0.3016,646178.86,191967.86,0.29534
1572631200000,0.3016,0.3102,0.2988,0.3054,1193335.88,363635.82,0.304529
1572638400000,0.3052,0.3094,0.3009,0.3059,254031.99,77561.85,0.305149
1572645600000,0.3052,0.3052,0.2976,0.298,220673.31,66195.79,0.301342
1572652800000,0.2976,0.2997,0.2901,0.291,429199.11,125490.14,0.29498
1572660000000,0.291,0.2969,0.2899,0.2944,493744.95,144891.65,0.293444
1572667200000,0.2941,0.2982,0.294,0.2966,116356.25,34499.51,0.296173
1572674400000,0.296,0.2969,0.2933,0.2949,75206.9,22176.13,0.295092
1572681600000,0.2949,0.3004,0.2941,0.2982,190878.85,56819.69,0.297302
1572688800000,0.2986,0.305,0.2986,0.3019,336639.53,101803.67,0.30191
1572696000000,0.3021,0.3031,0.3,0.3016,94865.18,28588.33,0.301548
1572703200000,0.3015,0.3015,0.2951,0.2995,200497.5,59700.55,0.298245
1572710400000,0.2991,0.3004,0.2952,0.2973,241400.62,71950.05,0.297788
1572717600000,0.2981,0.2994,0.2949,0.2949,143334.36,42507.29,0.297244
1572724800000,0.2955,0.2962,0.2921,0.2935,156112.66,45777.28,0.294128
1572732000000,0.2925,0.294,0.2925,0.2933,64143.63,18817.23,0.293277
1572739200000,0.2938,0.2955,0.2921,0.2952,133291.78,39137.27,0.293769
1572746400000,0.2955,0.3009,0.2955,0.3007,189566.4,56507.43,0.29823
1572753600000,0.3009,0.3011,0.2962,0.2974,84061.92,25032.69,0.298577
1572760800000,0.2974,0.2976,0.296,0.2961,49907.85,14803.89,0.29681
1572768000000,0.2972,0.3044,0.2965,0.2986,177881.74,53572.58,0.30047
1572775200000,0.2983,0.2992,0.2952,0.2971,127752.44,37869.89,0.297188
1572782400000,0.2976,0.303,0.296,0.3027,223733.04,67086.77,0.299401
1572789600000,0.3027,0.303,0.2966,0.2983,112796.78,33796.19,0.299706
1572796800000,0.2986,0.3026,0.2966,0.298,74652.62,22385.55,0.299603
1572804000000,0.298,0.2997,0.2955,0.296,164403.83,48924.47,0.297636
1572811200000,0.2957,0.2965,0.2928,0.2935,123555.16,36344.9,0.294655
1572818400000,0.2946,0.2962,0.2939,0.294,114654.08,33784.98,0.295063
1572825600000,0.294,0.2963,0.2939,0.2959,59503.8,17551.71,0.295128
1572832800000,0.2965,0.2978,0.2956,0.2967,40028.14,11877.92,0.2967
1572840000000,0.2973,0.2978,0.2954,0.2969,108801.46,32278.91,0.296597
1572847200000,0.2963,0.2972,0.2935,0.2944,94642.71,27891.06,0.29535
1572854400000,0.2944,0.2949,0.2938,0.2944,48334.43,14209.57,0.29435
1572861600000,0.2946,0.2969,0.2939,0.2967,62740.06,18536.45,0.295365
1572868800000,0.2967,0.2972,0.2929,0.2929,65971.38,19446.11,0.295111
1572876000000,0.2936,0.2959,0.2934,0.2952,267233.23,78786.36,0.294679
1572883200000,0.2952,0.2961,0.2944,0.2951,74601.03,22046.1,0.29525
1572890400000,0.2957,0.2957,0.294,0.2941,21256.37,6264.38,0.294836
1572897600000,0.294,0.2982,0.282,0.294,861124.82,248833.84,0.2901
1572904800000,0.2937,0.2957,0.292,0.2956,65855.26,19337.78,0.293794
1572912000000,0.2956,0.2956,0.2869,0.2879,177566.75,51638.22,0.291128
1572919200000,0.2879,0.2943,0.2872,0.2932,71069.86,20746.65,0.290782
1572926400000,0.2941,0.2942,0.2917,0.2933,65602.48,19213.13,0.29293
1572933600000,0.2934,0.2944,0.2902,0.2924,134706.09,39354.98,0.292291
1572940800000,0.2915,0.2943,0.2912,0.2937,76049.62,22282.65,0.292772
1572948000000,0.2937,0.2946,0.293,0.2939,33169.67,9748.75,0.2938
1572955200000,0.2935,0.2948,0.2921,0.2924,63465.5,18606.39,0.293472
1572962400000,0.293,0.2954,0.2924,0.2932,202292.95,59438.09,0.293901
1572969600000,0.2934,0.2962,0.292,0.2952,127377.43,37475.36,0.29409
1572976800000,0.2952,0.2963,0.2952,0.2954,31211.98,9234.74,0.295754
1572984000000,0.295,0.2951,0.2925,0.2937,108012.31,31780.9,0.293763
1572991200000,0.2944,0.2944,0.2902,0.2913,106806.31,31128.58,0.292213
1572998400000,0.2913,0.2939,0.2893,0.2939,60690.87,17632.98,0.291513
1573005600000,0.2939,0.2953,0.2935,0.2948,83156.46,24527.98,0.294403
1573012800000,0.2952,0.2972,0.2952,0.2965,65836.21,19511.41,0.296241
1573020000000,0.2965,0.2969,0.295,0.296,140921.28,41693.21,0.295945
1573027200000,0.2962,0.2968,0.2941,0.2952,40216.92,11894.03,0.295441
1573034400000,0.2951,0.2951,0.2929,0.2948,47909.64,14079.0,0.293996
1573041600000,0.2946,0.2948,0.293,0.2947,69680.36,20492.34,0.293899
1573048800000,0.2943,0.2972,0.2936,0.2956,298487.52,88362.05,0.295415
1573056000000,0.2962,0.2975,0.2952,0.296,95376.76,28290.09,0.29635
1573063200000,0.2953,0.2973,0.294,0.2944,92520.35,27337.57,0.295665
1573070400000,0.2942,0.2972,0.2938,0.2961,67796.46,20056.16,0.29553
1573077600000,0.2961,0.31,0.2961,0.3095,639450.98,193583.07,0.303126
1573084800000,0.3098,0.3098,0.3016,0.302,242750.55,74157.07,0.305642
1573092000000,0.3025,0.3025,0.2946,0.2977,211312.06,62826.56,0.298392
1573099200000,0.2986,0.3009,0.2977,0.2984,51106.51,15288.9,0.299301
1573106400000,0.2986,0.299,0.2977,0.2985,56491.55,16827.35,0.29835
1573113600000,0.2993,0.3049,0.2985,0.3044,138169.84,41820.03,0.301672
1573120800000,0.3044,0.3101,0.3027,0.3082,413902.27,127369.17,0.306407
1573128000000,0.3082,0.309,0.298,0.2992,326781.4,98669.64,0.30346
1573135200000,0.299,0.3002,0.298,0.2995,117898.66,35196.63,0.299098
1573142400000,0.2995,0.3012,0.2994,0.2998,162634.91,48829.14,0.300305
1573149600000,0.2995,0.3099,0.2995,0.3047,286282.6,87881.02,0.304873
1573156800000,0.3047,0.3107,0.3047,0.3071,210297.04,64831.94,0.307775
1573164000000,0.3073,0.3078,0.3037,0.3046,43473.48,13259.72,0.305726
1573171200000,0.3046,0.3091,0.303,0.3086,78348.24,24061.31,0.305984
1573178400000,0.3098,0.3191,0.3064,0.3146,519910.89,162842.37,0.31277
1573185600000,0.3146,0.3194,0.3139,0.3161,304672.14,96556.84,0.316675
1573192800000,0.3161,0.3161,0.3093,0.3093,294283.73,92105.99,0.3127
1573200000000,0.3093,0.3144,0.3051,0.3115,360916.88,111801.02,0.309741
1573207200000,0.3115,0.3124,0.307,0.308,183575.06,56829.35,0.309694
1573214400000,0.308,0.308,0.2962,0.2962,467514.81,141257.28,0.3021
1573221600000,0.2962,0.297,0.2833,0.2913,456686.1,132267.14,0.290031
1573228800000,0.2911,0.2933,0.29,0.2902,91930.87,26791.2,0.291669
1573236000000,0.2911,0.293,0.2899,0.2926,44959.41,13074.62,0.291425
1573243200000,0.2926,0.2949,0.2922,0.2935,56171.28,16508.46,0.293564
1573250400000,0.2948,0.2948,0.2915,0.2929,143058.2,41948.39,0.293087
1573257600000,0.2929,0.2958,0.2929,0.2946,63019.27,18559.19,0.294406
1573264800000,0.2944,0.2954,0.2942,0.295,52195.53,15384.77,0.294807
1573272000000,0.2954,0.2978,0.2943,0.2972,45646.44,13513.57,0.296032
1573279200000,0.2976,0.3028,0.2973,0.3027,124530.99,37399.34,0.300023
1573286400000,0.3027,0.3062,0.3027,0.3061,144239.05,43879.93,0.304465
1573293600000,0.3061,0.313,0.3047,0.3087,926547.31,286513.26,0.308886
1573300800000,0.3087,0.3122,0.3075,0.309,863943.28,266982.2,0.309851
1573308000000,0.309,0.3115,0.3061,0.3078,1409598.68,435185.75,0.308805
1573315200000,0.3075,0.3089,0.2985,0.3015,536385.11,161916.67,0.303627
1573322400000,0.3012,0.3099,0.3004,0.3059,190878.26,58387.53,0.305254
1573329600000,0.3059,0.3063,0.3038,0.3046,43574.23,13302.87,0.305035
1573336800000,0.3046,0.3055,0.3026,0.3047,88973.55,26997.2,0.30405
1573344000000,0.3043,0.3089,0.3039,0.3086,91056.94,27964.35,0.306389
1573351200000,0.3086,0.31,0.3076,0.3093,33244.27,10276.16,0.308797
1573358400000,0.3092,0.311,0.3076,0.3105,38637.69,11955.71,0.309279
1573365600000,0.3105,0.3109,0.3083,0.3101,92588.14,28649.27,0.309596
1573372800000,0.3107,0.311,0.3091,0.3094,44561.88,13816.1,0.31005
1573380000000,0.3098,0.3125,0.3093,0.3106,108751.48,33836.12,0.310911
1573387200000,0.3111,0.3135,0.3101,0.313,205168.7,63922.01,0.311779
1573394400000,0.3128,0.3149,0.3115,0.3144,132732.44,41632.68,0.313177
1573401600000,0.3148,0.318,0.3109,0.3114,249571.46,78270.23,0.314532
1573408800000,0.3114,0.3141,0.3109,0.3121,43791.12,13667.23,0.312509
1573416000000,0.3129,0.3135,0.3088,0.3105,126782.96,39446.74,0.311112
1573423200000,0.3104,0.3112,0.3065,0.3074,45760.99,14113.49,0.308844
1573430400000,0.3065,0.3079,0.305,0.3054,87292.05,26723.88,0.306469
1573437600000,0.3054,0.3055,0.304,0.3047,35869.86,10929.28,0.304733
1573444800000,0.3042,0.3064,0.303,0.3035,64277.1,19570.06,0.304709
1573452000000,0.303,0.3042,0.2967,0.3016,399304.38,120023.42,0.300434
1573459200000,0.3014,0.3022,0.2972,0.2977,132163.52,39571.61,0.299724
1573466400000,0.2975,0.303,0.2975,0.3027,53743.96,16119.57,0.300293
1573473600000,0.3028,0.305,0.301,0.3038,68773.33,20844.26,0.302995
1573480800000,0.3042,0.311,0.3041,0.3107,240301.24,74073.46,0.307579
1573488000000,0.3099,0.3125,0.3059,0.3067,157323.17,48789.39,0.309256
1573495200000,0.3063,0.3097,0.3054,0.3054,80157.81,24599.96,0.307569
1573502400000,0.3063,0.3064,0.3033,0.3047,55992.25,17110.25,0.304804
1573509600000,0.3047,0.3049,0.3018,0.3022,45220.65,13720.74,0.303331
1573516800000,0.3022,0.3055,0.3018,0.3053,66662.43,20256.43,0.303629
1573524000000,0.3054,0.3078,0.3043,0.3043,48612.69,14901.26,0.30608
1573531200000,0.3048,0.3049,0.3018,0.302,32884.7,9963.3,0.303337
1573538400000,0.3028,0.304,0.3019,0.304,21269.01,6446.58,0.30291
1573545600000,0.3036,0.3041,0.301,0.3027,18163.36,5490.3,0.302537
1573552800000,0.3017,0.3027,0.2995,0.2997,92515.71,27821.73,0.301143
1573560000000,0.3,0.3044,0.2965,0.2975,780119.42,235315.69,0.300494
1573567200000,0.2985,0.3008,0.2961,0.2996,574954.87,171783.47,0.298442
1573574400000,0.2995,0.3015,0.2986,0.3015,146487.22,43931.22,0.299989
1573581600000,0.3008,0.3019,0.3002,0.3014,49884.14,15006.46,0.301048
1573588800000,0.3015,0.3035,0.2986,0.303,124586.77,37584.08,0.301021
1573596000000,0.3033,0.304,0.3006,0.3008,108006.0,32693.76,0.302339
1573603200000,0.3016,0.3019,0.2986,0.2999,25410.06,7617.02,0.300214
1573617600000,0.2987,0.3001,0.2986,0.2989,29183.43,8734.1,0.299352
1573624800000,0.2989,0.3003,0.2941,0.2986,310067.98,92195.52,0.297199
1573632000000,0.2983,0.2983,0.2956,0.2964,81649.97,24271.03,0.296893
1573639200000,0.2969,0.3008,0.2966,0.3,221767.18,66423.33,0.298739
1573646400000,0.3,0.3009,0.2981,0.2987,107515.61,32240.84,0.299509
1573653600000,0.2985,0.3,0.2964,0.2971,60515.58,18029.37,0.298216
1573660800000,0.2971,0.3014,0.2971,0.3013,137012.29,41088.67,0.299266
1573668000000,0.3005,0.3026,0.3005,0.3014,29216.96,8816.84,0.301579
1573675200000,0.3016,0.3027,0.3006,0.3015,61833.0,18640.24,0.30165
1573682400000,0.3011,0.3016,0.3006,0.3006,14999.45,4519.49,0.301117
1573689600000,0.3014,0.3014,0.3002,0.3011,74387.28,22363.95,0.300793
1573696800000,0.3005,0.3019,0.3001,0.3019,26246.6,7908.67,0.300964
1573704000000,0.3014,0.3022,0.2964,0.2985,193507.42,57896.78,0.299257
1573711200000,0.2996,0.2996,0.296,0.296,28085.96,8361.99,0.2978
1573718400000,0.296,0.2968,0.2884,0.289,335437.35,98186.02,0.292621
1573725600000,0.2888,0.2891,0.285,0.2855,201281.66,57612.63,0.287031
1573732800000,0.2856,0.2916,0.28,0.2911,727887.63,207473.31,0.285648
1573740000000,0.292,0.2933,0.2877,0.2882,72275.81,21005.32,0.290552
1573747200000,0.2888,0.2892,0.2876,0.2879,51167.63,14750.27,0.288404
1573754400000,0.2881,0.2903,0.2871,0.2903,57529.41,16629.31,0.288633
1573761600000,0.2903,0.291,0.2893,0.2908,32003.91,9287.64,0.290141
1573768800000,0.2901,0.291,0.2896,0.2906,21773.82,6329.75,0.290298
1573776000000,0.2905,0.2905,0.2815,0.2824,444566.49,126835.76,0.285886
1573783200000,0.2824,0.2864,0.2817,0.2846,205607.61,58592.86,0.284082
1573790400000,0.2846,0.2846,0.2829,0.2841,56496.42,16005.65,0.283737
1573797600000,0.284,0.2851,0.2831,0.2837,28058.57,7967.19,0.284101
1573804800000,0.2835,0.2875,0.2832,0.2866,128165.63,36657.16,0.285395
1573812000000,0.2867,0.2886,0.2855,0.2882,129432.29,37242.04,0.287025
1573819200000,0.2881,0.2887,0.2876,0.2876,75509.3,21749.02,0.288166
1573826400000,0.287,0.2874,0.2782,0.2802,302999.05,85026.32,0.282673
1573833600000,0.2811,0.2814,0.2788,0.2812,69970.38,19616.33,0.2801
1573840800000,0.2805,0.2811,0.2792,0.2792,34978.5,9808.41,0.28019
1573848000000,0.2793,0.28,0.2782,0.2791,66224.26,18470.93,0.2791
1573855200000,0.2782,0.2789,0.2741,0.2774,274309.22,75940.31,0.276491
1573862400000,0.2774,0.2777,0.2725,0.2756,139653.8,38419.72,0.275057
1573869600000,0.2756,0.2779,0.2747,0.276,293283.9,81127.92,0.276302
1573876800000,0.276,0.277,0.2752,0.2763,27040.89,7470.0,0.2761
1573884000000,0.277,0.2784,0.2767,0.2784,32460.88,9012.51,0.277519
1573891200000,0.2787,0.2799,0.2778,0.2796,72295.09,20155.03,0.278836
1573898400000,0.2787,0.2796,0.277,0.2778,48533.39,13490.23,0.278302
1573905600000,0.2778,0.2789,0.2771,0.2789,21401.52,5943.88,0.277964
1573912800000,0.279,0.279,0.2754,0.276,20908.99,5792.61,0.277137
1573920000000,0.276,0.2768,0.2753,0.2767,58458.44,16131.64,0.276033
1573927200000,0.2762,0.2785,0.2762,0.2785,14899.44,4128.46,0.27735
1573934400000,0.2784,0.2804,0.2775,0.2796,48776.45,13599.34,0.278948
1573941600000,0.2796,0.2827,0.2796,0.282,72339.45,20347.44,0.281212
1573948800000,0.2823,0.2837,0.282,0.2825,64148.83,18121.92,0.282852
1573956000000,0.2817,0.2827,0.2799,0.2799,30864.81,8682.1,0.281358
1573963200000,0.2805,0.2835,0.2797,0.2821,46644.75,13153.36,0.281614
1573970400000,0.2821,0.2823,0.2783,0.2792,51688.39,14534.03,0.280247
1573977600000,0.2785,0.2826,0.2775,0.281,54387.77,15273.68,0.280069
1573984800000,0.2814,0.2836,0.2812,0.2825,32330.43,9140.05,0.282425
1573992000000,0.2821,0.2839,0.2819,0.282,38156.87,10815.46,0.282901
1573999200000,0.2821,0.2821,0.2802,0.2806,19335.31,5437.32,0.281113
1574006400000,0.2814,0.2814,0.2795,0.28,34461.56,9657.83,0.280411
1574013600000,0.28,0.2805,0.2794,0.2794,6322.78,1770.41,0.27997
1574020800000,0.2799,0.2812,0.2767,0.2777,159410.09,44394.55,0.27896
1574028000000,0.2775,0.2775,0.2749,0.2761,113354.76,31275.01,0.276153
1574035200000,0.2762,0.2767,0.2751,0.2754,33148.23,9144.79,0.275907
1574042400000,0.2751,0.2778,0.2709,0.2714,315750.84,86189.82,0.274435
1574049600000,0.2711,0.2736,0.2707,0.2726,33606.3,9143.83,0.272172
1574056800000,0.2733,0.2746,0.2713,0.2715,87581.18,23972.11,0.272994
1574064000000,0.2721,0.2722,0.2701,0.272,87966.61,23861.44,0.271149
1574071200000,0.2714,0.2728,0.2696,0.2702,78005.77,21115.6,0.271215
1574078400000,0.2697,0.2701,0.2643,0.2694,165927.32,44332.98,0.267198
1574085600000,0.2696,0.2721,0.269,0.2695,81324.93,22058.49,0.27055
1574092800000,0.2686,0.2686,0.2639,0.2652,77922.29,20792.58,0.266152
1574100000000,0.2651,0.2651,0.2565,0.2606,345062.01,89556.59,0.260649
1574107200000,0.2608,0.2644,0.2605,0.2635,49700.82,13010.33,0.262491
1574114400000,0.2633,0.2638,0.2606,0.2618,25468.68,6666.99,0.26218
1574121600000,0.2614,0.2632,0.2601,0.2606,36588.59,9555.56,0.261661
1574128800000,0.2616,0.2616,0.2499,0.2522,547246.77,139462.57,0.255529
1574136000000,0.2525,0.2536,0.25,0.251,261507.73,65795.79,0.251802
1574143200000,0.2511,0.2519,0.2399,0.2478,836043.21,205846.99,0.245832
1574150400000,0.2479,0.2481,0.2431,0.2474,252954.65,62083.11,0.245595
1574157600000,0.2479,0.2484,0.244,0.2448,175427.9,43249.76,0.246179
1574164800000,0.2456,0.247,0.243,0.2445,57475.54,14093.08,0.244999
1574172000000,0.2439,0.2554,0.2439,0.2546,141646.71,35379.43,0.24976
1574179200000,0.2553,0.2577,0.2507,0.2512,92441.73,23538.38,0.254289
1574186400000,0.2507,0.2555,0.2507,0.252,115626.36,29218.57,0.253133
1574193600000,0.252,0.2545,0.2518,0.2537,30452.92,7712.24,0.253183
1574200800000,0.2537,0.26,0.2537,0.26,98008.64,25309.2,0.25685
1574208000000,0.26,0.2617,0.2586,0.2607,25762.92,6700.25,0.260147
1574215200000,0.2605,0.2621,0.2605,0.2621,7822.38,2043.03,0.2613
1574222400000,0.2621,0.273,0.261,0.2729,303959.53,81124.65,0.266873
1574229600000,0.273,0.273,0.267,0.2711,201480.32,54596.71,0.269947
1574236800000,0.2713,0.2719,0.2661,0.2674,269009.29,72232.8,0.268955
1574244000000,0.267,0.27,0.2653,0.2686,96428.42,25825.08,0.267646
1574251200000,0.2688,0.2712,0.2671,0.2701,83428.09,22498.75,0.269142
1574258400000,0.2704,0.2704,0.2677,0.2687,100393.41,27035.19,0.268995
1574265600000,0.2695,0.2695,0.2628,0.2628,134746.9,35777.62,0.26615
1574272800000,0.2628,0.265,0.2571,0.2576,120507.72,31448.82,0.261153
1574280000000,0.2572,0.2576,0.2544,0.2566,163313.11,41767.4,0.255992
1574287200000,0.2574,0.263,0.2568,0.2623,95128.87,24795.04,0.259909
1574294400000,0.2628,0.263,0.2576,0.258,49297.97,12767.22,0.260275
1574301600000,0.26,0.2615,0.2588,0.2594,31268.46,8131.11,0.260156
1574308800000,0.2591,0.2595,0.2578,0.2589,46539.38,12013.2,0.258649
1574316000000,0.2579,0.2579,0.256,0.2564,46778.54,12013.36,0.256913
1574323200000,0.2564,0.2565,0.2511,0.2535,88928.32,22532.28,0.253711
1574330400000,0.2525,0.2536,0.2508,0.2516,34468.72,8685.91,0.252204
1574337600000,0.2516,0.2529,0.2506,0.2516,87131.77,21942.57,0.25175
1574344800000,0.252,0.2528,0.244,0.2473,331692.83,82661.13,0.248304
1574352000000,0.2482,0.2499,0.2467,0.2473,54263.69,13503.38,0.248311
1574359200000,0.2471,0.254,0.246,0.2538,120481.82,30087.31,0.249904
1574366400000,0.2542,0.2718,0.2539,0.2676,894344.29,237134.66,0.263168
1574373600000,0.2686,0.2703,0.2604,0.2619,279314.08,74056.76,0.265363
1574380800000,0.2625,0.2643,0.2588,0.2636,154301.24,40353.35,0.261535
1574388000000,0.2633,0.2651,0.2581,0.2582,117982.36,30787.08,0.26173
1574395200000,0.2581,0.2605,0.2554,0.256,84149.69,21799.26,0.25799
1574402400000,0.255,0.2556,0.2475,0.2499,108569.98,27231.51,0.251451
1574409600000,0.2506,0.255,0.2423,0.2443,215430.69,53284.44,0.248729
1574416800000,0.2432,0.2432,0.232,0.2331,411919.55,97454.03,0.23746
1574424000000,0.2327,0.236,0.2275,0.2282,225807.26,52178.9,0.231848
1574431200000,0.2278,0.2381,0.2183,0.237,538798.54,121864.73,0.22796
1574438400000,0.2377,0.2397,0.2354,0.2369,150540.96,35782.72,0.237552
1574445600000,0.2369,0.2482,0.235,0.2459,255824.49,61819.37,0.241626
1574452800000,0.2475,0.2493,0.2429,0.2463,104163.23,25642.62,0.246093
1574460000000,0.2463,0.2483,0.24,0.2428,95730.02,23398.65,0.244131
1574467200000,0.2434,0.2434,0.2323,0.2323,312486.15,74088.63,0.23785
1574474400000,0.2323,0.2354,0.2322,0.235,58466.99,13719.74,0.233832
1574481600000,0.2356,0.2393,0.2352,0.2393,66611.82,15827.92,0.237199
1574488800000,0.2394,0.2402,0.2363,0.2363,81886.19,19447.44,0.238325
1574496000000,0.2363,0.2382,0.2325,0.2362,57230.9,13424.47,0.23535
1574503200000,0.2354,0.2386,0.2354,0.2374,80464.36,19107.68,0.237065
1574510400000,0.2378,0.2455,0.2378,0.2438,252309.63,61156.34,0.241802
1574517600000,0.2448,0.2545,0.2442,0.2505,333645.27,83296.79,0.249491
1574524800000,0.251,0.2549,0.2465,0.248,140835.94,35307.84,0.25074
1574532000000,0.2477,0.2486,0.2411,0.2425,318675.47,77739.91,0.244816
1574539200000,0.2427,0.2446,0.2416,0.2431,48808.66,11840.39,0.243101
1574546400000,0.2433,0.2485,0.2431,0.2476,105496.0,25983.25,0.245866
1574553600000,0.2491,0.2493,0.2453,0.2463,83845.54,20706.74,0.247244
1574560800000,0.2455,0.2465,0.2439,0.2452,52890.58,12962.83,0.245199
1574568000000,0.2448,0.254,0.2445,0.2535,304088.39,75548.06,0.249277
1574575200000,0.2535,0.261,0.2532,0.2547,458988.23,118141.14,0.257118
1574582400000,0.2548,0.2548,0.2467,0.2501,402838.32,100755.29,0.250594
1574589600000,0.2501,0.2524,0.245,0.2493,257006.51,63971.51,0.248697
1574596800000,0.2505,0.2506,0.2475,0.248,67833.13,16892.64,0.249011
1574604000000,0.2475,0.2482,0.2381,0.2399,185564.15,44958.22,0.243059
1574611200000,0.239,0.244,0.2352,0.2428,280706.54,67125.18,0.239536
1574618400000,0.2431,0.2438,0.2383,0.2395,148438.4,35807.21,0.24102
1574625600000,0.239,0.2394,0.2366,0.2384,106564.35,25364.6,0.237992
1574632800000,0.2384,0.241,0.2342,0.2351,126137.96,29995.36,0.237653
1574640000000,0.2354,0.2354,0.2262,0.2283,437469.78,101023.79,0.230616
1574654400000,0.2276,0.2276,0.215,0.2162,418884.04,92587.25,0.221146
1574661600000,0.2163,0.2331,0.2163,0.2305,388708.83,88322.57,0.224983
1574668800000,0.2316,0.2342,0.2273,0.2318,129902.11,30058.52,0.23075
1574676000000,0.2318,0.2431,0.2318,0.2373,294626.44,70434.59,0.237633
1574683200000,0.2383,0.2491,0.2376,0.2436,131439.78,32227.26,0.243485
1574690400000,0.2437,0.2489,0.2428,0.2485,123429.77,30212.06,0.245804
1574697600000,0.2485,0.2524,0.2396,0.2448,205299.08,50218.87,0.245986
1574704800000,0.2443,0.2471,0.2442,0.2464,39252.58,9642.69,0.245695
1574712000000,0.2459,0.2469,0.2399,0.241,45516.95,11069.34,0.243393
1574719200000,0.243,0.243,0.2369,0.237,30909.53,7375.71,0.239934
1574726400000,0.237,0.2428,0.2359,0.2428,31381.0,7500.35,0.239232
1574733600000,0.2419,0.2446,0.2416,0.2438,30950.16,7541.03,0.243128
1574740800000,0.2445,0.2519,0.2439,0.2499,118224.22,29209.12,0.24799
1574748000000,0.2501,0.2525,0.242,0.2467,216592.88,53782.47,0.247219
1574755200000,0.247,0.2473,0.2431,0.2466,137923.56,33816.32,0.245196
1574762400000,0.2463,0.2471,0.2409,0.2447,65865.34,16019.01,0.243975
1574769600000,0.2447,0.2481,0.242,0.243,84138.35,20580.81,0.245074
1574776800000,0.2428,0.2436,0.2396,0.2414,183746.62,44256.75,0.241584
1574784000000,0.2417,0.243,0.2384,0.2396,101837.88,24445.84,0.240703
1574791200000,0.2398,0.2474,0.2375,0.2466,167507.99,40778.77,0.24235
1574798400000,0.2463,0.2484,0.2439,0.2439,349221.23,86019.67,0.24623
1574805600000,0.2439,0.2478,0.243,0.2467,119175.78,29413.13,0.245409
1574812800000,0.2463,0.2471,0.244,0.2445,41601.69,10214.86,0.245564
1574820000000,0.2445,0.2475,0.2418,0.2426,196839.13,48306.92,0.244681
1574827200000,0.2422,0.2446,0.2399,0.2434,169752.43,40954.66,0.242241
1574834400000,0.2433,0.2459,0.2428,0.2432,25835.59,6301.98,0.24435
1574841600000,0.2432,0.2457,0.2336,0.236,286929.53,68409.78,0.239655
1574848800000,0.236,0.2488,0.2342,0.2463,160141.11,38409.06,0.24155
1574856000000,0.2462,0.2538,0.2462,0.2494,163476.15,40804.68,0.250102
1574863200000,0.2498,0.261,0.2471,0.2603,237119.26,60227.16,0.253884
1574870400000,0.2609,0.2644,0.2561,0.26,347917.53,90758.2,0.260249
1574877600000,0.26,0.2622,0.2585,0.2608,84398.04,21982.9,0.260349
1574884800000,0.261,0.2647,0.2601,0.2614,116202.23,30549.03,0.262402
1574892000000,0.2616,0.2633,0.26,0.2604,90881.55,23770.48,0.261672
1574899200000,0.2612,0.2647,0.2612,0.2623,51735.37,13597.97,0.26298
1574906400000,0.2629,0.2708,0.2621,0.2678,130535.72,34963.35,0.266545
1574913600000,0.2682,0.2762,0.2666,0.2731,215941.56,58702.72,0.271452
1574920800000,0.2725,0.2766,0.2672,0.2677,314603.3,85322.5,0.272026
1574928000000,0.2673,0.268,0.263,0.2662,186603.33,49539.37,0.265485
1574935200000,0.2654,0.2678,0.2639,0.2678,69994.08,18582.97,0.265772
1574942400000,0.2665,0.2756,0.2642,0.2744,260929.65,70374.29,0.269825
1574949600000,0.2741,0.2771,0.2672,0.2764,303439.01,82737.79,0.272108
1574956800000,0.277,0.2783,0.2746,0.2779,94406.44,26146.43,0.276435
1574964000000,0.2781,0.2791,0.2762,0.2784,60181.37,16693.3,0.277648
1574971200000,0.279,0.279,0.2692,0.2706,364674.23,98832.84,0.273943
1574978400000,0.2704,0.2724,0.2645,0.2652,124557.39,33384.57,0.268529
1574985600000,0.2645,0.2745,0.2644,0.2735,102017.14,27584.32,0.269561
1574992800000,0.2732,0.2762,0.273,0.2737,131211.36,36058.46,0.274607
1575000000000,0.2741,0.2741,0.2697,0.2704,58750.53,15967.24,0.271825
1575007200000,0.2704,0.2747,0.2704,0.2747,116881.91,31815.26,0.27255
1575014400000,0.2747,0.278,0.2736,0.2773,85171.72,23489.11,0.275781
1575021600000,0.2773,0.2785,0.2755,0.2762,59600.49,16530.8,0.277009
1575028800000,0.2759,0.2809,0.2718,0.2792,97922.43,27243.81,0.276309
1575036000000,0.28,0.2809,0.2754,0.2776,65804.47,18245.27,0.278118
1575043200000,0.2786,0.279,0.2747,0.2752,82184.75,22645.98,0.276841
1575050400000,0.2746,0.2748,0.2714,0.2734,113926.67,31077.98,0.273071
1575057600000,0.2726,0.2766,0.2702,0.2702,78130.47,21406.71,0.273473
1575064800000,0.2712,0.2723,0.2706,0.2712,13636.35,3698.76,0.27145
1575072000000,0.2723,0.2737,0.271,0.2734,36534.66,9984.36,0.272328
1575079200000,0.2733,0.2733,0.2664,0.2691,198906.23,53347.09,0.269712
1575086400000,0.2691,0.2694,0.267,0.2684,15732.11,4224.24,0.268188
1575093600000,0.2685,0.2703,0.267,0.2677,21663.25,5832.43,0.268658
1575100800000,0.2677,0.268,0.2616,0.263,229940.73,60905.71,0.264714
1575108000000,0.263,0.2652,0.2604,0.2617,165464.47,43493.4,0.262808
1575115200000,0.2615,0.2641,0.2605,0.2627,112949.09,29644.4,0.262306
1575122400000,0.2627,0.263,0.2584,0.26,234592.75,61031.87,0.260639
1575129600000,0.26,0.2618,0.2592,0.2597,49980.63,13011.93,0.260502
1575136800000,0.259,0.2593,0.2573,0.258,55218.7,14252.94,0.258287
1575144000000,0.2569,0.258,0.2545,0.258,86567.55,22155.71,0.25622
1575151200000,0.2582,0.259,0.2569,0.2576,24767.25,6393.61,0.257951
1575158400000,0.2573,0.2585,0.2501,0.2502,143105.33,36329.58,0.25442
1575165600000,0.2509,0.2519,0.2457,0.2465,139652.25,34692.14,0.248814
1575172800000,0.2458,0.2505,0.245,0.2498,53386.21,13275.1,0.247742
1575180000000,0.2504,0.2506,0.2478,0.249,52625.73,13128.59,0.249167
1575187200000,0.2494,0.2509,0.249,0.2503,42718.29,10672.03,0.249956
1575194400000,0.25,0.2526,0.2496,0.2509,43186.29,10837.47,0.251115
1575201600000,0.2513,0.2634,0.2507,0.2634,130418.74,33377.03,0.256962
1575208800000,0.2634,0.2672,0.2539,0.2547,158185.96,41260.8,0.26073
1575216000000,0.2539,0.2553,0.2536,0.255,51243.44,13041.21,0.25445
1575223200000,0.255,0.2585,0.2542,0.2585,58608.82,15052.39,0.256271
1575230400000,0.2585,0.264,0.258,0.2615,144402.41,37687.32,0.261067
1575237600000,0.2626,0.2626,0.258,0.2594,175709.64,45780.53,0.260204
1575244800000,0.2596,0.2602,0.2577,0.2577,34561.86,8937.8,0.259001
1575252000000,0.2578,0.2588,0.2545,0.2552,90720.06,23304.28,0.256665
1575259200000,0.255,0.2553,0.2514,0.2519,77007.0,19562.38,0.253331
1575266400000,0.2516,0.2516,0.2471,0.2489,235966.47,58727.44,0.249261
1575273600000,0.2489,0.2511,0.2459,0.2511,48365.3,12008.32,0.24843
1575280800000,0.2504,0.2557,0.2504,0.2557,104451.06,26526.66,0.25305
1575288000000,0.2542,0.2582,0.2521,0.2542,63300.68,16064.75,0.25515
1575295200000,0.2545,0.2557,0.2505,0.2518,73809.66,18602.05,0.253096
1575302400000,0.2518,0.2536,0.2495,0.2499,45019.97,11305.75,0.25159
1575309600000,0.2495,0.2497,0.248,0.2485,84627.96,21053.01,0.248836
1575316800000,0.2485,0.2492,0.2462,0.2478,66478.15,16438.69,0.247694
1575324000000,0.2473,0.2494,0.2471,0.2471,32762.51,8121.38,0.248252
1575331200000,0.2469,0.2514,0.2456,0.2478,160184.73,39657.51,0.248507
1575338400000,0.248,0.2487,0.2465,0.2469,54473.88,13482.8,0.24761
1575345600000,0.2471,0.2477,0.245,0.2467,48061.13,11834.35,0.246347
1575352800000,0.2474,0.248,0.247,0.248,33302.86,8237.38,0.24748
1575360000000,0.2469,0.2499,0.2469,0.2481,54295.77,13511.83,0.248437
1575367200000,0.2477,0.2498,0.2451,0.2481,61036.38,15110.55,0.247449
1575374400000,0.2481,0.249,0.2439,0.2451,200920.52,49290.72,0.246436
1575381600000,0.246,0.2468,0.2444,0.2459,77957.11,19133.05,0.2456
1575388800000,0.2467,0.2484,0.2455,0.2473,144483.0,35699.57,0.246949
1575396000000,0.2473,0.2478,0.2459,0.247,183340.6,45283.01,0.246848
1575403200000,0.2468,0.2468,0.2442,0.2442,30700.48,7532.1,0.2455
1575410400000,0.2442,0.245,0.2423,0.2431,38521.5,9384.41,0.24365
1575417600000,0.2425,0.2425,0.2367,0.2375,75497.33,18052.5,0.239509
1575424800000,0.2367,0.2377,0.2355,0.2374,40297.02,9540.19,0.236588
1575432000000,0.2374,0.2375,0.236,0.2362,26201.35,6195.56,0.23674
1575439200000,0.2355,0.2367,0.2352,0.2353,25903.97,6101.46,0.235952
1575446400000,0.2353,0.2388,0.233,0.2383,103632.12,24419.6,0.235835
1575453600000,0.2381,0.239,0.2362,0.2362,16060.61,3817.66,0.237659
1575460800000,0.2367,0.2479,0.2354,0.2424,236052.98,56937.25,0.241765
1575468000000,0.2426,0.2438,0.2405,0.2416,70821.77,17121.6,0.242151
1575475200000,0.2416,0.2416,0.2391,0.24,22246.86,5357.57,0.240299
1575482400000,0.2402,0.2406,0.2383,0.2383,30954.16,7416.9,0.239491
1575489600000,0.2377,0.2377,0.2257,0.2264,615126.35,143203.1,0.2316
1575496800000,0.2274,0.2305,0.2266,0.2295,100366.95,23012.35,0.228558
1575504000000,0.229,0.2307,0.2284,0.2298,50626.28,11652.58,0.229555
1575511200000,0.2298,0.2301,0.2232,0.2252,95653.11,21552.43,0.226544
1575518400000,0.2247,0.2327,0.2247,0.2322,123628.3,28224.04,0.22877
1575525600000,0.2324,0.233,0.2294,0.2301,55414.26,12863.02,0.231194
1575532800000,0.2302,0.2351,0.2302,0.232,80097.33,18723.79,0.232704
1575540000000,0.232,0.2348,0.2314,0.2342,36134.57,8415.9,0.2331
1575547200000,0.2342,0.2381,0.2291,0.2291,164729.75,38548.0,0.23377
1575554400000,0.2293,0.2312,0.2293,0.2299,125283.13,28852.16,0.230267
1575561600000,0.2297,0.2297,0.2261,0.2278,141023.94,32062.21,0.227836
1575568800000,0.2281,0.2314,0.2281,0.23,60402.12,13881.23,0.229813
1575576000000,0.2302,0.2314,0.2277,0.2295,84747.1,19520.17,0.229547
1575583200000,0.2289,0.2316,0.2289,0.2311,35694.56,8249.51,0.2303
1575590400000,0.2312,0.2313,0.2293,0.2311,13565.68,3126.55,0.230299
1575597600000,0.2309,0.2343,0.2301,0.2322,109657.78,25418.77,0.232216
1575604800000,0.2322,0.2329,0.2318,0.2329,12674.35,2944.05,0.232327
1575612000000,0.2326,0.2332,0.2315,0.2332,13375.59,3105.36,0.232332
1575619200000,0.2334,0.2359,0.232,0.2343,38929.34,9070.99,0.233951
1575626400000,0.2356,0.2363,0.234,0.2361,54294.33,12759.83,0.235142
1575633600000,0.2353,0.2494,0.2353,0.244,337223.93,81480.61,0.242634
1575640800000,0.244,0.2444,0.2362,0.2418,548891.36,131277.17,0.240252
1575648000000,0.2422,0.2434,0.2389,0.2404,82695.88,19905.67,0.241144
1575655200000,0.2416,0.2424,0.2384,0.2412,47025.72,11330.9,0.240397
1575662400000,0.2419,0.2428,0.2392,0.2428,61836.95,14917.53,0.240979
1575669600000,0.243,0.2444,0.2419,0.2429,72214.4,17544.67,0.24315
1575676800000,0.2427,0.2427,0.2388,0.2392,37148.88,8947.04,0.2407
1575684000000,0.2392,0.241,0.2381,0.2385,32085.55,7676.63,0.23956
1575691200000,0.2394,0.2408,0.239,0.2397,41054.08,9849.59,0.239902
1575698400000,0.2399,0.2414,0.2383,0.2405,32658.35,7815.98,0.239847
1575705600000,0.2412,0.2412,0.2391,0.24,7219.35,1733.3,0.24011
1575712800000,0.2388,0.2411,0.2388,0.241,55556.4,13317.77,0.239965
1575720000000,0.2403,0.2423,0.2398,0.2423,17680.1,4259.37,0.241002
1575727200000,0.2422,0.2429,0.2388,0.2389,65222.36,15730.79,0.240908
1575734400000,0.2389,0.2399,0.236,0.2377,129496.6,30725.25,0.237942
1575741600000,0.2381,0.2387,0.237,0.2373,56977.22,13544.38,0.237859
1575748800000,0.2383,0.2383,0.2348,0.2356,68391.75,16174.03,0.23648
1575756000000,0.2356,0.2365,0.2348,0.2363,17051.59,4017.45,0.235637
1575763200000,0.2358,0.2366,0.2322,0.2323,47143.07,11026.29,0.234466
1575770400000,0.2319,0.233,0.231,0.2313,55191.68,12798.26,0.232009
1575777600000,0.2311,0.2338,0.2311,0.2338,13161.53,3060.28,0.23245
1575784800000,0.2333,0.2345,0.2331,0.2339,26199.08,6130.64,0.23381
1575792000000,0.2342,0.2371,0.2335,0.2361,14723.75,3477.1,0.235311
1575799200000,0.2362,0.2403,0.2362,0.2384,59950.99,14300.05,0.238324
1575806400000,0.2383,0.239,0.2366,0.2366,43504.25,10342.9,0.23785
1575813600000,0.2366,0.2391,0.2345,0.2387,79567.15,18879.56,0.236753
1575820800000,0.2389,0.2394,0.2368,0.2371,16145.08,3841.59,0.238114
1575828000000,0.2372,0.2376,0.2355,0.2355,20956.01,4952.0,0.236589
1575835200000,0.2363,0.2367,0.2346,0.236,68383.53,16089.49,0.235647
1575842400000,0.2369,0.2371,0.2355,0.2367,47587.67,11250.9,0.236298
1575849600000,0.2371,0.2371,0.2344,0.2345,23683.52,5574.36,0.235735
1575856800000,0.2345,0.2365,0.2343,0.2363,123907.72,29153.32,0.2354
1575864000000,0.2363,0.2364,0.2355,0.2356,18109.34,4271.58,0.23595
1575871200000,0.2361,0.2373,0.235,0.2363,1977.57,466.95,0.23615
1575878400000,0.2362,0.2362,0.2347,0.2357,20562.33,4830.39,0.235436
1575885600000,0.235,0.2366,0.235,0.2359,2843.1,670.49,0.23583
1575892800000,0.2353,0.237,0.2352,0.2353,17917.91,4230.5,0.2361
1575900000000,0.2353,0.2387,0.2334,0.2335,123861.16,29137.23,0.236099
1575907200000,0.2333,0.2339,0.2319,0.2325,47316.75,11023.35,0.2329
1575914400000,0.2325,0.2329,0.2316,0.2321,14233.51,3305.56,0.232249
1575921600000,0.2317,0.2317,0.2279,0.2311,54529.02,12538.26,0.22979
1575928800000,0.2313,0.2315,0.2298,0.2306,10278.26,2374.82,0.230637
1575936000000,0.2309,0.2317,0.2207,0.2246,253784.74,57254.59,0.226062
1575943200000,0.2248,0.2256,0.2206,0.2237,115790.77,25854.03,0.223086
1575950400000,0.2244,0.2253,0.2235,0.224,41327.16,9258.89,0.224402
1575957600000,0.2245,0.2272,0.2242,0.2268,47764.52,10805.2,0.225709
1575964800000,0.2271,0.2272,0.2246,0.2251,35892.68,8088.49,0.225865
1575972000000,0.2249,0.2262,0.2244,0.2258,24571.68,5539.26,0.225297
1575979200000,0.2255,0.2262,0.2246,0.2262,21997.39,4954.35,0.225377
1575986400000,0.2268,0.2272,0.2213,0.2214,55394.05,12349.98,0.22429
1575993600000,0.221,0.2215,0.2195,0.2198,41848.92,9234.31,0.22051
1576000800000,0.2197,0.2211,0.2191,0.2211,48901.28,10749.52,0.220058
1576008000000,0.2202,0.2239,0.2202,0.2229,25378.53,5649.44,0.222127
1576015200000,0.2229,0.2276,0.2229,0.2263,118597.89,26821.94,0.225348
1576022400000,0.2263,0.2271,0.2248,0.2256,15728.23,3549.87,0.22595
1576029600000,0.2275,0.2277,0.2236,0.2243,10774.39,2433.48,0.225605
1576036800000,0.2233,0.2242,0.2233,0.2235,11826.11,2644.97,0.223754
1576044000000,0.2224,0.2245,0.2223,0.2245,13625.31,3047.65,0.223385
1576051200000,0.2244,0.2257,0.2244,0.2245,22967.55,5165.71,0.225051
1576058400000,0.2245,0.2245,0.2231,0.2238,3595.31,804.94,0.223777
1576065600000,0.2229,0.2243,0.2216,0.2216,13484.22,3003.03,0.222993
1576072800000,0.2224,0.2231,0.2171,0.2184,129062.78,28428.11,0.220062
1576080000000,0.2181,0.222,0.2177,0.2203,72646.23,15962.98,0.219896
1576087200000,0.2196,0.2263,0.2184,0.2244,237144.77,52568.08,0.222386
1576094400000,0.2243,0.2253,0.2201,0.2229,51673.85,11474.28,0.222683
1576101600000,0.2222,0.2236,0.2214,0.2224,29281.11,6522.05,0.2225
1576108800000,0.2221,0.2238,0.2166,0.2177,70578.55,15507.37,0.220231
1576116000000,0.2173,0.2184,0.2158,0.2168,115183.58,24959.11,0.2171
1576123200000,0.2172,0.2172,0.2158,0.2163,13436.09,2907.04,0.216471
1576130400000,0.2158,0.2167,0.2156,0.2165,2719.51,588.42,0.21615
1576137600000,0.2163,0.2176,0.2153,0.2169,87667.98,18915.15,0.216447
1576144800000,0.218,0.22,0.2163,0.219,21613.41,4705.82,0.218143
1576152000000,0.2194,0.221,0.2187,0.2191,48676.31,10724.14,0.219853
1576159200000,0.2198,0.2202,0.2167,0.2178,17104.15,3740.09,0.218419
1576166400000,0.2178,0.219,0.2171,0.2176,19146.23,4171.17,0.218051
1576173600000,0.2174,0.2186,0.215,0.2186,46523.75,10074.86,0.216766
1576180800000,0.2176,0.2189,0.2174,0.2187,22357.17,4873.48,0.21815
1576188000000,0.2185,0.2185,0.2166,0.2166,11899.87,2592.74,0.21755
1576195200000,0.2168,0.2171,0.2154,0.2161,75643.84,16311.56,0.216241
1576202400000,0.216,0.2173,0.216,0.2165,2103.43,456.31,0.216665
1576209600000,0.2165,0.2205,0.2165,0.2193,92428.93,20267.79,0.218584
1576216800000,0.2199,0.2199,0.2188,0.2192,11079.02,2431.16,0.219327
1576224000000,0.2201,0.2201,0.2184,0.2196,18292.36,4011.0,0.219237
1576231200000,0.2198,0.2201,0.2188,0.2194,23363.4,5124.56,0.219446
1576238400000,0.2194,0.2201,0.2192,0.2201,45638.63,10023.58,0.219632
1576245600000,0.2201,0.2201,0.219,0.2199,17942.98,3943.23,0.219546
1576252800000,0.2198,0.2219,0.2195,0.2202,65090.45,14373.73,0.220705
1576260000000,0.221,0.221,0.2195,0.2205,22400.73,4928.13,0.220236
1576267200000,0.2206,0.2208,0.2194,0.2201,38905.04,8565.07,0.220092
1576274400000,0.2201,0.2206,0.2196,0.2206,11548.03,2541.64,0.220083
1576281600000,0.2206,0.2208,0.2198,0.2208,31947.27,7039.69,0.220296
1576288800000,0.2201,0.2215,0.2201,0.2203,8187.69,1806.44,0.220803
1576296000000,0.2203,0.222,0.2202,0.2219,19991.54,4421.61,0.2211
1576303200000,0.2212,0.2232,0.2212,0.2222,53201.44,11811.98,0.222233
1576310400000,0.2222,0.2227,0.2193,0.2198,21083.99,4649.42,0.221
1576317600000,0.2198,0.2203,0.216,0.2179,65232.87,14261.66,0.218114
1576324800000,0.218,0.218,0.2139,0.2148,50640.61,10880.81,0.215869
1576332000000,0.2138,0.2149,0.2111,0.2112,60722.16,12945.45,0.213066
1576339200000,0.2111,0.2124,0.2102,0.2119,147768.7,31290.7,0.211293
1576346400000,0.2118,0.2122,0.211,0.2111,11305.36,2393.0,0.211614
1576353600000,0.2111,0.2117,0.2104,0.2104,36390.36,7678.85,0.211073
1576360800000,0.2108,0.2114,0.2103,0.2112,22677.23,4786.84,0.210845
1576368000000,0.2105,0.2106,0.2018,0.2024,293133.01,60465.33,0.206133
1576375200000,0.2024,0.2044,0.2017,0.2034,157476.94,31951.11,0.203055
1576382400000,0.2036,0.2036,0.2023,0.2033,40246.52,8169.25,0.202943
1576389600000,0.2034,0.2081,0.2022,0.2077,155453.63,31908.48,0.205089
1576396800000,0.2081,0.2094,0.2078,0.208,51774.1,10793.45,0.208601
1576404000000,0.2088,0.2093,0.2071,0.2093,8485.38,1765.85,0.208189
1576411200000,0.2094,0.2099,0.2051,0.2059,52055.84,10758.57,0.207477
1576418400000,0.2054,0.2086,0.205,0.205,58728.3,12137.63,0.206805
1576425600000,0.2052,0.2079,0.2052,0.2071,56787.26,11743.68,0.206607
1576432800000,0.2075,0.2089,0.2072,0.2076,20398.42,4240.75,0.20805
1576440000000,0.2084,0.2086,0.207,0.2071,12704.8,2636.58,0.20781
1576447200000,0.207,0.2076,0.2067,0.2072,16624.42,3441.21,0.207151
1576454400000,0.2072,0.2094,0.206,0.2087,30910.79,6423.05,0.207687
1576461600000,0.2087,0.2099,0.208,0.2093,33272.84,6944.13,0.208949
1576468800000,0.2092,0.2092,0.2054,0.2061,54658.2,11361.44,0.20723
1576476000000,0.2062,0.2063,0.2037,0.2037,44079.83,9056.82,0.205015
1576483200000,0.2039,0.2047,0.2028,0.203,35607.19,7228.77,0.203768
1576490400000,0.203,0.2047,0.2027,0.2041,20518.32,4175.66,0.203712
1576497600000,0.2034,0.2051,0.203,0.2051,123624.74,25178.58,0.204011
1576504800000,0.2059,0.2059,0.204,0.2044,16589.21,3397.04,0.204913
1576512000000,0.2038,0.2046,0.203,0.2041,58354.23,11879.47,0.203799
1576519200000,0.2041,0.2043,0.1908,0.1924,556993.53,108925.05,0.197388
1576526400000,0.1931,0.2015,0.1901,0.1976,201698.04,39555.03,0.195818
1576533600000,0.1973,0.1973,0.1902,0.1928,161753.57,31210.46,0.193605
1576540800000,0.1928,0.1957,0.1928,0.1956,67034.3,13039.68,0.194265
1576548000000,0.1948,0.1951,0.1928,0.1933,25028.43,4840.74,0.193938
1576555200000,0.1936,0.1941,0.1928,0.1931,9530.98,1842.99,0.193454
1576562400000,0.1937,0.1937,0.1916,0.1927,63445.93,12209.73,0.192617
1576569600000,0.1916,0.1921,0.1913,0.1913,13348.76,2557.47,0.191709
1576576800000,0.1917,0.1929,0.1913,0.1929,13412.33,2575.74,0.192067
1576584000000,0.1929,0.1929,0.1871,0.1875,189567.5,35856.19,0.189945
1576591200000,0.1872,0.1895,0.1842,0.1858,161675.07,30159.49,0.186856
1576598400000,0.1861,0.1868,0.183,0.1838,245658.29,45372.93,0.184895
1576605600000,0.1839,0.1839,0.18,0.1809,251571.52,45697.85,0.181872
1576612800000,0.1816,0.1823,0.1779,0.179,91076.94,16371.61,0.180081
1576620000000,0.1789,0.1825,0.1777,0.1782,214303.85,38437.74,0.180108
1576627200000,0.1777,0.1824,0.1765,0.1812,287204.56,51348.89,0.17945
1576634400000,0.1811,0.1868,0.1793,0.1834,303097.3,55264.04,0.183069
1576641600000,0.1839,0.1858,0.1827,0.1835,13573.88,2507.67,0.184252
1576648800000,0.1834,0.1838,0.1789,0.18,56216.35,10192.69,0.181302
1576656000000,0.1801,0.1816,0.1783,0.1815,58619.84,10544.34,0.17991
1576663200000,0.181,0.1833,0.1778,0.1789,70882.55,12716.83,0.180573
1576670400000,0.1791,0.181,0.1714,0.1802,395547.81,69573.52,0.176189
1576677600000,0.1811,0.1865,0.1787,0.1856,157638.09,28831.15,0.182532
1576684800000,0.1861,0.1918,0.1861,0.1918,195925.53,36955.35,0.18895
1576692000000,0.1916,0.2001,0.1916,0.1987,400819.95,78726.5,0.195998
1576699200000,0.1989,0.203,0.1983,0.1992,168218.83,33710.35,0.200652
1576706400000,0.1995,0.2054,0.1995,0.2011,280877.02,56877.73,0.20249
1576713600000,0.2011,0.2024,0.1909,0.1921,215687.14,42062.36,0.196659
1576720800000,0.1915,0.1923,0.1903,0.1913,53743.53,10284.12,0.1913
1576728000000,0.1905,0.1911,0.1896,0.1908,17836.21,3395.54,0.190347
1576735200000,0.1908,0.1908,0.1864,0.1867,64022.52,12043.82,0.188558
1576742400000,0.1865,0.1872,0.1842,0.1851,100833.25,18655.54,0.185694
1576749600000,0.1853,0.1884,0.1843,0.1859,155140.71,28968.87,0.186354
1576756800000,0.1857,0.1869,0.1817,0.182,140004.25,25780.35,0.184365
1576764000000,0.1825,0.1853,0.1819,0.1847,73620.17,13522.91,0.1836
1576771200000,0.1839,0.1851,0.1831,0.1842,67641.92,12446.08,0.1841
1576778400000,0.1839,0.1893,0.1839,0.188,238244.26,44565.29,0.186709
1576785600000,0.188,0.189,0.186,0.1868,58758.65,11017.67,0.187504
1576792800000,0.186,0.1883,0.1858,0.1873,28794.87,5387.38,0.187079
1576800000000,0.1868,0.1876,0.1854,0.1869,77165.97,14409.99,0.1865
1576807200000,0.1867,0.1878,0.1858,0.1878,30861.03,5769.96,0.186763
1576814400000,0.1877,0.1881,0.1865,0.1874,40062.76,7513.73,0.187298
1576821600000,0.1872,0.1878,0.1863,0.1874,52000.15,9734.49,0.187049
1576828800000,0.1876,0.1899,0.1861,0.1894,35413.11,6675.49,0.18797
1576836000000,0.1893,0.1916,0.189,0.1914,40303.19,7646.67,0.19029
1576843200000,0.192,0.1945,0.1912,0.1921,49967.83,9648.02,0.19285
1576850400000,0.1915,0.197,0.1915,0.1955,97803.26,19116.81,0.194364
1576857600000,0.1969,0.1969,0.193,0.1964,133452.38,25944.92,0.194943
1576864800000,0.196,0.1986,0.1933,0.1954,64653.96,12651.56,0.195951
1576872000000,0.1954,0.1954,0.1915,0.1915,59724.6,11506.68,0.19345
1576879200000,0.192,0.1932,0.1912,0.192,95900.05,18437.08,0.1922
1576886400000,0.1929,0.1929,0.1908,0.1909,44247.06,8469.82,0.191835
1576893600000,0.1909,0.1919,0.1905,0.1914,33264.83,6361.16,0.191202
1576900800000,0.1918,0.1933,0.1909,0.191,45344.03,8714.01,0.19212
1576908000000,0.191,0.191,0.1892,0.1899,73684.8,14013.44,0.190064
1576915200000,0.1898,0.1911,0.1894,0.19,39570.29,7532.48,0.190251
1576922400000,0.1893,0.1911,0.1884,0.1907,45580.55,8635.21,0.189732
1576929600000,0.191,0.191,0.1886,0.1886,6423.76,1218.75,0.1898
1576936800000,0.1898,0.1915,0.1896,0.1899,27786.53,5296.44,0.19055
1576944000000,0.1893,0.1905,0.1888,0.1891,54602.88,10357.27,0.189652
1576951200000,0.1892,0.1892,0.1874,0.1882,26137.66,4923.2,0.188267
1576958400000,0.1872,0.1906,0.1872,0.1901,34779.5,6566.54,0.188956
1576965600000,0.1894,0.1918,0.1893,0.1917,30941.38,5912.65,0.19055
1576972800000,0.1915,0.1915,0.1891,0.1894,23600.25,4488.81,0.190264
1576980000000,0.1892,0.19,0.1881,0.1883,12758.83,2406.73,0.189068
1576987200000,0.1882,0.1899,0.1881,0.1889,2241.77,423.52,0.189018
1576994400000,0.1885,0.1896,0.1877,0.1896,15679.28,2952.64,0.188613
1577001600000,0.1898,0.1903,0.1875,0.1881,10317.91,1947.68,0.188895
1577008800000,0.1886,0.1887,0.1879,0.1887,4310.5,811.8,0.188299
1577016000000,0.1882,0.1892,0.1878,0.1889,12007.47,2262.83,0.188497
1577023200000,0.1886,0.1901,0.1885,0.1898,59161.98,11218.01,0.189316
1577030400000,0.1897,0.1947,0.1891,0.1934,98271.22,18861.2,0.191943
1577037600000,0.1933,0.195,0.1914,0.1925,29392.87,5686.74,0.193204
1577044800000,0.1927,0.1958,0.1917,0.1929,150062.28,29146.21,0.193751
1577052000000,0.1926,0.1943,0.1914,0.1915,37117.24,7161.91,0.19288
1577059200000,0.1918,0.1931,0.1907,0.1919,34682.21,6653.16,0.1919
1577066400000,0.1917,0.1934,0.191,0.192,36848.4,7067.76,0.192201
1577073600000,0.1915,0.1918,0.19,0.1901,32826.52,6259.19,0.190918
1577080800000,0.19,0.1907,0.188,0.1893,110454.21,20941.47,0.189345
1577088000000,0.189,0.1903,0.1882,0.1894,16573.67,3139.15,0.18925
1577095200000,0.1899,0.1902,0.1884,0.1902,24899.77,4726.39,0.189295
1577102400000,0.1896,0.1918,0.1891,0.1896,28161.54,5350.42,0.19045
1577109600000,0.19,0.192,0.1896,0.191,8353.58,1594.31,0.190814
1577116800000,0.1916,0.1927,0.1831,0.1852,219863.19,41022.49,0.187838
1577124000000,0.1846,0.1861,0.1844,0.1861,35314.78,6538.72,0.185226
1577131200000,0.1857,0.1861,0.1812,0.1826,45799.51,8369.91,0.183594
1577138400000,0.1828,0.1838,0.1815,0.1833,16379.49,2990.29,0.182645
1577145600000,0.1838,0.1838,0.1817,0.1829,58883.39,10767.66,0.182721
1577152800000,0.1832,0.1832,0.1829,0.1832,9802.73,1794.22,0.18305
1577160000000,0.1832,0.1835,0.1827,0.1834,22886.58,4194.92,0.183097
1577167200000,0.1834,0.1838,0.1812,0.1818,33719.86,6157.84,0.18249
1577174400000,0.1821,0.1843,0.1808,0.1825,26469.11,4818.23,0.182551
1577181600000,0.1838,0.185,0.1835,0.1841,12024.22,2217.14,0.184253
1577188800000,0.1841,0.1851,0.1839,0.185,6658.72,1227.49,0.184492
1577196000000,0.1855,0.1857,0.1814,0.1814,17332.16,3163.64,0.183579
1577203200000,0.1815,0.1832,0.1807,0.183,52050.98,9471.37,0.18192
1577210400000,0.1827,0.1832,0.1819,0.1832,38546.16,7032.31,0.182535
1577217600000,0.183,0.1841,0.1819,0.1833,27886.77,5108.6,0.182999
1577224800000,0.1833,0.1838,0.1833,0.1834,38235.89,7011.21,0.183552
1577232000000,0.1833,0.1837,0.1812,0.1821,32747.33,5993.81,0.182435
1577239200000,0.1815,0.1822,0.1811,0.182,6244.76,1134.31,0.181645
1577246400000,0.1815,0.1828,0.1815,0.1827,2289.91,417.27,0.182164
1577253600000,0.1821,0.1862,0.1816,0.1841,271350.46,50008.41,0.18394
1577260800000,0.1847,0.1862,0.1834,0.1852,189968.32,35132.27,0.184799
1577268000000,0.1852,0.1856,0.1834,0.1834,33243.53,6113.33,0.18454
1577275200000,0.1828,0.1852,0.182,0.1823,39284.56,7181.01,0.183606
1577282400000,0.1828,0.1837,0.1797,0.1799,86176.52,15627.71,0.181753
1577289600000,0.1799,0.1809,0.1795,0.1807,36188.38,6517.22,0.180191
1577296800000,0.1807,0.1823,0.18,0.1823,24250.56,4393.22,0.181102
1577304000000,0.1821,0.1828,0.1819,0.182,5037.22,917.39,0.182351
1577311200000,0.1815,0.1827,0.1801,0.1815,27508.4,4992.85,0.1814
1577318400000,0.1812,0.1832,0.1799,0.1802,247071.84,44857.23,0.18157
1577325600000,0.1802,0.1813,0.1802,0.1803,15552.41,2811.01,0.180751
1577332800000,0.1804,0.1806,0.1795,0.1804,19993.86,3596.0,0.18005
1577340000000,0.1805,0.1815,0.1805,0.181,5520.89,998.82,0.181017
1577347200000,0.1802,0.1815,0.1802,0.181,6129.53,1109.49,0.180876
1577354400000,0.1805,0.1808,0.1802,0.1807,8383.74,1513.04,0.180497
1577361600000,0.1802,0.1816,0.18,0.1812,27741.5,5029.17,0.180811
1577368800000,0.1808,0.1826,0.1805,0.182,16129.31,2931.87,0.181563
1577376000000,0.1826,0.1848,0.1823,0.1844,88996.96,16328.66,0.183557
1577383200000,0.1837,0.1876,0.1828,0.1847,201553.97,37209.99,0.185211
1577390400000,0.1844,0.1849,0.1816,0.1831,42447.73,7783.19,0.18323
1577397600000,0.1828,0.1829,0.1805,0.1811,67392.54,12231.32,0.181664
1577404800000,0.1809,0.1852,0.1809,0.1814,196408.89,35970.44,0.183056
1577412000000,0.1813,0.1828,0.1804,0.1809,77045.22,13989.99,0.181603
1577419200000,0.1817,0.1817,0.18,0.1807,17193.4,3105.86,0.180817
1577426400000,0.1807,0.1813,0.1807,0.181,7590.29,1374.58,0.18101
1577433600000,0.1809,0.1827,0.1807,0.1818,54765.16,9977.47,0.181719
1577440800000,0.1818,0.1823,0.18,0.181,79597.7,14358.3,0.181142
1577448000000,0.1811,0.1838,0.1802,0.1811,64576.76,11791.32,0.182
1577455200000,0.181,0.1855,0.1806,0.185,55286.5,10177.42,0.18306
1577462400000,0.185,0.1857,0.183,0.1844,38490.89,7106.96,0.184346
1577469600000,0.1847,0.1862,0.1845,0.1845,47058.79,8732.15,0.185353
1577476800000,0.1845,0.1854,0.1837,0.1844,25298.78,4678.58,0.18455
1577484000000,0.184,0.186,0.184,0.1854,37167.9,6870.83,0.185042
1577491200000,0.1861,0.1867,0.1842,0.1854,56906.87,10543.65,0.185444
1577498400000,0.1849,0.1856,0.1845,0.1846,15151.96,2805.63,0.185056
1577505600000,0.1841,0.1854,0.1839,0.1853,93935.46,17361.59,0.18464
1577512800000,0.1848,0.1864,0.1847,0.1847,84865.9,15762.41,0.185551
1577520000000,0.1846,0.1848,0.1835,0.1844,27343.89,5032.1,0.184148
1577527200000,0.1844,0.1851,0.1828,0.1829,20775.24,3823.93,0.183986
1577534400000,0.1836,0.1845,0.1825,0.1845,47780.69,8765.11,0.183471
1577541600000,0.1838,0.1856,0.1832,0.1838,18046.02,3332.23,0.1844
1577548800000,0.1839,0.1853,0.1837,0.1853,57238.5,10553.51,0.184476
1577556000000,0.1855,0.1856,0.1838,0.1851,15210.38,2808.97,0.184692
1577563200000,0.1853,0.1857,0.1849,0.1857,7124.61,1321.28,0.185287
1577570400000,0.1856,0.1856,0.184,0.185,54145.0,10003.99,0.184782
1577577600000,0.1848,0.1854,0.1843,0.1852,47708.82,8823.9,0.184845
1577584800000,0.1847,0.1863,0.1847,0.1861,51318.65,9520.87,0.185524
1577592000000,0.1856,0.1863,0.1856,0.1863,16322.42,3037.12,0.18595
1577599200000,0.1865,0.1897,0.1857,0.1893,103691.87,19489.29,0.187672
1577606400000,0.1893,0.1952,0.1893,0.1945,189049.16,36597.45,0.192334
1577613600000,0.1952,0.1953,0.1907,0.192,188162.38,36212.03,0.192917
1577620800000,0.1922,0.194,0.1913,0.1931,83976.95,16154.2,0.19265
1577628000000,0.1936,0.1992,0.1919,0.1965,246582.05,48260.69,0.195571
1577635200000,0.1959,0.1966,0.1929,0.1962,177192.2,34504.14,0.194748
1577642400000,0.1967,0.1983,0.1961,0.1977,97797.44,19304.36,0.1972
1577649600000,0.1977,0.1983,0.1941,0.195,127444.59,24956.03,0.196183
1577656800000,0.1949,0.1975,0.1947,0.197,79486.77,15595.82,0.196125
1577664000000,0.1969,0.1978,0.1916,0.1918,230038.21,44464.67,0.194771
1577671200000,0.1916,0.1927,0.1903,0.1914,142887.91,27303.99,0.1915
1577678400000,0.1916,0.1933,0.1916,0.1924,79326.65,15287.15,0.192476
1577685600000,0.1917,0.1938,0.1917,0.1932,45666.17,8805.16,0.192794
1577692800000,0.1932,0.1935,0.1921,0.1921,21295.33,4102.31,0.192827
1577700000000,0.1925,0.1938,0.1911,0.1911,65537.49,12604.42,0.192497
1577707200000,0.1915,0.192,0.1902,0.1909,77012.19,14723.22,0.191097
1577714400000,0.1909,0.1917,0.1879,0.1879,262344.09,49748.03,0.189874
1577721600000,0.1884,0.1894,0.1875,0.1884,68278.25,12879.41,0.18845
1577728800000,0.1884,0.1914,0.1877,0.1883,125809.14,23850.5,0.18955
1577736000000,0.1878,0.1911,0.1878,0.1896,67329.92,12747.2,0.18951
1577743200000,0.1889,0.191,0.1876,0.1883,51038.86,9650.47,0.189305
1577750400000,0.188,0.1892,0.187,0.1888,37561.64,7055.26,0.18809
1577757600000,0.1879,0.1887,0.1865,0.1877,53105.8,9945.95,0.1876
1577764800000,0.1878,0.1888,0.1871,0.1873,37744.79,7105.03,0.187959
1577772000000,0.1873,0.1876,0.1866,0.1873,19593.28,3661.83,0.1871
1577779200000,0.1867,0.1868,0.1848,0.1854,85989.63,15994.44,0.18577
1577786400000,0.1854,0.1856,0.1833,0.1841,78608.23,14507.93,0.184424
1577793600000,0.1841,0.1842,0.1822,0.183,138612.31,25375.76,0.183171
1577800800000,0.1835,0.1856,0.1817,0.1838,136046.08,24952.39,0.18365
1577808000000,0.1835,0.1843,0.1826,0.1826,36577.93,6715.81,0.18348
1577815200000,0.1826,0.1835,0.1826,0.1828,20508.71,3750.17,0.183054
1577822400000,0.183,0.183,0.1806,0.1818,76751.44,13917.95,0.18176
1577829600000,0.1817,0.1817,0.1809,0.1815,71837.77,13019.87,0.181295
1577836800000,0.1809,0.1821,0.1809,0.1812,30613.69,5546.58,0.181507
1577844000000,0.1811,0.1817,0.1809,0.1811,69089.67,12509.04,0.1813
1577851200000,0.1807,0.1808,0.18,0.1808,50242.26,9059.34,0.180399
1577858400000,0.1808,0.1815,0.1807,0.1807,14196.14,2573.3,0.181101
1577865600000,0.1808,0.1828,0.1804,0.1828,3349.61,607.6,0.181558
1577872800000,0.183,0.1845,0.1822,0.1835,120006.29,22041.02,0.183351
1577880000000,0.1835,0.1853,0.1834,0.1849,43148.07,7949.72,0.184374
1577887200000,0.1849,0.1861,0.1832,0.1843,82927.27,15280.42,0.184651
1577894400000,0.1839,0.1849,0.1838,0.1848,14356.52,2647.89,0.18435
1577901600000,0.184,0.1851,0.183,0.1845,48037.1,8832.18,0.184047
1577908800000,0.185,0.185,0.1831,0.1836,10020.79,1840.6,0.184011
1577916000000,0.1837,0.1839,0.1824,0.1825,4891.64,895.59,0.18316
1577923200000,0.1829,0.1832,0.1815,0.1815,9883.3,1798.25,0.182381
1577930400000,0.1819,0.1833,0.1805,0.1815,158624.67,28902.69,0.181901
1577937600000,0.1821,0.1825,0.18,0.1801,29368.71,5306.55,0.181279
1577944800000,0.1808,0.1809,0.18,0.1803,56674.13,10225.08,0.180442
1577952000000,0.1807,0.1809,0.1803,0.1804,9425.33,1701.49,0.180603
1577959200000,0.1804,0.1807,0.18,0.1805,13214.22,2383.64,0.180349
1577966400000,0.1805,0.1838,0.1805,0.1833,64448.74,11753.09,0.182205
1577973600000,0.1834,0.1856,0.1829,0.1829,129338.33,23851.73,0.18426
1577980800000,0.183,0.1835,0.1737,0.1762,355496.12,63559.88,0.178463
1577988000000,0.1758,0.1764,0.1755,0.1758,27892.71,4903.81,0.17595
1577995200000,0.1764,0.1764,0.1752,0.1758,22225.53,3900.5,0.17578
1578002400000,0.1756,0.1774,0.1752,0.1752,79962.6,14092.39,0.176308
1578009600000,0.175,0.1751,0.1735,0.1751,51418.78,8961.77,0.174299
1578016800000,0.1751,0.1759,0.1749,0.1759,10412.2,1826.65,0.175381
1578024000000,0.1759,0.1816,0.1756,0.1785,257468.92,46032.13,0.178669
1578031200000,0.1788,0.1795,0.1785,0.1788,16527.56,2957.58,0.179
1578038400000,0.179,0.1826,0.179,0.1826,68666.68,12428.31,0.1808
1578045600000,0.1826,0.1826,0.18,0.1811,25073.98,4551.16,0.18125
1578052800000,0.1812,0.1824,0.1799,0.1824,45679.96,8264.23,0.18111
1578060000000,0.1819,0.1819,0.1793,0.1793,19286.21,3482.86,0.1806
1578067200000,0.1808,0.1825,0.1793,0.1816,111546.51,20199.56,0.180895
1578074400000,0.1816,0.1833,0.1806,0.1821,118097.82,21523.69,0.181951
1578081600000,0.1824,0.1828,0.1802,0.1803,54817.79,9993.5,0.181529
1578088800000,0.1803,0.1821,0.1798,0.1821,20365.07,3683.7,0.180905
1578096000000,0.1824,0.1828,0.1814,0.1824,31976.92,5830.35,0.1821
1578103200000,0.1817,0.182,0.1816,0.1816,6652.42,1209.27,0.181802
1578110400000,0.1816,0.1822,0.1815,0.1822,15649.56,2844.72,0.181839
1578117600000,0.1822,0.186,0.1821,0.1848,116889.64,21597.13,0.184119
1578124800000,0.1851,0.1876,0.1848,0.1859,135830.09,25303.79,0.186215
1578132000000,0.1855,0.1866,0.1849,0.1866,34861.73,6481.06,0.185715
1578139200000,0.187,0.1871,0.1856,0.1857,72050.53,13430.63,0.18635
1578146400000,0.1861,0.1864,0.1855,0.1864,19177.29,3569.49,0.185941
1578153600000,0.1857,0.1865,0.1853,0.1865,12894.53,2395.9,0.185875
1578160800000,0.1864,0.1889,0.1854,0.1858,76632.37,14273.83,0.187158
1578168000000,0.1858,0.19,0.1857,0.1864,145403.91,27359.27,0.187859
1578175200000,0.1861,0.1869,0.1854,0.1864,15688.1,2923.84,0.186149
1578182400000,0.187,0.19,0.187,0.1897,119049.04,22516.3,0.188538
1578189600000,0.1887,0.1887,0.1872,0.1887,19171.56,3600.31,0.18795
1578196800000,0.1886,0.1886,0.1878,0.1879,21471.67,4037.25,0.188188
1578204000000,0.188,0.1891,0.1877,0.1884,19833.03,3732.62,0.188404
1578211200000,0.1884,0.1888,0.1871,0.1873,28801.65,5404.75,0.187962
1578218400000,0.1876,0.1885,0.1873,0.1881,22637.2,4256.02,0.187902
1578225600000,0.188,0.1887,0.1865,0.1876,42690.95,7996.82,0.187598
1578232800000,0.1873,0.19,0.187,0.1896,240681.79,45330.39,0.188509
1578240000000,0.1892,0.1897,0.1881,0.1891,43368.68,8200.95,0.1889
1578247200000,0.1892,0.1904,0.1884,0.1894,160041.38,30311.7,0.1894
1578254400000,0.1887,0.1893,0.1866,0.1878,62912.92,11796.36,0.187941
1578261600000,0.1875,0.1878,0.1861,0.1861,21010.89,3923.66,0.186981
1578268800000,0.1866,0.1884,0.1864,0.1879,152601.95,28584.34,0.187418
1578276000000,0.1885,0.1902,0.1876,0.1889,46819.1,8836.72,0.188901
1578283200000,0.1889,0.1902,0.1885,0.1902,84358.78,15986.16,0.189316
1578290400000,0.1898,0.1903,0.1894,0.1894,37529.58,7122.91,0.189863
1578297600000,0.1899,0.1906,0.1895,0.1906,98633.42,18738.13,0.190027
1578304800000,0.1906,0.1948,0.1904,0.193,247922.55,47830.79,0.192664
1578312000000,0.193,0.1955,0.1912,0.1922,238438.75,46211.42,0.193357
1578319200000,0.1921,0.1928,0.1911,0.1919,67495.75,12937.68,0.19195
1578326400000,0.1919,0.1948,0.1912,0.194,54992.07,10628.99,0.193005
1578333600000,0.1937,0.1954,0.1937,0.195,47498.77,9255.39,0.194584
1578340800000,0.1947,0.1973,0.1941,0.1945,61196.41,11964.35,0.195701
1578348000000,0.1951,0.1977,0.1934,0.1958,117405.72,22916.37,0.195551
1578355200000,0.1967,0.1993,0.1938,0.1944,114003.79,22402.57,0.196596
1578362400000,0.1945,0.1948,0.1938,0.1938,107368.41,20875.03,0.194321
1578369600000,0.1938,0.1942,0.1892,0.1907,177423.27,33978.7,0.191642
1578376800000,0.1907,0.1915,0.19,0.1908,37555.82,7154.76,0.19075
1578384000000,0.191,0.1916,0.1906,0.191,20113.2,3842.85,0.1911
1578391200000,0.1911,0.192,0.19,0.1912,91360.55,17464.64,0.191
1578398400000,0.1907,0.1915,0.1866,0.1879,334279.71,63210.88,0.189028
1578405600000,0.1884,0.1901,0.1855,0.1891,188608.78,35397.34,0.187794
1578412800000,0.1894,0.1926,0.1891,0.1921,82547.04,15714.95,0.190867
1578420000000,0.1924,0.1924,0.189,0.1908,78296.49,14901.09,0.190647
1578427200000,0.19,0.1903,0.1878,0.1884,52868.58,10017.08,0.189033
1578434400000,0.1885,0.1902,0.1876,0.1878,40778.62,7687.37,0.188914
1578441600000,0.1884,0.1915,0.1872,0.1891,246895.86,46661.07,0.189354
1578448800000,0.1901,0.1901,0.1863,0.1882,235396.51,44096.04,0.188137
1578456000000,0.1882,0.191,0.1875,0.191,148792.04,28163.47,0.189183
1578463200000,0.191,0.1931,0.1907,0.1922,74605.18,14313.78,0.19192
1578470400000,0.1918,0.1955,0.1913,0.195,85363.14,16505.55,0.1934
1578477600000,0.195,0.1957,0.192,0.1931,180132.03,34963.23,0.193836
1578484800000,0.1934,0.2247,0.1934,0.2235,2012213.21,426711.41,0.20923
1578492000000,0.2233,0.2233,0.2054,0.2057,1459343.07,309092.77,0.214302
1578499200000,0.2066,0.2082,0.2011,0.2033,716741.7,146029.73,0.204633
1578506400000,0.2031,0.217,0.203,0.2095,1935484.71,408274.6,0.210204
1578513600000,0.2098,0.2123,0.2064,0.2086,596955.91,124570.83,0.209352
1578520800000,0.2086,0.2147,0.2076,0.2133,331185.12,70182.45,0.211175
1578528000000,0.2133,0.2133,0.2044,0.2046,479312.01,99550.09,0.208819
1578535200000,0.2051,0.2062,0.2025,0.2025,129798.88,26440.73,0.204427
1578542400000,0.2025,0.2067,0.2007,0.2008,419326.92,85423.58,0.203742
1578549600000,0.201,0.203,0.2003,0.203,177080.38,35700.78,0.201594
1578556800000,0.203,0.2037,0.1997,0.1998,236661.05,47559.05,0.201757
1578564000000,0.1997,0.2011,0.1978,0.1989,392856.04,78239.98,0.199452
1578571200000,0.1989,0.2004,0.1984,0.1989,119873.61,23921.52,0.1994
1578578400000,0.1995,0.2036,0.1984,0.2031,168760.67,33897.41,0.200959
1578585600000,0.2025,0.2029,0.1998,0.2007,113675.37,22842.23,0.201327
1578592800000,0.2008,0.2022,0.2002,0.2014,79820.51,16031.45,0.201202
1578600000000,0.201,0.2028,0.1986,0.1995,117649.11,23583.11,0.200715
1578607200000,0.2003,0.2065,0.2001,0.2058,75622.01,15486.52,0.203357
1578614400000,0.2058,0.2067,0.202,0.2063,101533.23,20760.5,0.204345
1578621600000,0.2062,0.2072,0.2008,0.2072,169657.99,34510.93,0.203983
1578628800000,0.2073,0.2073,0.2024,0.2024,84050.3,17169.13,0.20485
1578636000000,0.2024,0.2052,0.2008,0.2044,167871.06,34114.91,0.202978
1578643200000,0.2053,0.2053,0.1988,0.2,285677.46,57824.93,0.20193
1578650400000,0.2,0.2045,0.1994,0.2034,125795.8,25340.36,0.201981
1578657600000,0.2044,0.206,0.2025,0.2027,150638.77,30774.96,0.204294
1578664800000,0.203,0.2098,0.203,0.208,103024.88,21344.74,0.206541
1578672000000,0.2086,0.212,0.2053,0.212,239699.46,50212.04,0.208536
1578679200000,0.2122,0.218,0.2071,0.208,1812042.25,383076.61,0.212644
1578686400000,0.208,0.2103,0.2044,0.2045,318127.22,66131.58,0.207456
1578693600000,0.2046,0.208,0.2016,0.2026,552228.86,112813.08,0.20483
1578700800000,0.2029,0.2072,0.2022,0.2071,247163.15,50810.81,0.204636
1578708000000,0.2066,0.2074,0.204,0.2044,162474.43,33485.09,0.205723
1578715200000,0.204,0.2063,0.204,0.2046,67433.07,13833.61,0.205165
1578722400000,0.2037,0.206,0.2037,0.2046,107780.64,22022.52,0.204878
1578729600000,0.2036,0.2058,0.203,0.2054,80698.87,16496.71,0.204388
1578736800000,0.2054,0.206,0.2029,0.2041,79846.05,16348.48,0.204436
1578744000000,0.204,0.206,0.2032,0.2055,73088.71,14936.33,0.204588
1578751200000,0.2054,0.2066,0.2038,0.2059,80587.49,16535.75,0.205196
1578758400000,0.2059,0.2109,0.2049,0.2077,199275.86,41591.11,0.207925
1578765600000,0.2084,0.212,0.2075,0.2107,247706.27,51999.8,0.209764
1578772800000,0.2115,0.2123,0.2069,0.208,153825.44,32302.25,0.209582
1578780000000,0.2086,0.2087,0.206,0.2064,81484.72,16889.28,0.20732
1578787200000,0.2066,0.2081,0.2052,0.2078,28601.45,5891.57,0.206625
1578794400000,0.2078,0.2113,0.2078,0.2111,131545.46,27602.86,0.209579
1578801600000,0.2113,0.2123,0.2096,0.2115,102719.44,21689.67,0.210949
1578808800000,0.2115,0.2141,0.2111,0.214,85015.62,18083.87,0.212568
1578816000000,0.2136,0.2155,0.2129,0.2138,309773.63,66259.24,0.214201
1578823200000,0.2139,0.2143,0.2125,0.2143,65281.33,13918.38,0.213391
1578830400000,0.214,0.2283,0.214,0.2253,1066911.17,238591.15,0.221427
1578837600000,0.2259,0.2259,0.2199,0.2205,375434.45,83698.17,0.222824
1578844800000,0.2205,0.223,0.2173,0.22,270465.35,59503.99,0.22015
1578852000000,0.2203,0.2233,0.2196,0.22,210282.9,46654.1,0.221452
1578859200000,0.2198,0.2213,0.2174,0.2188,186172.31,40813.73,0.219351
1578866400000,0.2185,0.2211,0.2166,0.2182,225153.8,49107.54,0.218851
1578873600000,0.2183,0.221,0.2163,0.2205,267483.66,58706.13,0.218607
1578880800000,0.2212,0.2255,0.2194,0.2253,315604.78,70345.42,0.222348
1578888000000,0.225,0.2272,0.2206,0.2216,292114.13,65664.97,0.223943
1578895200000,0.2216,0.2221,0.2183,0.222,140257.1,30878.9,0.220196
1578902400000,0.2215,0.2224,0.2199,0.2213,64308.05,14226.75,0.22115
1578909600000,0.2213,0.2219,0.2189,0.2204,78415.83,17274.03,0.22039
1578916800000,0.2201,0.2204,0.2152,0.2157,233211.42,50629.43,0.217778
1578924000000,0.2157,0.2172,0.2139,0.2157,119040.8,25639.1,0.21555
1578931200000,0.2156,0.216,0.2137,0.215,88023.59,18917.53,0.214842
1578938400000,0.2148,0.2148,0.2125,0.2125,119450.06,25490.35,0.21365
1578945600000,0.2125,0.2138,0.211,0.2119,94960.28,20127.23,0.212402
1578952800000,0.2116,0.2117,0.2089,0.2102,118621.28,24914.82,0.21026
1578960000000,0.21,0.2207,0.2082,0.2164,761314.07,163304.76,0.214538
1578967200000,0.2163,0.2229,0.2155,0.2229,202854.69,44613.14,0.219101
1578974400000,0.2229,0.2251,0.2169,0.2169,292215.59,64240.59,0.22117
1578981600000,0.217,0.2187,0.2164,0.2172,50171.74,10910.98,0.217551
1578988800000,0.2176,0.2224,0.2173,0.2194,77075.51,17025.28,0.219893
1578996000000,0.219,0.2238,0.2186,0.2237,92732.75,20627.69,0.221162
1579003200000,0.2236,0.2258,0.2202,0.2221,134395.39,29826.38,0.223003
1579010400000,0.2219,0.225,0.2189,0.2229,612253.03,135899.03,0.221947
1579017600000,0.2229,0.236,0.2167,0.2355,934172.71,210957.37,0.22601
1579024800000,0.236,0.2476,0.2319,0.2341,917615.69,219237.57,0.239767
1579032000000,0.2337,0.2343,0.2279,0.23,273860.41,63133.01,0.231032
1579039200000,0.2291,0.2393,0.2288,0.238,488345.9,115083.12,0.234159
1579046400000,0.2384,0.2444,0.2339,0.2423,617875.58,147806.95,0.239107
1579053600000,0.2422,0.2422,0.2343,0.2347,488348.16,115651.72,0.238192
1579060800000,0.234,0.2352,0.225,0.2262,406074.96,92392.42,0.2301
1579068000000,0.2269,0.2328,0.2269,0.2305,63411.26,14605.69,0.229968
1579075200000,0.2301,0.2393,0.2286,0.2386,352205.49,82685.7,0.233875
1579082400000,0.2396,0.2482,0.2354,0.2461,416193.36,100485.3,0.241728
1579089600000,0.2455,0.2507,0.2447,0.248,494644.3,122996.85,0.247743
1579096800000,0.2489,0.2489,0.2382,0.2382,325504.94,79167.0,0.24355
1579104000000,0.2388,0.2424,0.2364,0.2389,310688.47,74267.8,0.2394
1579111200000,0.2395,0.2432,0.2367,0.243,166892.49,40013.87,0.239848
1579118400000,0.2426,0.2516,0.2426,0.246,403867.02,99791.84,0.247204
1579125600000,0.246,0.2486,0.243,0.2459,161225.66,39560.03,0.2458
1579132800000,0.2465,0.2501,0.2304,0.2308,289422.57,69524.99,0.240552
1579140000000,0.2323,0.2368,0.2284,0.2291,196854.83,45620.55,0.232672
1579147200000,0.2291,0.2367,0.228,0.2367,97890.78,22678.44,0.23222
1579154400000,0.2364,0.239,0.2349,0.2356,98163.04,23241.35,0.236959
1579161600000,0.2355,0.239,0.2343,0.2343,111573.25,26280.48,0.236679
1579168800000,0.2349,0.2385,0.2333,0.2385,109770.4,25906.66,0.235791
1579176000000,0.2389,0.2407,0.237,0.2398,72344.77,17318.87,0.238842
1579183200000,0.2393,0.2506,0.2364,0.2466,270817.01,65962.25,0.243539
1579190400000,0.2466,0.2498,0.2429,0.2468,295404.25,72735.4,0.24635
1579197600000,0.2472,0.2557,0.2458,0.2477,393519.29,99085.14,0.250752
1579204800000,0.2491,0.2528,0.2461,0.2474,315847.8,78917.88,0.24947
1579212000000,0.2471,0.2497,0.2428,0.2474,257284.07,63381.19,0.24625
1579219200000,0.2471,0.251,0.2468,0.2497,126800.48,31567.53,0.248953
1579226400000,0.2506,0.2604,0.2503,0.2584,446178.77,114253.51,0.255499
1579233600000,0.2582,0.2605,0.2569,0.2605,138262.02,35773.45,0.258626
1579240800000,0.2604,0.2608,0.2525,0.2548,286558.55,73374.68,0.256528
1579248000000,0.2547,0.2584,0.2538,0.2565,134561.75,34594.62,0.25612
1579255200000,0.2556,0.257,0.2469,0.2495,366093.39,92053.08,0.25189
1579262400000,0.2501,0.251,0.2435,0.2476,291150.95,71910.23,0.247204
1579269600000,0.2476,0.2502,0.241,0.25,222073.97,54407.71,0.245545
1579276800000,0.2489,0.2572,0.2489,0.254,201482.48,51181.04,0.253217
1579284000000,0.254,0.2611,0.2525,0.2538,284016.6,73164.8,0.2568
1579291200000,0.2545,0.2595,0.2541,0.2593,103259.41,26565.59,0.256775
1579298400000,0.2595,0.2596,0.2539,0.2547,133940.94,34540.74,0.256675
1579305600000,0.2537,0.2578,0.2484,0.249,204027.73,51533.63,0.253217
1579312800000,0.249,0.2505,0.2452,0.2466,137694.89,34001.33,0.247853
1579320000000,0.247,0.2484,0.2383,0.2415,255310.16,61877.07,0.243278
1579327200000,0.2405,0.2459,0.2388,0.2455,172955.86,41802.4,0.242258
1579334400000,0.2447,0.2471,0.2425,0.2466,52554.93,12845.1,0.244762
1579341600000,0.2465,0.2482,0.2428,0.2436,52307.69,12897.55,0.245535
1579348800000,0.2437,0.2509,0.2437,0.2474,119940.56,29759.39,0.247424
1579356000000,0.249,0.252,0.2451,0.2474,148727.3,37100.23,0.248555
1579363200000,0.2474,0.2491,0.2419,0.2433,301781.76,73750.05,0.245513
1579370400000,0.2433,0.2445,0.2422,0.2427,57271.21,13935.22,0.243356
1579377600000,0.243,0.25,0.243,0.2478,110267.03,27115.03,0.246647
1579384800000,0.2478,0.2502,0.2427,0.2455,129800.94,31919.2,0.246445
1579392000000,0.2441,0.2489,0.2432,0.2463,174132.99,42761.73,0.246083
1579399200000,0.2463,0.2463,0.2411,0.2427,154743.2,37565.3,0.243591
1579406400000,0.2425,0.2434,0.2415,0.2425,208751.34,50631.58,0.24245
1579413600000,0.243,0.2432,0.2409,0.2414,35750.7,8647.1,0.242029
1579420800000,0.2425,0.2445,0.2397,0.2408,120443.59,29100.77,0.242115
1579428000000,0.241,0.2421,0.2261,0.2291,440116.55,102007.59,0.233948
1579435200000,0.2284,0.2284,0.2218,0.2256,326758.41,73586.03,0.22501
1579442400000,0.2259,0.2279,0.2252,0.2274,118438.61,26833.63,0.226542
1579449600000,0.2273,0.2312,0.2273,0.2282,76683.0,17611.4,0.22927
1579456800000,0.228,0.2285,0.2267,0.2275,28666.21,6526.97,0.227597
1579464000000,0.2288,0.2302,0.2266,0.2286,68163.66,15556.42,0.2284
1579471200000,0.229,0.2322,0.224,0.2312,221470.69,50303.08,0.228063
1579478400000,0.2323,0.2344,0.2304,0.233,168218.96,39147.95,0.232398
1579485600000,0.2328,0.236,0.2323,0.2343,135368.89,31752.09,0.234176
1579492800000,0.235,0.2362,0.2326,0.2335,44026.28,10347.24,0.234407
1579500000000,0.2328,0.2329,0.2311,0.2315,22152.29,5144.27,0.231978
1579507200000,0.2317,0.2329,0.23,0.2329,26794.59,6199.63,0.231412
1579514400000,0.2325,0.2329,0.2304,0.2304,19784.87,4586.5,0.231693
1579521600000,0.2301,0.2314,0.2275,0.2288,160782.84,36814.63,0.22945
1579528800000,0.2292,0.2323,0.2276,0.2323,127813.9,29309.9,0.229852
1579536000000,0.2317,0.2322,0.2296,0.2311,41926.86,9672.18,0.230893
1579543200000,0.2309,0.232,0.2305,0.2318,29439.59,6809.55,0.23124
1579550400000,0.232,0.2348,0.2318,0.2348,25870.81,6040.72,0.233272
1579557600000,0.2349,0.235,0.2314,0.2316,78052.93,18194.09,0.233187
1579564800000,0.2322,0.2333,0.2306,0.2333,19426.97,4506.84,0.231915
1579572000000,0.2336,0.235,0.2316,0.2338,175800.65,40933.74,0.2333
1579579200000,0.2331,0.237,0.2329,0.2365,179035.46,42077.0,0.234981
1579586400000,0.2364,0.2372,0.2355,0.2361,22715.61,5365.69,0.236351
1579593600000,0.2363,0.2372,0.2345,0.2348,43324.74,10183.54,0.235875
1579600800000,0.2355,0.2404,0.2353,0.2401,132086.27,31563.36,0.237863
1579608000000,0.2401,0.2401,0.2376,0.2387,24750.54,5900.67,0.238803
1579615200000,0.239,0.2429,0.2377,0.2378,117174.38,28284.22,0.240326
1579622400000,0.2379,0.2395,0.2362,0.237,143493.94,34112.85,0.237858
1579629600000,0.237,0.2396,0.2324,0.2324,144986.4,34272.9,0.236148
1579636800000,0.2331,0.2399,0.2324,0.2376,67890.08,16064.04,0.236229
1579644000000,0.2372,0.2425,0.2368,0.2415,79248.96,19019.93,0.2397
1579651200000,0.2423,0.2427,0.2392,0.2401,44053.62,10633.5,0.240923
1579658400000,0.2401,0.2427,0.2394,0.242,34143.83,8224.57,0.24105
1579665600000,0.242,0.2432,0.2403,0.243,68891.01,16696.17,0.241727
1579672800000,0.2432,0.245,0.242,0.2429,57717.89,14054.66,0.243501
1579680000000,0.2423,0.2444,0.2413,0.2417,28218.63,6842.38,0.242858
1579687200000,0.2415,0.2432,0.2414,0.2417,34331.45,8314.25,0.242302
1579694400000,0.2419,0.2431,0.2413,0.2415,27276.91,6607.58,0.242206
1579701600000,0.2413,0.2432,0.2412,0.2425,100398.33,24346.58,0.24223
1579708800000,0.2428,0.2447,0.2418,0.2445,20202.05,4921.22,0.243212
1579716000000,0.2448,0.2448,0.2423,0.2423,17014.77,4150.87,0.24355
1579723200000,0.2429,0.243,0.2413,0.2419,51153.38,12379.84,0.242126
1579730400000,0.2423,0.2428,0.2409,0.2425,85622.6,20687.6,0.241848
1579737600000,0.2418,0.2426,0.2379,0.2379,30600.9,7348.77,0.240333
1579744800000,0.2379,0.238,0.236,0.2374,22190.94,5255.12,0.23699
1579752000000,0.2376,0.2382,0.2322,0.2333,95850.35,22420.2,0.235163
1579759200000,0.2333,0.2374,0.2316,0.235,90014.65,21101.08,0.234508
1579766400000,0.2355,0.2356,0.2305,0.2305,48093.87,11235.76,0.233066
1579773600000,0.2304,0.2313,0.2291,0.2291,63192.63,14534.69,0.230243
1579780800000,0.229,0.2309,0.2283,0.2291,79675.49,18316.65,0.2296
1579788000000,0.2289,0.2291,0.2247,0.2262,90319.17,20514.16,0.226832
1579795200000,0.2262,0.2267,0.225,0.2258,65376.2,14759.83,0.225848
1579802400000,0.2251,0.2256,0.223,0.2248,114428.55,25619.01,0.224298
1579809600000,0.2248,0.2281,0.2248,0.2281,42415.11,9618.47,0.22645
1579816800000,0.2273,0.2284,0.2267,0.2283,36200.33,8244.4,0.227526
1579824000000,0.2281,0.2283,0.2265,0.2266,2386.61,543.74,0.227411
1579831200000,0.2274,0.2274,0.2223,0.2229,80871.54,18160.74,0.224777
1579838400000,0.2229,0.2232,0.2202,0.2232,56528.79,12510.15,0.221697
1579845600000,0.2232,0.2248,0.223,0.2248,32309.02,7236.31,0.223875
1579852800000,0.2248,0.2254,0.222,0.222,8134.18,1819.03,0.223761
1579860000000,0.2232,0.2281,0.2218,0.2277,71384.7,16022.8,0.224877
1579867200000,0.2284,0.2312,0.2265,0.2304,170938.69,39124.15,0.228824
1579874400000,0.2304,0.232,0.2304,0.2314,41502.33,9598.05,0.231232
1579881600000,0.2313,0.2313,0.2286,0.2297,91148.84,20931.9,0.229897
1579888800000,0.229,0.2298,0.229,0.2292,143327.86,32909.36,0.229405
1579896000000,0.2294,0.2298,0.2282,0.2288,40807.79,9352.58,0.228996
1579903200000,0.2288,0.2295,0.2267,0.2275,11000.43,2513.2,0.228097
1579910400000,0.2271,0.2271,0.221,0.221,53896.78,12045.59,0.22405
1579917600000,0.2228,0.2238,0.222,0.222,6497.81,1446.83,0.222926
1579924800000,0.2223,0.2229,0.2208,0.2227,28391.12,6280.46,0.221844
1579932000000,0.2222,0.2243,0.2212,0.2216,45356.13,10066.37,0.222758
1579939200000,0.2217,0.225,0.2217,0.225,32624.27,7296.79,0.22335
1579946400000,0.2254,0.2254,0.2231,0.2231,8156.61,1830.45,0.22425
1579953600000,0.2235,0.2235,0.2225,0.2231,5360.69,1194.54,0.222988
1579960800000,0.2237,0.2243,0.2235,0.2242,6047.46,1354.94,0.223895
1579968000000,0.2239,0.2248,0.2232,0.2232,4648.1,1040.15,0.224023
1579975200000,0.2233,0.2241,0.2229,0.2241,9128.74,2040.2,0.223475
1579982400000,0.2248,0.226,0.2241,0.2256,52306.41,11772.29,0.225043
1579989600000,0.2259,0.2261,0.2237,0.2242,15562.39,3500.29,0.224878
1579996800000,0.2235,0.225,0.2233,0.225,34560.8,7744.54,0.224126
1580004000000,0.2249,0.2254,0.2249,0.2253,3869.3,871.71,0.22516
1580011200000,0.2256,0.2261,0.2254,0.2261,17252.44,3893.04,0.225735
1580018400000,0.2261,0.2268,0.2254,0.2268,18020.27,4072.57,0.226077
1580025600000,0.2267,0.2286,0.2267,0.2286,71616.89,16309.17,0.22765
1580032800000,0.2278,0.2287,0.2276,0.2285,82732.25,18882.42,0.22815
1580040000000,0.2283,0.2284,0.2269,0.2271,77477.57,17628.27,0.22764
1580047200000,0.2279,0.2281,0.227,0.227,57082.29,12978.69,0.22757
1580054400000,0.227,0.2287,0.226,0.2287,131022.94,29894.96,0.227295
1580061600000,0.2282,0.2313,0.228,0.2313,135077.27,30966.57,0.229622
1580068800000,0.231,0.2314,0.23,0.2313,48073.96,11098.9,0.230695
1580076000000,0.2314,0.232,0.2289,0.2305,58448.56,13471.63,0.230439
1580083200000,0.2312,0.2334,0.2307,0.231,26530.05,6148.41,0.232051
1580090400000,0.231,0.2311,0.229,0.2295,29598.17,6807.55,0.230021
1580097600000,0.229,0.2297,0.2268,0.2279,54281.58,12381.6,0.228243
1580104800000,0.228,0.2299,0.228,0.2299,137712.01,31508.34,0.22895
1580112000000,0.2297,0.2297,0.2271,0.2291,61066.59,13958.61,0.228387
1580119200000,0.2296,0.2303,0.2287,0.2302,79800.65,18294.85,0.229485
1580126400000,0.2307,0.2325,0.2299,0.2313,108044.07,25027.12,0.231203
1580133600000,0.2317,0.2365,0.2312,0.2356,218243.94,50994.62,0.233881
1580140800000,0.2363,0.2372,0.2331,0.2343,62339.16,14631.13,0.235141
1580148000000,0.2335,0.2372,0.2335,0.2355,78070.13,18378.14,0.235417
1580155200000,0.2359,0.2372,0.2341,0.2347,164568.56,38793.54,0.235664
1580162400000,0.2344,0.235,0.2307,0.2316,106766.68,24960.76,0.232832
1580169600000,0.2313,0.235,0.2311,0.234,108457.06,25301.16,0.233104
1580176800000,0.235,0.2354,0.2339,0.234,39708.91,9307.59,0.234669
1580184000000,0.2333,0.2344,0.2317,0.2327,49251.98,11491.98,0.233051
1580191200000,0.2317,0.2322,0.2313,0.2322,36443.03,8447.06,0.231733
1580198400000,0.2317,0.2326,0.2306,0.2311,25882.13,5989.78,0.231605
1580205600000,0.2306,0.2335,0.2294,0.232,142001.23,32930.17,0.231455
1580212800000,0.2316,0.2344,0.2298,0.2319,318706.48,74069.14,0.2321
1580220000000,0.2316,0.2342,0.229,0.2307,120182.75,27725.66,0.231603
1580227200000,0.2299,0.2304,0.2266,0.2279,97965.88,22342.91,0.22847
1580234400000,0.228,0.2308,0.2274,0.2306,64291.17,14757.0,0.229066
1580241600000,0.2312,0.2319,0.23,0.23,49966.29,11552.85,0.230989
1580248800000,0.2305,0.2334,0.23,0.2316,109123.76,25267.2,0.231717
1580256000000,0.2328,0.2328,0.2282,0.2294,83889.78,19325.98,0.230405
1580263200000,0.2288,0.2288,0.226,0.2282,130413.41,29677.93,0.227387
1580270400000,0.2283,0.2293,0.2266,0.2274,415154.12,94583.39,0.227953
1580277600000,0.2281,0.2287,0.2262,0.2284,166465.54,37863.95,0.227447
1580284800000,0.2288,0.2299,0.2276,0.2282,149329.82,34170.04,0.228754
1580292000000,0.2276,0.2295,0.2252,0.2265,163252.37,37062.87,0.227355
1580299200000,0.2265,0.2298,0.2264,0.2292,96942.14,22178.42,0.228147
1580306400000,0.2298,0.2298,0.2283,0.2294,53611.07,12263.65,0.22904
1580313600000,0.2295,0.2295,0.2284,0.2287,48681.02,11155.95,0.228927
1580320800000,0.2287,0.2295,0.2281,0.2281,48068.61,10975.5,0.228819
1580328000000,0.2281,0.2287,0.2265,0.2276,60758.49,13806.07,0.227597
1580335200000,0.2275,0.2276,0.2255,0.2255,11618.99,2632.42,0.226565
1580342400000,0.2255,0.2261,0.224,0.2247,48362.8,10888.05,0.225048
1580349600000,0.225,0.2253,0.224,0.2243,73829.73,16573.86,0.22465
1580356800000,0.2241,0.2263,0.2239,0.2257,104282.29,23561.22,0.225125
1580364000000,0.2262,0.2271,0.2256,0.2271,26326.81,5963.67,0.22632
1580371200000,0.2265,0.227,0.2254,0.2266,65123.01,14735.39,0.2262
1580378400000,0.2266,0.2267,0.2252,0.2267,38566.38,8733.47,0.225949
1580385600000,0.2263,0.2281,0.2263,0.2275,96394.17,21891.39,0.227238
1580392800000,0.228,0.2293,0.2266,0.2292,65436.65,14899.15,0.227916
1580400000000,0.2292,0.2341,0.2266,0.2337,195324.11,44968.34,0.230241
1580407200000,0.2331,0.2362,0.2306,0.2318,177158.73,41256.59,0.233413
1580414400000,0.2319,0.2327,0.2297,0.2302,137382.61,31727.13,0.231213
1580421600000,0.2302,0.2351,0.23,0.2331,185557.24,43322.33,0.232629
1580428800000,0.2336,0.2375,0.233,0.2364,86315.69,20313.86,0.235277
1580436000000,0.2366,0.2398,0.2356,0.2391,175604.28,41735.52,0.237685
1580443200000,0.2392,0.2392,0.2325,0.2328,318537.1,74447.11,0.235806
1580450400000,0.2328,0.2362,0.2328,0.2338,197949.21,46287.51,0.234527
1580457600000,0.2344,0.2344,0.2327,0.2328,95519.63,22333.92,0.233536
1580464800000,0.233,0.24,0.2314,0.2354,527603.7,123670.24,0.23573
1580472000000,0.2354,0.2376,0.2275,0.2299,145134.18,33753.26,0.232542
1580479200000,0.23,0.2328,0.23,0.2328,79401.81,18338.17,0.2314
1580486400000,0.2329,0.2334,0.2286,0.2301,64817.79,14939.47,0.230954
1580493600000,0.2302,0.2308,0.2272,0.2279,179264.81,41093.68,0.228994
1580500800000,0.2277,0.2299,0.2272,0.2288,201992.39,46161.53,0.228563
1580508000000,0.2297,0.2299,0.228,0.2284,185776.39,42462.59,0.228937
1580515200000,0.2285,0.2296,0.2266,0.2296,42929.0,9783.6,0.228067
1580522400000,0.23,0.2308,0.2293,0.2297,73202.57,16853.28,0.230052
1580529600000,0.23,0.2304,0.2295,0.2302,116648.01,26781.39,0.229948
1580536800000,0.2301,0.2325,0.2297,0.2311,62165.72,14362.8,0.231116
1580544000000,0.2319,0.2323,0.2305,0.231,96070.0,22252.94,0.231397
1580551200000,0.2313,0.2321,0.2291,0.2297,35852.52,8283.2,0.230608
1580558400000,0.2291,0.2321,0.2288,0.2313,40309.0,9257.84,0.230481
1580565600000,0.2314,0.2317,0.229,0.2311,109130.71,25151.18,0.230347
1580572800000,0.231,0.2324,0.231,0.2322,47862.1,11068.91,0.231722
1580580000000,0.2322,0.2331,0.2312,0.2323,87529.12,20326.98,0.23215
1580587200000,0.233,0.2331,0.2316,0.2323,75265.84,17493.62,0.232333
1580594400000,0.2323,0.2327,0.2314,0.2321,98302.94,22804.04,0.232049
1580601600000,0.2321,0.2321,0.2296,0.2304,34301.49,7927.81,0.230798
1580608800000,0.2304,0.2304,0.228,0.2298,82183.37,18859.31,0.229186
1580616000000,0.2305,0.2316,0.2285,0.2316,49107.63,11314.61,0.230017
1580623200000,0.2314,0.2335,0.2308,0.2335,131469.97,30584.6,0.232097
1580630400000,0.2335,0.234,0.2323,0.2336,192879.12,45041.46,0.23315
1580637600000,0.2336,0.2365,0.2333,0.2358,189460.38,44499.5,0.234927
1580644800000,0.2361,0.2394,0.2358,0.2376,279910.92,66547.68,0.237634
1580652000000,0.2376,0.2392,0.2363,0.2378,154423.92,36749.99,0.23775
1580659200000,0.2378,0.2386,0.2367,0.2374,132481.87,31487.8,0.237651
1580666400000,0.2377,0.2404,0.2377,0.2396,259032.51,62016.83,0.239107
1580673600000,0.2396,0.2463,0.2396,0.2435,377909.11,91994.04,0.24308
1580680800000,0.2434,0.2434,0.2395,0.2395,261930.91,63108.86,0.24145
1580688000000,0.2393,0.2453,0.2384,0.2435,182688.03,44200.26,0.241896
1580695200000,0.2425,0.2425,0.239,0.2407,183014.47,43926.38,0.24069
1580702400000,0.2405,0.2408,0.2391,0.2393,73734.71,17676.55,0.239957
1580709600000,0.2393,0.2405,0.2384,0.2397,84176.19,20152.72,0.23945
1580716800000,0.2395,0.2409,0.239,0.239,74074.96,17775.7,0.239962
1580724000000,0.2389,0.2395,0.2364,0.2373,123099.7,29297.99,0.237939
1580731200000,0.2371,0.2377,0.2362,0.237,83571.62,19781.04,0.23695
1580738400000,0.2361,0.2364,0.2325,0.2325,256737.74,60238.01,0.234491
1580745600000,0.2325,0.235,0.2317,0.2341,105449.37,24677.71,0.233353
1580752800000,0.2342,0.2343,0.2326,0.2335,57817.06,13500.14,0.233432
1580760000000,0.2336,0.2357,0.2336,0.2349,75780.11,17793.78,0.234692
1580767200000,0.2357,0.2367,0.2341,0.236,53692.6,12644.6,0.235398
1580774400000,0.2363,0.2385,0.2355,0.236,102864.86,24463.21,0.237002
1580781600000,0.2355,0.2376,0.2355,0.2363,86891.93,20537.92,0.236574
1580788800000,0.2362,0.2371,0.2358,0.2371,48419.64,11444.77,0.236423
1580796000000,0.2375,0.242,0.237,0.242,344328.52,82629.13,0.239437
1580803200000,0.2419,0.2565,0.2411,0.2464,1376201.18,343592.83,0.248901
1580810400000,0.2469,0.25,0.2464,0.2477,280600.09,69582.77,0.248211
1580817600000,0.2486,0.2522,0.2462,0.2521,392597.56,97887.99,0.249093
1580824800000,0.2517,0.2622,0.2497,0.2497,1804907.71,463823.14,0.255984
1580832000000,0.2498,0.2562,0.249,0.2545,475372.64,119870.06,0.252654
1580839200000,0.255,0.2568,0.248,0.2503,333569.44,83862.35,0.252381
1580846400000,0.2503,0.2522,0.2497,0.2499,402189.05,100820.97,0.250955
1580853600000,0.25,0.255,0.25,0.2538,197712.94,49966.12,0.252601
1580860800000,0.2536,0.255,0.2506,0.2521,214361.0,54063.63,0.252799
1580868000000,0.2521,0.2526,0.2487,0.2504,148009.9,37100.15,0.25062
1580875200000,0.2509,0.2517,0.2496,0.2502,199692.56,50041.07,0.250653
1580882400000,0.2502,0.2541,0.2502,0.2534,305471.12,77122.84,0.252221
1580889600000,0.2534,0.254,0.2503,0.2512,265711.44,67023.96,0.252135
1580896800000,0.251,0.2528,0.2464,0.2498,521478.98,129780.64,0.249593
1580904000000,0.2491,0.2534,0.2473,0.2511,485899.27,121381.19,0.250357
1580911200000,0.2508,0.2558,0.25,0.255,305129.22,77385.96,0.2529
1580918400000,0.255,0.2552,0.2519,0.2532,516684.72,131195.94,0.253506
1580925600000,0.2533,0.2542,0.2464,0.2534,630207.55,158012.83,0.2503
1580932800000,0.2534,0.2571,0.2524,0.2559,275895.32,70384.4,0.254758
1580940000000,0.2559,0.2592,0.2537,0.2579,315615.4,81084.58,0.256435
1580947200000,0.258,0.258,0.2533,0.257,124233.8,31722.88,0.255629
1580954400000,0.2574,0.2595,0.2566,0.2595,116930.29,30162.05,0.25799
1580961600000,0.2595,0.26,0.2572,0.258,258666.29,66936.16,0.258588
1580968800000,0.2575,0.2594,0.2574,0.2582,161021.52,41600.68,0.258417
1580976000000,0.2575,0.2595,0.2571,0.2586,318276.91,82263.71,0.258314
1580983200000,0.2592,0.2605,0.2581,0.2599,475908.66,123439.52,0.259295
1580990400000,0.2599,0.2625,0.2565,0.2569,755721.73,196289.44,0.259573
1580997600000,0.2569,0.2634,0.256,0.263,720989.32,187122.71,0.259649
1581004800000,0.2634,0.277,0.2634,0.2752,2228144.56,606202.07,0.270409
1581012000000,0.2748,0.2752,0.2668,0.2708,816532.01,220268.83,0.270892
1581019200000,0.2717,0.2749,0.2697,0.2737,378074.41,103016.13,0.272285
1581026400000,0.2737,0.2789,0.2713,0.2783,288996.19,79530.62,0.275009
1581033600000,0.2788,0.2899,0.2785,0.2899,884911.98,251240.08,0.284153
1581040800000,0.2899,0.2929,0.2795,0.2926,533981.09,152639.82,0.286148
1581048000000,0.2926,0.2926,0.2847,0.2847,523206.29,151289.32,0.28865
1581055200000,0.2843,0.2851,0.28,0.2823,346728.76,97691.41,0.28252
1581062400000,0.2823,0.285,0.2813,0.2844,189022.03,53629.45,0.283132
1581069600000,0.2844,0.2902,0.2825,0.2825,406961.34,116705.6,0.286395
1581076800000,0.2834,0.2867,0.2771,0.2811,577426.62,162348.22,0.281895
1581084000000,0.2807,0.2818,0.278,0.2788,234877.42,65760.74,0.27991
1581091200000,0.2791,0.289,0.2774,0.2878,360510.08,101795.51,0.283159
1581098400000,0.2871,0.2872,0.2839,0.2843,119838.97,34153.13,0.285517
1581105600000,0.285,0.2851,0.2776,0.2776,211903.68,59314.94,0.281366
1581112800000,0.2785,0.2814,0.2775,0.2776,176363.0,49284.25,0.279469
1581120000000,0.2781,0.2784,0.2654,0.2714,804436.48,217903.54,0.271697
1581127200000,0.2715,0.2741,0.2632,0.2724,425737.42,114714.12,0.268644
1581134400000,0.2721,0.2789,0.272,0.2778,191171.5,52624.5,0.275553
1581141600000,0.2778,0.2791,0.2728,0.2757,100624.14,27757.73,0.275927
1581148800000,0.2767,0.2799,0.2758,0.2795,190433.96,53071.84,0.277817
1581156000000,0.2795,0.2825,0.2795,0.2824,123992.46,34854.96,0.281015
1581163200000,0.2824,0.286,0.2757,0.2767,431084.0,121894.65,0.280958
1581170400000,0.2767,0.2831,0.2767,0.2813,53946.95,15105.07,0.280033
1581177600000,0.2816,0.2816,0.2752,0.2787,97710.45,27244.99,0.278305
1581184800000,0.2786,0.2833,0.2783,0.283,117790.61,33070.96,0.2808
1581192000000,0.283,0.2832,0.2731,0.2735,141046.45,39367.1,0.278122
1581199200000,0.2742,0.2774,0.272,0.273,127043.95,34812.06,0.274714
1581206400000,0.2731,0.2794,0.2717,0.2766,129313.81,35888.77,0.275588
1581213600000,0.2753,0.2771,0.2732,0.277,97499.63,26847.78,0.2751
1581220800000,0.2767,0.2787,0.2751,0.2768,206040.32,57169.59,0.2769
1581228000000,0.2768,0.2826,0.2765,0.2799,183400.39,51369.38,0.279633
1581235200000,0.2799,0.2828,0.2791,0.2792,72933.47,20492.82,0.280963
1581242400000,0.279,0.28,0.2761,0.2792,119953.71,33412.57,0.278049
1581249600000,0.2797,0.2839,0.2794,0.2827,215014.88,60762.16,0.281706
1581256800000,0.2817,0.285,0.2775,0.2819,472892.97,133147.35,0.28125
1581264000000,0.2827,0.2959,0.2827,0.2953,882245.55,255476.69,0.289388
1581271200000,0.2954,0.298,0.28,0.2891,658072.8,193006.79,0.288897
1581278400000,0.2889,0.2913,0.285,0.2907,379000.69,109014.11,0.288116
1581285600000,0.2907,0.2969,0.2899,0.2959,186093.63,54752.24,0.293416
1581292800000,0.2965,0.3006,0.2946,0.2946,361240.66,107798.52,0.297653
1581300000000,0.2946,0.2986,0.2895,0.2919,296965.88,87258.68,0.294068
1581307200000,0.2919,0.2982,0.2884,0.2894,189345.77,55367.52,0.293344
1581314400000,0.2899,0.2982,0.285,0.2925,397427.77,115466.42,0.291604
1581321600000,0.2925,0.2933,0.2731,0.2786,938140.3,262648.75,0.282884
1581328800000,0.2785,0.2808,0.2742,0.277,432672.94,120256.58,0.277497
1581336000000,0.2764,0.281,0.2753,0.2788,206816.5,57590.57,0.278176
1581343200000,0.2786,0.2819,0.2778,0.2798,307021.77,86180.48,0.279864
1581350400000,0.2799,0.2808,0.2781,0.2789,118856.37,33201.96,0.279452
1581357600000,0.279,0.2798,0.2765,0.2771,124547.85,34636.04,0.278159
1581364800000,0.2772,0.2848,0.277,0.2848,193933.74,54423.09,0.280869
1581372000000,0.2849,0.2861,0.2816,0.2835,181605.99,51606.66,0.283841
1581379200000,0.2836,0.2846,0.2745,0.2781,220092.41,61168.65,0.279446
1581386400000,0.278,0.2784,0.2745,0.2748,106400.16,29503.22,0.27646
1581393600000,0.2745,0.2772,0.2733,0.2759,156293.86,42974.19,0.275252
1581400800000,0.2758,0.2834,0.2757,0.2812,264873.51,74019.84,0.279697
1581408000000,0.2818,0.2979,0.2818,0.2967,1254863.52,366249.19,0.290013
1581415200000,0.297,0.3,0.2904,0.2986,468586.1,138332.8,0.295182
1581422400000,0.2986,0.3041,0.2949,0.2992,417231.96,125053.0,0.299501
1581429600000,0.2997,0.3023,0.2907,0.2952,810861.09,240041.44,0.296463
1581436800000,0.2952,0.3009,0.2888,0.3008,675301.1,200027.19,0.294672
1581444000000,0.3008,0.3051,0.2995,0.3038,369223.35,111632.43,0.3023
1581451200000,0.3029,0.305,0.301,0.3049,307169.41,93114.75,0.30294
1581458400000,0.3049,0.305,0.3009,0.3025,72993.42,22065.25,0.30288
1581465600000,0.3024,0.304,0.3,0.3024,263412.47,79423.07,0.302
1581472800000,0.3024,0.3058,0.3009,0.3017,251275.44,76243.8,0.303357
1581480000000,0.3021,0.3057,0.3018,0.303,178468.32,54240.85,0.303766
1581487200000,0.3029,0.3072,0.3023,0.305,400510.43,122055.18,0.304789
1581494400000,0.3049,0.3049,0.3,0.3044,298574.08,90099.61,0.302444
1581501600000,0.3045,0.3159,0.3038,0.3125,575653.39,179238.05,0.310016
1581508800000,0.3122,0.315,0.3107,0.3145,361855.14,113157.41,0.312811
1581516000000,0.3145,0.315,0.3047,0.312,436807.62,136405.82,0.309799
1581523200000,0.3121,0.315,0.3094,0.314,208459.1,65236.61,0.312175
1581530400000,0.3135,0.315,0.3088,0.3136,767799.94,239680.81,0.3119
1581537600000,0.3139,0.3177,0.3088,0.3149,410169.14,128579.67,0.313246
1581544800000,0.3148,0.3167,0.3097,0.3109,245595.8,76893.38,0.313229
1581552000000,0.3109,0.3122,0.308,0.3101,295115.47,91364.39,0.310096
1581559200000,0.3101,0.312,0.2985,0.3014,583913.08,178165.18,0.305192
1581566400000,0.3003,0.3061,0.3002,0.305,454229.67,137974.81,0.303244
1581573600000,0.3053,0.3065,0.3015,0.3015,329909.26,100484.85,0.304101
1581580800000,0.302,0.3029,0.2878,0.2895,1028034.79,300463.09,0.295267
1581588000000,0.2895,0.2965,0.2876,0.2959,534482.27,156103.19,0.291953
1581595200000,0.295,0.3071,0.2945,0.3028,330970.29,99928.8,0.301001
1581602400000,0.3033,0.3056,0.2977,0.3005,275423.38,83080.64,0.301642
1581609600000,0.3013,0.3093,0.299,0.3031,474956.44,144699.17,0.304165
1581616800000,0.3042,0.3133,0.3042,0.3131,225169.6,69666.87,0.308781
1581624000000,0.3136,0.3329,0.3102,0.3232,2172742.65,707648.6,0.321697
1581631200000,0.3233,0.3293,0.319,0.3198,568542.93,183921.8,0.324227
1581638400000,0.3191,0.3229,0.3176,0.3209,284493.6,91060.34,0.320257
1581645600000,0.3213,0.3282,0.3147,0.3169,757554.36,242640.22,0.321514
1581652800000,0.3176,0.3267,0.3148,0.3163,605291.6,194575.48,0.320761
1581660000000,0.3165,0.3197,0.311,0.3192,479311.91,151685.32,0.315288
1581667200000,0.3182,0.33,0.3145,0.3288,1257198.87,407491.5,0.322084
1581674400000,0.33,0.3393,0.329,0.3376,1104940.97,368622.66,0.334205
1581681600000,0.3372,0.3388,0.3271,0.3343,1295849.11,430239.0,0.332906
1581688800000,0.3344,0.3393,0.3324,0.3382,997609.58,335883.81,0.335813
1581696000000,0.3382,0.352,0.3373,0.3512,1259424.24,434468.48,0.344638
1581703200000,0.3515,0.3529,0.338,0.3416,716780.34,248214.0,0.345314
1581710400000,0.3416,0.3463,0.3406,0.3437,245871.99,84570.0,0.343478
1581717600000,0.3446,0.3463,0.3406,0.3461,208734.25,71613.47,0.343417
1581724800000,0.3461,0.3486,0.3387,0.3411,553341.61,189308.48,0.343653
1581732000000,0.341,0.3455,0.3383,0.3443,169883.29,57975.39,0.341858
1581739200000,0.3441,0.3455,0.3408,0.3433,213614.26,73447.46,0.343146
1581746400000,0.3433,0.3497,0.3425,0.3437,426171.01,148270.91,0.346102
1581753600000,0.3437,0.3497,0.343,0.3489,304999.28,105738.95,0.346359
1581760800000,0.3489,0.355,0.3472,0.3549,292301.87,102808.94,0.350961
1581768000000,0.3544,0.3552,0.351,0.3544,229822.66,81208.07,0.3531
1581775200000,0.355,0.3579,0.3288,0.334,672638.87,231866.86,0.343178
1581782400000,0.334,0.3424,0.3071,0.3083,1839736.28,591121.63,0.3253
1581789600000,0.3091,0.3227,0.2956,0.3153,909318.27,279764.05,0.30911
1581796800000,0.3143,0.3254,0.3133,0.3242,407342.14,130346.21,0.31937
1581804000000,0.325,0.3279,0.3123,0.3201,309914.45,99343.79,0.320038
1581811200000,0.3199,0.3199,0.3052,0.3183,390143.71,121624.21,0.312531
1581818400000,0.3177,0.3273,0.3172,0.3222,367398.24,119085.9,0.32237
1581825600000,0.3228,0.3268,0.3197,0.3213,388623.19,125663.59,0.323264
1581832800000,0.3215,0.326,0.3204,0.3218,283982.89,91979.32,0.323201
1581840000000,0.3218,0.3317,0.3218,0.3247,498563.18,162939.79,0.326827
1581847200000,0.3248,0.3273,0.317,0.317,497695.33,159987.64,0.322359
1581854400000,0.3173,0.3176,0.2969,0.3084,1230816.84,377103.68,0.306979
1581861600000,0.3083,0.3114,0.2895,0.2937,1183185.42,352864.41,0.300381
1581868800000,0.2937,0.3026,0.2734,0.2886,1814876.83,518014.62,0.287976
1581876000000,0.2886,0.3003,0.2861,0.2912,550723.09,161070.13,0.293228
1581883200000,0.2908,0.2941,0.2869,0.2879,379739.05,109807.99,0.290549
1581890400000,0.2875,0.3009,0.2873,0.2984,148681.75,43894.49,0.29432
1581897600000,0.2984,0.2984,0.2833,0.2879,323851.49,93916.78,0.290534
1581904800000,0.2877,0.2879,0.2746,0.2779,468003.27,131362.71,0.281007
1581912000000,0.2772,0.2804,0.2683,0.2764,1025947.77,280978.23,0.274347
1581919200000,0.2753,0.2839,0.2724,0.2742,495462.39,138486.28,0.278158
1581926400000,0.2742,0.281,0.2716,0.2782,445943.57,123494.12,0.276305
1581933600000,0.2782,0.2784,0.264,0.2721,704639.94,190353.17,0.271014
1581940800000,0.2715,0.2775,0.2655,0.2658,636632.81,172141.09,0.27167
1581948000000,0.2658,0.2798,0.2596,0.2788,865982.1,233051.12,0.2694
1581955200000,0.2792,0.2892,0.274,0.2837,810698.4,228698.44,0.281603
1581962400000,0.2834,0.2889,0.2795,0.2885,191991.61,54314.59,0.284061
1581969600000,0.2889,0.292,0.2833,0.2841,247505.71,71462.12,0.287745
1581976800000,0.2847,0.2921,0.2847,0.2918,112038.36,32413.01,0.288445
1581984000000,0.2917,0.295,0.2863,0.2946,202165.01,58926.2,0.290579
1581991200000,0.2947,0.3018,0.2922,0.3018,277384.92,82344.89,0.296802
1581998400000,0.3015,0.306,0.3006,0.3057,260077.67,78965.71,0.303247
1582005600000,0.3061,0.3071,0.2988,0.3007,289187.01,87677.79,0.302897
1582012800000,0.3007,0.3026,0.2896,0.293,247126.32,73455.92,0.296028
1582020000000,0.2936,0.2941,0.2878,0.2936,179624.55,52235.9,0.29095
1582027200000,0.2928,0.2934,0.2815,0.2852,297134.87,84961.83,0.287274
1582034400000,0.286,0.2995,0.2844,0.2957,290287.69,84861.59,0.292077
1582041600000,0.296,0.3004,0.2944,0.2983,384169.58,114516.75,0.29741
1582048800000,0.2998,0.3029,0.2976,0.301,194220.54,58234.44,0.300248
1582056000000,0.3009,0.3144,0.3008,0.3036,386916.43,119211.6,0.307653
1582063200000,0.3033,0.3074,0.302,0.3073,117938.43,35999.45,0.304605
1582070400000,0.3073,0.3076,0.2989,0.2989,211937.75,63794.75,0.303296
1582077600000,0.2992,0.3056,0.2986,0.3048,81729.18,24726.98,0.302119
1582084800000,0.3049,0.305,0.2983,0.2988,202027.04,60710.91,0.301598
1582092000000,0.2985,0.2997,0.2923,0.2964,116127.1,34443.37,0.29597
1582099200000,0.2964,0.3011,0.2956,0.2987,150243.15,44953.99,0.298387
1582106400000,0.2984,0.3017,0.2982,0.3016,73862.1,22149.93,0.299937
1582128000000,0.3016,0.3056,0.3009,0.3024,129906.09,39348.35,0.303259
1582135200000,0.302,0.3047,0.3002,0.3002,93589.96,28328.55,0.302506
1582142400000,0.3003,0.3006,0.2669,0.2754,1048453.5,296982.65,0.283102
1582149600000,0.2754,0.283,0.2709,0.2798,470822.51,130600.26,0.276928
1582156800000,0.2796,0.2831,0.2788,0.2791,169585.8,47493.95,0.280955
1582164000000,0.2792,0.2887,0.277,0.2832,306509.72,86679.78,0.2829
1582171200000,0.2832,0.2836,0.2766,0.2776,82260.63,23053.66,0.280043
1582178400000,0.2776,0.2836,0.2767,0.2799,144854.39,40550.7,0.28019
1582185600000,0.2799,0.2799,0.2725,0.2758,329836.69,90694.29,0.276063
1582192800000,0.2764,0.2764,0.2721,0.2724,123398.86,33832.44,0.274209
1582200000000,0.2726,0.2731,0.2625,0.2709,491350.48,131475.87,0.267774
1582207200000,0.2711,0.2785,0.2705,0.2727,262171.87,72105.48,0.274526
1582214400000,0.2726,0.2804,0.2672,0.2712,504104.28,137776.63,0.273805
1582221600000,0.2714,0.2766,0.2704,0.2733,120034.67,32775.15,0.273528
1582228800000,0.2735,0.2765,0.273,0.276,38184.98,10482.03,0.27475
1582236000000,0.2768,0.2799,0.275,0.278,147445.08,40866.29,0.277451
1582243200000,0.278,0.286,0.2756,0.2848,170265.05,47675.09,0.280728
1582250400000,0.2848,0.2896,0.2829,0.2865,270060.2,77487.21,0.28626
1582257600000,0.2866,0.297,0.2866,0.2937,332461.45,96966.68,0.292018
1582264800000,0.2933,0.296,0.2892,0.2919,257891.06,75596.38,0.2926
1582272000000,0.2917,0.296,0.289,0.2914,214636.31,62635.22,0.2925
1582279200000,0.291,0.2947,0.2897,0.2947,116810.61,34049.38,0.292097
1582286400000,0.295,0.2982,0.2915,0.2934,183912.97,54278.01,0.294859
1582293600000,0.2941,0.2952,0.2898,0.2936,98119.43,28684.53,0.292497
1582300800000,0.294,0.2988,0.2925,0.2942,274882.47,81208.68,0.29565
1582308000000,0.2929,0.2938,0.2886,0.2892,148721.5,43191.84,0.291222
1582315200000,0.2887,0.2909,0.2826,0.2849,185477.55,53234.04,0.286747
1582322400000,0.2858,0.2906,0.2835,0.2882,155191.01,44340.32,0.287051
1582329600000,0.2881,0.2881,0.2825,0.283,82174.4,23413.36,0.285235
1582336800000,0.2832,0.2859,0.2826,0.2836,153787.15,43698.75,0.284253
1582344000000,0.2846,0.2855,0.2804,0.2806,108364.89,30642.97,0.283014
1582351200000,0.2806,0.2806,0.2754,0.2792,193209.26,53636.68,0.277965
1582358400000,0.2789,0.2812,0.2744,0.2761,249786.89,69170.93,0.277813
1582365600000,0.2765,0.2771,0.2754,0.277,71479.02,19761.85,0.276239
1582372800000,0.2768,0.2824,0.2767,0.2817,214574.33,60122.11,0.279618
1582380000000,0.282,0.283,0.2773,0.2787,122330.85,34303.68,0.280132
1582387200000,0.2787,0.2838,0.2776,0.2818,193340.81,54217.47,0.28073
1582394400000,0.2817,0.2829,0.2803,0.2818,35522.75,9994.21,0.2816
1582401600000,0.2818,0.2831,0.2794,0.2824,52218.07,14669.56,0.281244
1582408800000,0.2826,0.2826,0.2789,0.2811,20353.22,5705.51,0.280703
1582416000000,0.2808,0.2812,0.2791,0.28,24843.55,6967.04,0.280141
1582423200000,0.28,0.2827,0.278,0.2825,89151.21,24997.27,0.280281
1582430400000,0.283,0.2864,0.2828,0.2851,91391.1,26044.28,0.284651
1582437600000,0.2852,0.29,0.2848,0.2894,247572.55,71053.07,0.287419
1582444800000,0.2894,0.2913,0.2859,0.2906,112324.09,32539.07,0.288582
1582452000000,0.2906,0.2919,0.2845,0.2846,115989.21,33368.59,0.288318
1582459200000,0.2852,0.2874,0.2843,0.2874,49087.86,14027.96,0.285785
1582466400000,0.2873,0.2883,0.2848,0.2856,19241.46,5527.1,0.286556
1582473600000,0.2855,0.2867,0.2844,0.2852,68607.98,19590.16,0.285551
1582480800000,0.2858,0.2863,0.2846,0.2849,98740.32,28166.44,0.285458
1582488000000,0.2843,0.285,0.2838,0.285,28017.31,7967.35,0.284377
1582495200000,0.2846,0.2886,0.2845,0.2878,61325.22,17574.63,0.286613
1582502400000,0.2884,0.2915,0.2858,0.2858,76504.64,22088.85,0.288735
1582509600000,0.2858,0.2879,0.2781,0.2781,181792.73,51097.65,0.283192
1582516800000,0.2781,0.279,0.2769,0.2774,77760.31,21589.52,0.277956
1582524000000,0.2779,0.2781,0.2735,0.2758,127615.04,35073.04,0.275742
1582531200000,0.2762,0.278,0.2743,0.275,93119.27,25699.11,0.276165
1582538400000,0.2745,0.2802,0.2745,0.28,88555.04,24483.04,0.27738
1582545600000,0.2794,0.2805,0.2785,0.2794,94663.79,26455.79,0.2795
1582552800000,0.2799,0.28,0.2729,0.273,122282.92,33714.18,0.27645
1582560000000,0.273,0.2741,0.2696,0.2706,200337.04,54365.82,0.271854
1582567200000,0.2706,0.2739,0.2655,0.2664,461513.5,124222.6,0.26978
1582574400000,0.2664,0.2671,0.2616,0.2644,347485.86,91819.48,0.264314
1582581600000,0.2644,0.2682,0.2639,0.2675,78566.64,20907.52,0.266065
1582588800000,0.2683,0.2685,0.2644,0.2644,171570.82,45573.38,0.266479
1582596000000,0.2644,0.2649,0.261,0.2616,122020.7,32136.7,0.262943
1582603200000,0.2615,0.2641,0.2555,0.2568,255875.44,66238.08,0.259852
1582610400000,0.2572,0.2583,0.2535,0.2544,212888.71,54308.32,0.255909
1582617600000,0.2553,0.2588,0.2541,0.2566,133615.3,34361.4,0.25646
1582624800000,0.2569,0.2602,0.253,0.2593,108151.42,27600.59,0.256557
1582632000000,0.2599,0.2605,0.2577,0.2583,154071.05,39871.9,0.2591
1582639200000,0.2583,0.2588,0.2498,0.2503,446874.91,112892.05,0.2543
1582646400000,0.2503,0.2551,0.2438,0.248,510458.83,126475.56,0.249453
1582653600000,0.2472,0.2522,0.247,0.2479,198856.8,49560.51,0.249609
1582660800000,0.2485,0.2589,0.2456,0.2562,199901.5,50533.48,0.252241
1582668000000,0.2562,0.2608,0.2525,0.2525,400971.56,102393.43,0.25677
1582675200000,0.2522,0.2535,0.2429,0.243,232053.37,57542.66,0.248339
1582682400000,0.2427,0.2449,0.2385,0.2416,258221.77,62177.35,0.241697
1582689600000,0.2405,0.2433,0.2388,0.2432,132682.68,31953.38,0.240971
1582696800000,0.2434,0.2446,0.239,0.2398,126093.1,30538.25,0.241823
1582704000000,0.2393,0.2404,0.2362,0.2379,253025.27,60373.18,0.238291
1582711200000,0.2376,0.2412,0.2372,0.2384,68186.04,16316.84,0.239212
1582718400000,0.239,0.2453,0.2359,0.2374,252133.34,60497.41,0.240618
1582725600000,0.236,0.239,0.2279,0.2301,537576.23,125117.84,0.23348
1582732800000,0.2292,0.2303,0.2176,0.2287,458980.27,102792.04,0.223948
1582740000000,0.2288,0.2389,0.2285,0.2363,384971.95,90199.27,0.233872
1582747200000,0.2362,0.2386,0.2312,0.2317,83666.08,19603.27,0.234997
1582754400000,0.2312,0.2362,0.2294,0.2351,44524.66,10331.41,0.232769
1582761600000,0.2325,0.2325,0.2174,0.2281,336280.6,74954.23,0.224834
1582768800000,0.2281,0.2311,0.225,0.2311,93529.85,21270.64,0.22795
1582776000000,0.231,0.2328,0.2272,0.2322,27988.58,6399.06,0.229981
1582783200000,0.2335,0.24,0.2327,0.2376,186860.43,44217.69,0.236418
1582790400000,0.237,0.2451,0.2369,0.2377,129770.26,31339.25,0.241007
1582797600000,0.2377,0.243,0.2366,0.2424,50390.18,12069.78,0.239761
1582804800000,0.2425,0.2503,0.2424,0.2485,445727.1,110136.11,0.246493
1582812000000,0.2481,0.2559,0.2478,0.2492,279146.58,70258.32,0.251865
1582819200000,0.2491,0.2584,0.2485,0.2551,376992.32,95382.45,0.253587
1582826400000,0.2551,0.256,0.2489,0.2514,95888.21,24177.19,0.252392
1582833600000,0.2505,0.2513,0.2379,0.241,183241.14,44604.18,0.244435
1582840800000,0.2419,0.2445,0.2342,0.2441,269917.58,64659.08,0.239308
1582848000000,0.245,0.2506,0.2434,0.2506,128846.28,31772.6,0.246857
1582855200000,0.2511,0.2529,0.2484,0.2494,104710.76,26267.11,0.250665
1582862400000,0.2495,0.2502,0.2453,0.2462,52472.62,12987.31,0.247737
1582869600000,0.2454,0.2458,0.2359,0.2377,129663.42,31192.29,0.240725
1582876800000,0.2375,0.2414,0.2294,0.2307,220244.3,52022.05,0.235513
1582884000000,0.2305,0.2344,0.2291,0.2325,177098.64,41025.39,0.231759
1582891200000,0.2327,0.24,0.2251,0.2378,387655.69,89522.18,0.232469
1582898400000,0.2381,0.2416,0.2351,0.2408,125147.92,29915.73,0.2383
1582905600000,0.2408,0.2417,0.2338,0.2359,126804.21,30301.86,0.237686
1582912800000,0.2358,0.2387,0.2313,0.2322,179659.21,42155.27,0.235063
1582920000000,0.232,0.238,0.2316,0.2359,205970.26,48572.07,0.234887
1582927200000,0.2361,0.2406,0.2361,0.238,65871.09,15731.71,0.238411
1582934400000,0.2381,0.2406,0.2381,0.239,54896.1,13129.86,0.239377
1582941600000,0.2384,0.2398,0.2371,0.238,80614.47,19227.3,0.238451
1582948800000,0.2386,0.2429,0.2384,0.2428,62722.46,15126.62,0.240636
1582956000000,0.2421,0.2421,0.2373,0.2388,58071.68,13898.09,0.2396
1582963200000,0.2397,0.2402,0.2352,0.236,67767.28,16058.4,0.237676
1582970400000,0.2353,0.2372,0.2326,0.2367,95604.62,22514.55,0.234874
1582977600000,0.2368,0.237,0.2326,0.2344,84051.45,19744.88,0.234736
1582984800000,0.2334,0.2348,0.2312,0.2343,46305.98,10767.01,0.232987
1582992000000,0.2343,0.2344,0.2313,0.2329,58951.28,13736.06,0.23281
1582999200000,0.2336,0.2344,0.2329,0.2337,28426.59,6643.14,0.23365
1583006400000,0.2337,0.2337,0.2315,0.2322,43425.57,10092.37,0.232554
1583013600000,0.2324,0.2327,0.2285,0.2288,48833.04,11246.81,0.2306
1583020800000,0.2293,0.2341,0.2293,0.2338,81156.33,18847.2,0.231742
1583028000000,0.235,0.2369,0.2325,0.2335,74504.13,17475.65,0.234713
1583035200000,0.2338,0.2338,0.2311,0.2319,56611.56,13133.0,0.232393
1583042400000,0.2315,0.2319,0.2284,0.2299,167793.44,38521.7,0.23012
1583049600000,0.23,0.2327,0.2294,0.2312,123491.73,28554.7,0.231065
1583056800000,0.2315,0.2361,0.2314,0.2353,70032.34,16315.9,0.233818
1583064000000,0.2354,0.2387,0.2332,0.2346,124423.59,29359.72,0.235955
1583071200000,0.2356,0.2356,0.2313,0.2313,78511.28,18320.24,0.23345
1583078400000,0.2318,0.2318,0.2245,0.2267,182033.97,41543.75,0.227997
1583085600000,0.2266,0.2275,0.2247,0.227,82318.91,18636.86,0.226096
1583092800000,0.2268,0.2268,0.2248,0.2262,39282.99,8860.63,0.225784
1583100000000,0.2274,0.2352,0.2274,0.23,218172.45,50509.04,0.231374
1583107200000,0.2291,0.2341,0.2291,0.2317,126505.6,29422.25,0.231687
1583114400000,0.2313,0.2377,0.2313,0.2356,161163.02,38065.91,0.234634
1583121600000,0.2359,0.2423,0.2354,0.2423,187440.47,44858.7,0.238781
1583128800000,0.2427,0.2502,0.2418,0.2437,358195.3,88487.83,0.24601
1583136000000,0.2441,0.248,0.2432,0.245,53459.39,13105.65,0.245609
1583143200000,0.2455,0.2489,0.2448,0.2478,87455.44,21623.28,0.246867
1583150400000,0.2488,0.2511,0.2463,0.2493,116204.51,28960.37,0.248699
1583157600000,0.2495,0.2506,0.2453,0.2466,207000.4,51368.68,0.247942
1583164800000,0.2468,0.25,0.2468,0.2488,72761.93,18119.94,0.248465
1583172000000,0.2481,0.2522,0.2481,0.2506,75898.16,19029.19,0.250232
1583179200000,0.2506,0.2573,0.2498,0.2557,254624.34,64637.83,0.253602
1583186400000,0.2559,0.2559,0.2493,0.2505,90609.57,22912.38,0.252479
1583193600000,0.2505,0.2505,0.245,0.245,69443.55,17158.32,0.24775
1583200800000,0.2448,0.2485,0.2448,0.2482,54268.66,13396.37,0.24669
1583208000000,0.2476,0.2483,0.247,0.2477,40449.34,10022.14,0.24765
1583215200000,0.2475,0.2475,0.2431,0.2433,98750.08,24253.76,0.245271
1583222400000,0.2431,0.2456,0.243,0.2456,38761.71,9479.31,0.244285
1583229600000,0.2456,0.2486,0.2456,0.2486,85450.0,21111.08,0.2471
1583236800000,0.25,0.25,0.2449,0.246,105388.19,25999.56,0.24735
1583244000000,0.246,0.2485,0.2424,0.2438,101054.02,24716.21,0.245468
1583251200000,0.2436,0.2453,0.2409,0.2453,95980.33,23298.22,0.243048
1583258400000,0.2447,0.2475,0.2443,0.2475,74492.1,18362.74,0.245853
1583265600000,0.2464,0.2496,0.2463,0.2492,192743.88,47817.9,0.247983
1583272800000,0.2492,0.2545,0.2491,0.2543,74018.07,18692.42,0.251814
1583280000000,0.2543,0.2546,0.2495,0.2523,62490.53,15745.28,0.252
1583287200000,0.2527,0.2546,0.2519,0.252,42395.63,10738.26,0.253265
1583294400000,0.252,0.2545,0.2519,0.2545,30740.63,7768.2,0.253185
1583301600000,0.2545,0.2547,0.2495,0.2532,129831.13,32727.42,0.252072
1583308800000,0.2531,0.2543,0.2518,0.2529,27927.18,7070.16,0.25305
1583316000000,0.2525,0.2525,0.2489,0.2506,69899.64,17528.18,0.250636
1583323200000,0.2506,0.2524,0.2492,0.2524,37601.06,9421.13,0.25074
1583330400000,0.2525,0.2532,0.2503,0.2503,152356.85,38382.58,0.251809
1583337600000,0.2504,0.2559,0.2494,0.2558,93548.85,23676.82,0.252556
1583344800000,0.2558,0.2661,0.2556,0.2602,491194.03,128092.18,0.260981
1583352000000,0.2602,0.2602,0.2556,0.2583,158681.57,40804.19,0.25784
1583359200000,0.2573,0.2653,0.2569,0.2633,128678.15,33708.96,0.261217
1583366400000,0.263,0.269,0.2629,0.2642,181785.71,48452.84,0.265973
1583373600000,0.2645,0.272,0.2636,0.2659,198862.88,53402.28,0.267818
1583380800000,0.266,0.2736,0.2658,0.2719,437405.45,118880.57,0.269825
1583388000000,0.2723,0.2778,0.2713,0.2737,226528.99,62360.75,0.274568
1583395200000,0.2744,0.2858,0.2744,0.2842,361936.44,101566.51,0.280281
1583402400000,0.2852,0.2877,0.2796,0.2839,455100.76,128781.32,0.283644
1583409600000,0.2846,0.2875,0.2778,0.2778,176633.59,49924.0,0.282853
1583416800000,0.2778,0.2778,0.2725,0.2773,182965.88,50435.55,0.275145
1583424000000,0.2773,0.2826,0.2763,0.2817,136082.92,38151.38,0.279443
1583431200000,0.2817,0.2832,0.2785,0.281,34896.28,9806.56,0.280847
1583438400000,0.2807,0.2833,0.2775,0.2828,63841.2,17953.0,0.280354
1583445600000,0.2824,0.2833,0.2743,0.2758,89315.68,24889.01,0.278753
1583452800000,0.2757,0.2772,0.2679,0.2682,120462.38,32784.72,0.272666
1583460000000,0.2678,0.2711,0.2652,0.2655,233470.89,62320.96,0.268209
1583467200000,0.2655,0.2708,0.2631,0.2695,206949.67,55088.49,0.26691
1583474400000,0.2695,0.2737,0.2668,0.2716,178795.15,48191.59,0.270243
1583481600000,0.2707,0.2746,0.27,0.2741,165447.29,45013.35,0.272284
1583488800000,0.274,0.285,0.274,0.2843,316298.05,89066.93,0.279598
1583496000000,0.2845,0.2845,0.2705,0.2711,116804.51,32375.37,0.277411
1583503200000,0.2705,0.2738,0.2677,0.2688,47605.09,12934.6,0.270772
1583510400000,0.2686,0.2728,0.2682,0.2728,41326.37,11181.91,0.270447
1583517600000,0.2725,0.2747,0.2709,0.2733,36537.23,9976.1,0.272799
1583524800000,0.2733,0.2756,0.2733,0.2756,24986.67,6845.32,0.27445
1583532000000,0.2756,0.284,0.2742,0.2838,273220.54,75885.51,0.278973
1583539200000,0.2837,0.2837,0.2795,0.2803,56471.25,15898.17,0.281522
1583546400000,0.2815,0.283,0.2801,0.283,23114.25,6511.32,0.2815
1583553600000,0.2824,0.2844,0.279,0.2805,110987.76,31389.42,0.281708
1583560800000,0.2807,0.2809,0.2766,0.2776,99505.46,27755.88,0.27869
1583568000000,0.2779,0.2787,0.2762,0.2764,98179.37,27198.24,0.27748
1583575200000,0.2764,0.2805,0.2743,0.2743,548722.89,151848.13,0.277461
1583582400000,0.2747,0.2756,0.2725,0.2726,54590.86,14962.95,0.274102
1583589600000,0.2726,0.2749,0.2719,0.2742,55828.64,15264.84,0.2734
1583596800000,0.2742,0.2789,0.2603,0.2612,341544.78,91357.64,0.269864
1583604000000,0.2613,0.2619,0.2539,0.26,406813.84,105180.82,0.257882
1583611200000,0.2594,0.2636,0.2575,0.2589,135653.14,35204.56,0.260552
1583618400000,0.2601,0.2649,0.26,0.2628,37902.18,9987.75,0.262532
1583625600000,0.2625,0.2625,0.2523,0.2561,311749.69,79834.68,0.257193
1583632800000,0.2555,0.2579,0.2553,0.2554,145014.16,37249.88,0.2566
1583640000000,0.2554,0.2572,0.2524,0.2566,93625.27,23791.74,0.254781
1583647200000,0.256,0.2563,0.2479,0.2506,532656.13,133554.3,0.251962
1583654400000,0.251,0.251,0.2496,0.2496,39778.3,9958.88,0.2503
1583661600000,0.2496,0.2509,0.2481,0.25,349839.3,86969.77,0.249498
1583668800000,0.2499,0.2501,0.2407,0.2431,181553.38,44348.44,0.245234
1583676000000,0.2437,0.2437,0.2332,0.2357,270850.14,64480.84,0.238238
1583683200000,0.2362,0.2452,0.2271,0.239,518902.41,122678.04,0.236141
1583690400000,0.239,0.2427,0.2367,0.242,104439.83,25079.46,0.239647
1583697600000,0.2427,0.2432,0.235,0.2378,292962.41,69616.41,0.238987
1583704800000,0.2378,0.2382,0.2236,0.2249,314445.92,73120.93,0.230791
1583712000000,0.2241,0.2413,0.2239,0.238,331385.09,77553.44,0.232894
1583719200000,0.2367,0.2399,0.23,0.232,456968.11,107030.67,0.234986
1583726400000,0.2312,0.239,0.2201,0.2359,677008.72,154864.7,0.229487
1583733600000,0.236,0.236,0.2289,0.232,252067.43,58689.73,0.232316
1583740800000,0.232,0.2371,0.232,0.2325,192398.11,45155.01,0.234556
1583748000000,0.2332,0.2351,0.2266,0.2267,147709.48,33902.07,0.231004
1583755200000,0.2269,0.2377,0.2226,0.2273,966872.99,223273.09,0.230151
1583762400000,0.229,0.229,0.2068,0.2109,761041.35,163346.23,0.217491
1583769600000,0.2118,0.2193,0.2093,0.2111,784105.38,167348.94,0.214303
1583776800000,0.2112,0.2165,0.2083,0.2148,364636.69,77085.62,0.21237
1583784000000,0.2154,0.2173,0.2097,0.2138,254674.34,54514.15,0.213488
1583791200000,0.2134,0.2229,0.2133,0.2216,161652.4,35194.31,0.218234
1583798400000,0.2225,0.2247,0.2205,0.2229,90181.7,20084.28,0.2226
1583805600000,0.223,0.2284,0.2228,0.2281,75082.06,16881.19,0.225613
1583812800000,0.2282,0.2292,0.2265,0.2284,150378.97,34266.05,0.227849
1583820000000,0.2284,0.2287,0.2266,0.2277,173450.02,39440.27,0.227639
1583827200000,0.228,0.2296,0.224,0.2254,99975.86,22610.83,0.226806
1583834400000,0.2258,0.2367,0.2258,0.2336,248819.83,58118.87,0.231478
1583841600000,0.2337,0.24,0.2319,0.2349,268442.91,63314.98,0.235959
1583848800000,0.2351,0.2383,0.227,0.2273,249318.09,58239.05,0.232846
1583856000000,0.2267,0.233,0.2261,0.2303,213430.97,49172.91,0.229627
1583863200000,0.2303,0.2345,0.2268,0.2345,94913.95,21783.99,0.230509
1583870400000,0.2347,0.2424,0.2323,0.2395,285440.01,68011.71,0.237365
1583877600000,0.2395,0.2433,0.2382,0.2382,141288.57,33997.93,0.240781
1583884800000,0.2383,0.2483,0.2383,0.2443,488837.19,119792.49,0.243498
1583892000000,0.2442,0.2491,0.2403,0.2434,566387.01,139170.85,0.244702
1583899200000,0.2432,0.246,0.2366,0.239,407733.13,97622.01,0.241311
1583906400000,0.239,0.2397,0.2353,0.2365,146140.86,34698.68,0.237478
1583913600000,0.2365,0.2416,0.2317,0.2317,225838.97,53308.58,0.236809
1583920800000,0.2322,0.2344,0.2295,0.2315,144910.81,33639.42,0.231951
1583928000000,0.2325,0.2327,0.2288,0.2303,309401.7,71179.78,0.230694
1583935200000,0.2302,0.2308,0.2251,0.2256,525938.06,119925.36,0.22796
1583942400000,0.2267,0.2283,0.2144,0.2144,239545.05,52518.69,0.221545
1583949600000,0.2143,0.2238,0.2118,0.2237,274027.64,59915.93,0.217583
1583956800000,0.2243,0.2251,0.2187,0.2189,381184.16,84887.75,0.221965
1583964000000,0.2186,0.2284,0.2177,0.2266,279962.48,62517.89,0.223123
1583971200000,0.2269,0.2299,0.212,0.212,193700.49,42851.07,0.221264
1583978400000,0.2119,0.215,0.2049,0.2073,860620.79,180421.66,0.209969
1583985600000,0.2076,0.208,0.2019,0.2075,266286.21,54665.62,0.20495
1583992800000,0.2074,0.2075,0.1927,0.2009,460704.27,91841.7,0.199895
1584000000000,0.2008,0.2028,0.1921,0.195,649431.99,127404.97,0.197414
1584007200000,0.195,0.195,0.155,0.1622,2085960.85,363804.73,0.174273
1584014400000,0.1632,0.1749,0.1561,0.168,1689711.26,277945.43,0.165498
1584021600000,0.168,0.1771,0.161,0.1753,1369293.77,233075.78,0.168909
1584028800000,0.1763,0.192,0.1677,0.1886,684260.62,123141.23,0.179672
1584036000000,0.1891,0.1925,0.1802,0.1846,323087.19,60754.67,0.186333
1584043200000,0.185,0.1864,0.1634,0.1747,434827.64,74502.95,0.174639
1584050400000,0.1747,0.178,0.14,0.1466,747975.66,116645.68,0.158739
1584057600000,0.1466,0.1576,0.1262,0.1268,1035214.0,149597.0,0.142474
1584064800000,0.1278,0.1726,0.1105,0.1522,2078699.02,294832.37,0.141612
1584072000000,0.152,0.1549,0.1367,0.1429,653041.31,96272.3,0.14569
1584079200000,0.1431,0.1603,0.1412,0.1603,397385.2,59269.75,0.150508
1584086400000,0.16,0.1678,0.1509,0.1664,376852.54,59981.55,0.159207
1584093600000,0.1644,0.1778,0.16,0.1638,547796.77,91040.47,0.168901
1584100800000,0.1635,0.185,0.1632,0.1786,699736.97,121886.62,0.174516
1584108000000,0.1797,0.188,0.1494,0.1582,840039.39,142612.9,0.168679
1584115200000,0.1567,0.1626,0.151,0.155,985291.14,154672.14,0.156805
1584122400000,0.1552,0.1654,0.1441,0.1595,697758.04,106511.85,0.154723
1584129600000,0.16,0.1725,0.1579,0.1682,234528.66,38284.77,0.165294
1584136800000,0.1685,0.1749,0.1642,0.1677,326409.56,55695.46,0.169552
1584144000000,0.1678,0.1729,0.163,0.1672,431945.28,71917.6,0.16795
1584151200000,0.1671,0.1713,0.1623,0.1701,385966.75,64457.16,0.166749
1584158400000,0.1699,0.1699,0.1657,0.1662,182466.51,30662.97,0.16774
1584165600000,0.1657,0.1657,0.1585,0.1615,421085.45,67812.49,0.161961
1584172800000,0.1614,0.1614,0.1496,0.151,1793054.69,275455.62,0.155331
1584180000000,0.1519,0.1615,0.1507,0.1598,413647.72,64960.03,0.156139
1584187200000,0.1598,0.1623,0.1569,0.1591,236155.55,37758.57,0.159601
1584194400000,0.159,0.1638,0.159,0.1621,175283.64,28435.53,0.161499
1584201600000,0.1621,0.1644,0.1609,0.1633,365167.05,59314.18,0.162648
1584208800000,0.1635,0.1657,0.1625,0.1625,155269.12,25548.01,0.164128
1584216000000,0.1624,0.1625,0.1581,0.1589,110100.88,17583.11,0.160234
1584223200000,0.1586,0.1595,0.1525,0.1569,285075.52,44439.77,0.155974
1584230400000,0.1571,0.1599,0.1547,0.1565,104180.45,16394.53,0.157302
1584237600000,0.1565,0.1579,0.1553,0.1555,68316.53,10713.85,0.156623
1584244800000,0.1555,0.1593,0.1555,0.1587,36920.0,5795.95,0.157465
1584252000000,0.1579,0.1598,0.1578,0.1591,49409.54,7833.85,0.15883
1584259200000,0.1585,0.1591,0.1571,0.1586,70299.51,11131.53,0.1581
1584266400000,0.159,0.1657,0.159,0.1624,277855.27,44995.03,0.162464
1584273600000,0.1625,0.1677,0.1579,0.1587,143087.1,23267.52,0.162886
1584280800000,0.1591,0.1599,0.1564,0.1583,72996.57,11530.87,0.158143
1584288000000,0.1583,0.16,0.1556,0.1575,154433.94,24315.43,0.157799
1584295200000,0.1574,0.1591,0.1564,0.1564,82976.74,13098.06,0.15778
1584302400000,0.1567,0.1719,0.1532,0.1718,305998.24,48631.42,0.162219
1584309600000,0.1711,0.1711,0.1549,0.1584,232913.46,37903.73,0.162682
1584316800000,0.1571,0.1575,0.1527,0.154,155742.68,24105.71,0.155048
1584324000000,0.154,0.1579,0.154,0.1546,113864.61,17725.94,0.15596
1584331200000,0.1543,0.1547,0.148,0.1483,196577.92,29605.33,0.151363
1584338400000,0.1487,0.1487,0.1345,0.1358,890381.62,125533.82,0.141431
1584345600000,0.135,0.141,0.1346,0.1358,301747.32,41478.43,0.137809
1584352800000,0.135,0.135,0.125,0.1289,330736.85,42563.43,0.1298
1584360000000,0.1289,0.1407,0.1285,0.1402,662429.15,89396.82,0.134614
1584367200000,0.1402,0.1476,0.1388,0.1469,137011.65,19714.67,0.143141
1584374400000,0.147,0.147,0.1404,0.1427,211582.45,30171.7,0.143563
1584381600000,0.1427,0.144,0.1357,0.138,173211.49,24340.07,0.139806
1584388800000,0.1391,0.1398,0.1338,0.1372,151658.16,20611.19,0.136765
1584396000000,0.1377,0.1391,0.1339,0.1381,114100.13,15498.32,0.136498
1584403200000,0.1386,0.1468,0.1361,0.1422,315605.08,44923.16,0.141481
1584410400000,0.1425,0.1444,0.1408,0.1437,106881.86,15180.36,0.142586
1584417600000,0.1451,0.1451,0.1421,0.1446,71676.71,10279.18,0.143591
1584424800000,0.145,0.1487,0.1442,0.1466,212488.85,31199.74,0.146471
1584432000000,0.1466,0.15,0.1426,0.1437,198258.02,29114.21,0.146346
1584439200000,0.1439,0.1459,0.1438,0.1446,72652.96,10521.37,0.144867
1584446400000,0.1443,0.1473,0.1406,0.1409,189258.08,27244.97,0.144043
1584453600000,0.1408,0.1476,0.1392,0.1469,146989.16,21208.44,0.143332
1584460800000,0.1471,0.1487,0.1432,0.1435,189333.67,27483.25,0.146028
1584468000000,0.1435,0.1456,0.1426,0.1433,173270.9,24983.77,0.144101
1584475200000,0.144,0.147,0.1428,0.1455,123126.61,17823.11,0.144905
1584482400000,0.1455,0.1455,0.1422,0.1426,74369.59,10745.74,0.143802
1584489600000,0.1431,0.1455,0.1423,0.1439,45766.48,6561.4,0.143906
1584496800000,0.1439,0.1471,0.1436,0.1471,65646.32,9532.1,0.14531
1584504000000,0.1471,0.1476,0.1435,0.1435,105627.79,15448.82,0.14561
1584511200000,0.1435,0.1436,0.1363,0.1375,75827.99,10586.86,0.139838
1584518400000,0.1365,0.1401,0.1357,0.1371,57083.85,7885.78,0.137905
1584525600000,0.1377,0.1378,0.1351,0.1367,132803.62,18100.25,0.136423
1584532800000,0.1367,0.141,0.1317,0.1401,346293.71,47179.34,0.136279
1584540000000,0.14,0.1446,0.14,0.1442,202968.34,28832.9,0.142353
1584547200000,0.1442,0.1454,0.1395,0.1422,261084.62,37091.01,0.142428
1584554400000,0.1422,0.1439,0.1419,0.1439,51800.76,7423.09,0.142867
1584561600000,0.144,0.1467,0.1439,0.1441,136506.86,19779.52,0.1453
1584568800000,0.1447,0.146,0.1421,0.1456,59698.93,8602.73,0.144035
1584576000000,0.1462,0.1492,0.1455,0.1492,171498.79,25164.77,0.147281
1584583200000,0.1492,0.1511,0.1481,0.1488,134579.6,20144.28,0.149603
1584590400000,0.1489,0.1515,0.1489,0.1512,120618.33,18133.29,0.150236
1584597600000,0.1514,0.1549,0.1511,0.1543,107942.87,16475.75,0.153026
1584604800000,0.1537,0.1561,0.152,0.1552,136697.35,21009.21,0.154036
1584612000000,0.1555,0.1563,0.154,0.1563,126416.58,19611.2,0.155127
1584619200000,0.1563,0.1595,0.1536,0.1559,985472.19,154234.45,0.156551
1584626400000,0.1559,0.1589,0.155,0.1588,134617.83,21074.4,0.156886
1584633600000,0.1587,0.1684,0.1575,0.1671,434911.77,71127.79,0.162959
1584640800000,0.167,0.1677,0.13,0.1615,649873.65,102123.91,0.148768
1584648000000,0.1615,0.1636,0.1601,0.163,101149.76,16373.95,0.161831
1584655200000,0.1632,0.1679,0.1617,0.1626,144002.99,23644.67,0.164804
1584662400000,0.1628,0.166,0.16,0.1608,165347.3,26887.27,0.163034
1584669600000,0.1611,0.1622,0.1593,0.1604,88192.97,14197.57,0.16075
1584676800000,0.1603,0.1664,0.1598,0.1654,176150.73,28671.8,0.163144
1584684000000,0.1653,0.1681,0.1622,0.1672,293050.26,48281.38,0.165121
1584691200000,0.1674,0.1752,0.1674,0.1751,560915.63,96129.7,0.171316
1584698400000,0.1757,0.1774,0.1665,0.1691,356183.1,61876.47,0.171905
1584705600000,0.1694,0.1694,0.1642,0.1668,240117.14,40048.78,0.166713
1584712800000,0.1665,0.1702,0.1665,0.1692,94670.21,15990.45,0.168427
1584720000000,0.1697,0.1704,0.1596,0.16,441295.58,71548.18,0.165038
1584727200000,0.1601,0.1601,0.151,0.151,263905.01,40843.68,0.15555
1584734400000,0.1509,0.1522,0.14,0.1522,820277.6,119858.71,0.146084
1584741600000,0.1519,0.1551,0.1485,0.1521,295869.22,44777.85,0.1518
1584748800000,0.1512,0.1541,0.1497,0.154,161438.59,24461.71,0.151821
1584756000000,0.1543,0.1569,0.1525,0.1538,210549.44,32579.38,0.154702
1584763200000,0.154,0.155,0.1487,0.1493,97153.56,14781.32,0.151882
1584770400000,0.1493,0.1544,0.1481,0.1518,185587.02,28081.81,0.151279
1584777600000,0.1514,0.1523,0.1463,0.1486,134593.04,20116.47,0.14926
1584784800000,0.1485,0.1507,0.1464,0.1507,151582.08,22451.66,0.148476
1584792000000,0.1514,0.1557,0.1509,0.1529,124522.99,19186.94,0.153329
1584799200000,0.1533,0.1556,0.1523,0.1556,75767.14,11637.26,0.153881
1584806400000,0.1554,0.1558,0.1527,0.1527,116422.82,18030.21,0.154297
1584813600000,0.1528,0.1561,0.1522,0.1554,155588.25,24097.53,0.154156
1584820800000,0.1558,0.1586,0.1521,0.1529,276411.77,43248.03,0.155402
1584828000000,0.1528,0.1552,0.1508,0.1552,85984.24,13212.17,0.15292
1584835200000,0.1545,0.1582,0.1532,0.1568,126215.5,19687.18,0.155703
1584842400000,0.1577,0.1582,0.157,0.1582,51520.39,8120.63,0.157584
1584849600000,0.1587,0.1595,0.1576,0.1591,149350.76,23685.2,0.158546
1584856800000,0.1595,0.1595,0.157,0.1575,176259.19,27869.29,0.158202
1584864000000,0.1575,0.1576,0.155,0.1564,95383.55,14915.43,0.15627
1584871200000,0.1564,0.1564,0.1516,0.1516,145297.98,22415.56,0.154
1584878400000,0.1516,0.1516,0.1452,0.1501,303535.6,45082.79,0.148366
1584885600000,0.1495,0.1499,0.1455,0.148,143745.8,21124.02,0.147669
1584892800000,0.1476,0.149,0.145,0.1463,69672.2,10222.8,0.147001
1584900000000,0.1459,0.1467,0.1433,0.144,78593.34,11372.89,0.145004
1584907200000,0.143,0.1476,0.141,0.1464,148621.9,21504.08,0.144272
1584914400000,0.1464,0.1464,0.1396,0.1405,146749.39,20872.56,0.142896
1584921600000,0.1397,0.1441,0.1379,0.1424,151809.36,21307.91,0.140998
1584928800000,0.1429,0.1452,0.1422,0.145,73450.47,10507.14,0.143665
1584936000000,0.1451,0.1455,0.1429,0.1434,50663.18,7296.51,0.144194
1584943200000,0.1433,0.1445,0.1431,0.1431,44694.07,6429.74,0.143803
1584950400000,0.143,0.143,0.1387,0.1397,123933.7,17402.05,0.140764
1584957600000,0.1398,0.143,0.1398,0.1425,91882.7,13030.15,0.141454
1584964800000,0.1423,0.1546,0.1423,0.1481,574027.25,85279.6,0.148641
1584972000000,0.1483,0.1499,0.1466,0.1478,145807.44,21621.88,0.148251
1584979200000,0.1489,0.1508,0.1481,0.1481,119564.02,17866.94,0.149471
1584986400000,0.1479,0.1507,0.1479,0.1502,115151.76,17233.31,0.149351
1584993600000,0.151,0.1519,0.1484,0.1513,121509.65,18310.5,0.150148
1585000800000,0.1513,0.1517,0.1497,0.1515,63454.58,9585.13,0.150698
1585008000000,0.1516,0.1526,0.1502,0.1504,121091.97,18324.9,0.151427
1585015200000,0.1507,0.1515,0.1478,0.1481,167232.23,24991.54,0.149685
1585022400000,0.1483,0.1494,0.146,0.1485,149152.0,21973.52,0.147699
1585029600000,0.1482,0.15,0.1482,0.1497,163390.96,24434.69,0.149132
1585036800000,0.1499,0.1545,0.1499,0.1536,343561.05,52239.85,0.152287
1585044000000,0.1538,0.1554,0.1523,0.155,183641.8,28264.19,0.153829
1585051200000,0.155,0.1556,0.1516,0.1532,194108.85,29869.21,0.153573
1585058400000,0.1531,0.155,0.1498,0.1515,116991.81,17775.65,0.152402
1585065600000,0.1515,0.1582,0.1514,0.156,313316.15,48484.25,0.154929
1585072800000,0.1563,0.157,0.1557,0.157,196687.25,30759.52,0.156327
1585080000000,0.1565,0.1573,0.1543,0.1557,138249.76,21574.55,0.155795
1585087200000,0.1555,0.1583,0.1513,0.1516,479878.0,74137.11,0.154905
1585094400000,0.1516,0.1538,0.1475,0.1502,354863.38,53446.04,0.150647
1585101600000,0.1508,0.1512,0.1485,0.1492,141333.4,21203.21,0.149836
1585108800000,0.1496,0.1538,0.1494,0.1527,90222.15,13626.17,0.151664
1585116000000,0.153,0.1534,0.1514,0.1526,58604.76,8939.02,0.152396
1585123200000,0.1527,0.1565,0.1522,0.1554,162152.87,25089.47,0.154383
1585130400000,0.1554,0.1557,0.1468,0.1471,279796.29,42146.63,0.15125
1585137600000,0.1476,0.1543,0.1473,0.1504,90831.55,13627.93,0.150875
1585144800000,0.15,0.1508,0.1488,0.1496,42604.04,6384.32,0.1498
1585152000000,0.1502,0.1534,0.1502,0.153,62394.0,9474.01,0.151847
1585159200000,0.1526,0.1531,0.1518,0.1524,141143.66,21518.01,0.15245
1585166400000,0.1522,0.1526,0.1513,0.1519,66832.03,10157.34,0.151949
1585173600000,0.152,0.1572,0.152,0.1572,393254.4,61060.06,0.1546
1585180800000,0.1575,0.1584,0.1528,0.1535,378994.87,59123.9,0.155615
1585188000000,0.1535,0.156,0.1521,0.1556,261765.87,40296.82,0.154011
1585195200000,0.1558,0.1564,0.1548,0.1548,122329.17,19027.56,0.155632
1585202400000,0.1548,0.1548,0.1504,0.1512,415221.03,63291.95,0.15252
1585209600000,0.1513,0.1543,0.1512,0.1541,228429.83,34849.18,0.152763
1585216800000,0.1541,0.1559,0.1533,0.1543,286393.54,44354.77,0.154601
1585224000000,0.1542,0.1557,0.1527,0.1537,163855.94,25237.64,0.154202
1585231200000,0.1535,0.154,0.1518,0.1528,64619.24,9876.7,0.152894
1585238400000,0.1525,0.1553,0.1522,0.1544,78496.65,12047.64,0.153781
1585245600000,0.1545,0.1578,0.1545,0.1578,170436.78,26633.88,0.15615
1585252800000,0.1581,0.1594,0.1573,0.1586,143694.25,22784.65,0.15835
1585260000000,0.1586,0.1596,0.1573,0.1594,82880.3,13117.13,0.158433
1585267200000,0.1596,0.1616,0.1582,0.1588,569204.2,91434.92,0.15991
1585274400000,0.1586,0.1609,0.158,0.1609,135832.72,21705.8,0.159394
1585281600000,0.1611,0.1614,0.1538,0.154,522519.71,81435.67,0.157614
1585288800000,0.1539,0.1572,0.1539,0.1567,178249.45,27738.05,0.155605
1585296000000,0.1571,0.1571,0.1554,0.1554,219141.28,34206.6,0.15625
1585303200000,0.1551,0.1557,0.1532,0.1543,242792.06,37598.92,0.154443
1585310400000,0.1544,0.155,0.1537,0.1537,166238.27,25697.67,0.154373
1585317600000,0.1538,0.1565,0.1538,0.1563,36377.96,5642.95,0.155177
1585324800000,0.1563,0.1582,0.156,0.1574,187295.76,29499.53,0.157117
1585332000000,0.1572,0.1573,0.156,0.1563,114410.65,17945.33,0.156636
1585339200000,0.1561,0.1575,0.1554,0.1564,72850.22,11382.5,0.156451
1585346400000,0.1561,0.1561,0.1479,0.1496,480996.07,72493.4,0.151842
1585353600000,0.1493,0.1498,0.1453,0.1465,438785.48,64575.65,0.147512
1585360800000,0.1465,0.1487,0.1443,0.1444,288005.97,42257.65,0.146563
1585368000000,0.1445,0.1474,0.1441,0.1467,80966.08,11822.35,0.145769
1585375200000,0.1467,0.1472,0.1457,0.1468,21072.45,3084.08,0.14645
1585382400000,0.1468,0.1488,0.1468,0.1475,50877.43,7522.29,0.147821
1585389600000,0.1475,0.1475,0.146,0.1466,51894.22,7621.44,0.14672
1585396800000,0.1461,0.1473,0.1452,0.146,80566.64,11774.85,0.14625
1585404000000,0.1463,0.1483,0.1461,0.1478,46790.63,6890.88,0.14722
1585411200000,0.1474,0.1481,0.143,0.1431,189010.97,27360.37,0.145615
1585418400000,0.143,0.1476,0.1428,0.147,170978.31,24845.77,0.145242
1585425600000,0.1476,0.1498,0.1461,0.1493,61700.03,9133.37,0.147922
1585432800000,0.1498,0.1502,0.1485,0.1496,154864.55,23138.27,0.149349
1585440000000,0.15,0.15,0.148,0.1488,29050.88,4328.77,0.14896
1585447200000,0.1489,0.1508,0.1489,0.1507,54416.88,8146.97,0.149864
1585454400000,0.1509,0.1509,0.1497,0.1497,42028.85,6320.4,0.1503
1585461600000,0.1497,0.15,0.1486,0.149,14050.19,2097.03,0.149297
1585468800000,0.1486,0.1486,0.1466,0.1466,55855.7,8235.51,0.1476
1585476000000,0.1466,0.1484,0.1459,0.147,30401.63,4472.25,0.147152
1585483200000,0.1468,0.1486,0.1456,0.1485,25784.77,3800.99,0.147052
1585490400000,0.1486,0.149,0.1477,0.1482,60286.71,8960.77,0.148349
1585497600000,0.148,0.1484,0.1472,0.1477,45718.86,6752.35,0.147799
1585504800000,0.1475,0.1479,0.1437,0.1451,206053.23,29977.9,0.145756
1585512000000,0.1446,0.1463,0.1444,0.1449,112165.13,16264.81,0.145354
1585519200000,0.1444,0.1453,0.1439,0.1441,186917.15,27032.9,0.144604
1585526400000,0.1439,0.1453,0.1437,0.1448,66799.91,9656.2,0.144513
1585533600000,0.1452,0.1468,0.1449,0.1468,62782.17,9164.69,0.145818
1585540800000,0.1468,0.1508,0.1468,0.1504,136403.4,20354.05,0.148851
1585548000000,0.1506,0.1523,0.15,0.1515,59325.33,8956.35,0.151154
1585555200000,0.1517,0.1522,0.1501,0.1504,23574.72,3565.77,0.151161
1585562400000,0.1504,0.1516,0.1498,0.1516,275576.48,41402.11,0.150662
1585569600000,0.1514,0.1514,0.1492,0.1495,109212.55,16355.06,0.150266
1585576800000,0.1491,0.1527,0.1486,0.1512,142718.1,21499.0,0.150685
1585584000000,0.1508,0.1531,0.1501,0.1516,131182.48,19916.24,0.151607
1585591200000,0.1514,0.1525,0.151,0.1515,30791.11,4665.53,0.15175
1585598400000,0.1517,0.1551,0.1517,0.153,99597.75,15270.91,0.15344
1585605600000,0.1525,0.1528,0.1502,0.1504,88468.84,13422.19,0.15151
1585612800000,0.1505,0.152,0.1505,0.152,16572.47,2506.6,0.15125
1585620000000,0.1521,0.1523,0.1503,0.1512,38507.5,5814.38,0.151281
1585627200000,0.1512,0.1518,0.1509,0.1513,42963.49,6504.14,0.15135
1585634400000,0.1517,0.1526,0.1511,0.1526,23307.83,3545.52,0.15182
1585641600000,0.1527,0.153,0.1508,0.1508,109895.86,16660.69,0.151934
1585648800000,0.1507,0.1511,0.1499,0.1503,169740.51,25556.22,0.1505
1585656000000,0.1501,0.151,0.1497,0.15,56457.78,8481.08,0.15035
1585663200000,0.1505,0.1546,0.1505,0.1518,336112.34,51227.57,0.152586
1585670400000,0.1518,0.1522,0.1507,0.152,48656.1,7370.46,0.151448
1585677600000,0.152,0.1525,0.1516,0.1525,64732.64,9853.86,0.152033
1585684800000,0.1525,0.1537,0.1521,0.1525,64525.87,9843.53,0.1529
1585692000000,0.1523,0.1546,0.152,0.1529,105428.89,16147.38,0.153309
1585699200000,0.153,0.153,0.1499,0.1499,99124.56,14933.58,0.15145
1585706400000,0.1502,0.1513,0.1501,0.1513,46368.12,6977.33,0.150687
1585713600000,0.1511,0.1513,0.1498,0.1502,65165.69,9820.2,0.15054
1585720800000,0.1499,0.1505,0.1494,0.1503,17452.56,2619.53,0.149945
1585728000000,0.15,0.15,0.1489,0.1499,69627.45,10398.89,0.149449
1585735200000,0.1494,0.15,0.1492,0.15,114762.61,17161.29,0.149584
1585742400000,0.1504,0.1504,0.1483,0.1488,156673.13,23371.28,0.149308
1585749600000,0.149,0.1497,0.1487,0.1492,40046.87,5968.09,0.149201
1585756800000,0.1491,0.1491,0.1461,0.1465,109166.09,16081.33,0.147554
1585764000000,0.1464,0.1467,0.146,0.1465,34284.1,5021.15,0.146349
1585771200000,0.1461,0.1496,0.1461,0.1489,59011.07,8763.08,0.147917
1585778400000,0.1494,0.1545,0.1494,0.1518,239607.52,36436.95,0.152029
1585785600000,0.1521,0.1536,0.1495,0.1505,187015.24,28438.23,0.15156
1585792800000,0.1505,0.1522,0.1503,0.1517,127908.6,19370.18,0.151267
1585800000000,0.1518,0.1523,0.1511,0.1516,26877.69,4073.37,0.1517
1585807200000,0.1518,0.1528,0.1508,0.1522,44266.93,6719.63,0.151798
1585814400000,0.1517,0.1528,0.1514,0.152,66963.87,10196.77,0.152103
1585821600000,0.152,0.1527,0.1511,0.152,144560.66,21927.28,0.1519
1585828800000,0.1519,0.153,0.1513,0.1513,79064.94,12035.2,0.152168
1585836000000,0.1514,0.1551,0.1512,0.1548,505002.59,77607.32,0.153162
1585843200000,0.1547,0.1604,0.1544,0.1582,525621.55,82793.88,0.157488
1585850400000,0.1577,0.1579,0.1528,0.1536,245195.5,37998.39,0.155292
1585857600000,0.1531,0.1558,0.1515,0.1542,103878.52,15964.49,0.15365
1585864800000,0.1541,0.1555,0.1532,0.1543,87569.66,13515.03,0.15435
1585872000000,0.1544,0.1547,0.1532,0.154,76100.09,11694.98,0.153945
1585879200000,0.1538,0.1555,0.1536,0.1547,32260.64,4989.97,0.154568
1585886400000,0.1541,0.1547,0.1537,0.1543,33334.32,5133.94,0.1542
1585893600000,0.1541,0.1573,0.154,0.1566,190854.17,29885.34,0.1557
1585900800000,0.1569,0.1575,0.1555,0.157,159391.27,24971.72,0.1565
1585908000000,0.1573,0.1583,0.1566,0.1582,142309.93,22401.84,0.157427
1585915200000,0.1577,0.1579,0.155,0.1557,141117.62,22021.78,0.156416
1585922400000,0.1557,0.1558,0.1534,0.1539,71788.36,11079.01,0.154567
1585929600000,0.1539,0.1551,0.1515,0.1539,206008.66,31538.2,0.1533
1585936800000,0.1545,0.1568,0.1545,0.1559,117659.81,18334.9,0.155696
1585944000000,0.1558,0.1567,0.1543,0.1551,120297.38,18719.32,0.155501
1585951200000,0.1551,0.1563,0.1551,0.1554,61869.95,9629.15,0.155707
1585958400000,0.1551,0.157,0.1549,0.1559,54921.43,8554.64,0.155967
1585965600000,0.1557,0.1557,0.1531,0.1534,92939.2,14363.93,0.154364
1585972800000,0.1532,0.1546,0.1531,0.1546,9972.6,1532.0,0.153836
1585980000000,0.1542,0.1556,0.1537,0.1554,59185.33,9155.27,0.154633
1585987200000,0.1556,0.1574,0.1549,0.1568,61245.92,9535.86,0.156147
1585994400000,0.1569,0.1574,0.1527,0.1534,130183.01,20146.16,0.155034
1586001600000,0.1543,0.1564,0.1532,0.1562,78517.31,12105.74,0.154757
1586008800000,0.1561,0.1561,0.1542,0.155,89662.6,13891.82,0.155113
1586016000000,0.1551,0.1558,0.154,0.154,20944.34,3243.76,0.154936
1586023200000,0.1543,0.1553,0.1539,0.1542,39103.7,6039.01,0.1546
1586030400000,0.1547,0.1583,0.152,0.1559,153111.71,23735.94,0.155149
1586037600000,0.1559,0.1565,0.1545,0.1563,59191.91,9181.41,0.155494
1586044800000,0.1562,0.1567,0.1557,0.1564,63277.81,9887.68,0.156199
1586052000000,0.156,0.157,0.1555,0.1556,103878.88,16253.72,0.156258
1586059200000,0.1553,0.1565,0.1538,0.1552,41282.31,6408.29,0.15515
1586066400000,0.1551,0.1551,0.1546,0.1546,79021.31,12235.15,0.15485
1586073600000,0.1543,0.1553,0.1541,0.1548,61141.68,9446.93,0.154707
1586080800000,0.1545,0.155,0.1541,0.1544,30909.51,4777.82,0.15455
1586088000000,0.1543,0.1553,0.1542,0.1551,107235.65,16618.11,0.154758
1586095200000,0.155,0.1553,0.1546,0.1549,38735.2,5998.54,0.15495
1586102400000,0.1548,0.1557,0.153,0.1552,141148.87,21811.96,0.154346
1586109600000,0.1551,0.1559,0.155,0.155,16999.3,2643.94,0.155451
1586116800000,0.1547,0.1547,0.1531,0.1533,78308.27,12068.4,0.153876
1586124000000,0.1537,0.1546,0.1535,0.1536,75403.96,11609.27,0.154051
1586131200000,0.1536,0.1557,0.1532,0.1554,110060.28,17084.11,0.154443
1586138400000,0.1555,0.1556,0.1548,0.1555,39351.48,6115.1,0.1552
1586145600000,0.1556,0.1586,0.1556,0.1582,324078.46,51168.66,0.157146
1586152800000,0.1586,0.1601,0.1577,0.1588,209877.0,33337.72,0.1589
1586160000000,0.159,0.1607,0.159,0.1606,95323.78,15259.22,0.159864
1586167200000,0.1606,0.1627,0.1591,0.1623,319414.03,51389.74,0.160868
1586174400000,0.1627,0.1646,0.1616,0.1619,232815.83,38010.73,0.163114
1586181600000,0.162,0.1632,0.1608,0.163,133014.52,21488.58,0.161977
1586188800000,0.163,0.1691,0.163,0.1686,423836.66,70262.14,0.166117
1586196000000,0.1689,0.1694,0.166,0.1675,353857.29,59531.07,0.167678
1586203200000,0.1675,0.1679,0.164,0.1669,282256.11,46956.47,0.165943
1586210400000,0.1675,0.1698,0.1668,0.1692,173169.93,29164.03,0.168296
1586217600000,0.1694,0.1726,0.1683,0.1686,508246.09,86140.47,0.170463
1586224800000,0.1685,0.1709,0.1658,0.1709,152729.79,25579.91,0.168271
1586232000000,0.1707,0.171,0.1659,0.1701,203618.47,34415.28,0.168443
1586239200000,0.17,0.1756,0.1698,0.1752,549798.56,95211.33,0.172725
1586246400000,0.1753,0.1772,0.1749,0.177,596170.21,104905.97,0.176034
1586253600000,0.177,0.1819,0.1752,0.177,691825.52,123686.52,0.17855
1586260800000,0.177,0.1801,0.1736,0.1764,593579.25,104300.37,0.17685
1586268000000,0.1765,0.1765,0.172,0.1743,257863.02,44663.32,0.174177
1586275200000,0.174,0.18,0.1739,0.1797,311928.53,55626.18,0.176978
1586282400000,0.1796,0.1796,0.1742,0.1747,469876.77,82681.22,0.176835
1586289600000,0.1745,0.1745,0.1652,0.1714,878836.44,148300.53,0.169761
1586296800000,0.1713,0.1729,0.1688,0.1695,155972.34,26663.68,0.170873
1586304000000,0.1695,0.1697,0.1668,0.1675,83141.56,13999.54,0.168216
1586311200000,0.1677,0.1744,0.1677,0.1733,267166.37,45602.36,0.171166
1586318400000,0.1736,0.1747,0.1718,0.1747,178505.42,30934.75,0.173216
1586325600000,0.1747,0.1749,0.1713,0.1731,111396.95,19242.0,0.173058
1586332800000,0.1723,0.1731,0.17,0.1715,548863.35,94243.47,0.171544
1586340000000,0.1716,0.1719,0.1677,0.1708,594890.6,100887.87,0.169787
1586347200000,0.1712,0.1744,0.17,0.17,474058.93,81577.08,0.17223
1586354400000,0.1696,0.1739,0.1694,0.1739,214578.14,36989.75,0.17162
1586361600000,0.1739,0.1751,0.1728,0.1743,94793.99,16518.92,0.173949
1586368800000,0.1745,0.1745,0.1716,0.1732,321240.54,55695.61,0.173008
1586376000000,0.1733,0.1757,0.1733,0.1745,207613.61,36189.13,0.17454
1586383200000,0.1742,0.1776,0.1742,0.1773,218447.9,38473.52,0.175939
1586390400000,0.1773,0.1782,0.177,0.177,228064.03,40444.31,0.177607
1586397600000,0.177,0.1776,0.1749,0.175,161555.26,28514.22,0.17629
1586404800000,0.1749,0.178,0.1728,0.1778,276078.0,48089.65,0.17532
1586412000000,0.1778,0.1798,0.176,0.1774,365943.93,65125.03,0.177901
1586419200000,0.1778,0.1797,0.1768,0.1769,262491.81,46811.24,0.178272
1586426400000,0.1769,0.1778,0.1737,0.174,339871.74,59883.97,0.175793
1586433600000,0.1741,0.1782,0.1722,0.1777,243111.76,42390.81,0.175131
1586440800000,0.1779,0.1782,0.1762,0.1763,120920.22,21408.19,0.177219
1586448000000,0.1768,0.182,0.1768,0.1813,448484.37,80723.48,0.179481
1586455200000,0.1806,0.1816,0.1796,0.1799,132474.8,23885.02,0.180611
1586462400000,0.1801,0.1825,0.1796,0.1825,96607.95,17490.91,0.180998
1586469600000,0.1825,0.1904,0.1825,0.19,655419.3,122588.12,0.186508
1586476800000,0.1899,0.1903,0.1841,0.188,380973.11,71162.97,0.187158
1586484000000,0.1881,0.1921,0.1859,0.1878,752061.83,142259.92,0.189001
1586491200000,0.1875,0.1875,0.1707,0.1719,1969187.27,354206.96,0.178935
1586498400000,0.1724,0.1757,0.1683,0.1724,616157.22,106140.75,0.172
1586505600000,0.1717,0.1717,0.1665,0.1681,310985.14,52439.75,0.168991
1586512800000,0.168,0.1709,0.1679,0.1696,104082.77,17633.72,0.169446
1586520000000,0.1696,0.1696,0.1669,0.1678,163663.56,27551.77,0.168194
1586527200000,0.1678,0.1685,0.1612,0.1632,348170.4,57353.28,0.164778
1586534400000,0.1628,0.1709,0.1622,0.1695,200471.39,33722.47,0.16662
1586541600000,0.1694,0.1725,0.167,0.1696,258083.49,43780.87,0.16975
1586548800000,0.1696,0.17,0.1685,0.1687,75405.22,12776.02,0.16926
1586556000000,0.1685,0.1696,0.1667,0.169,45829.62,7715.52,0.168146
1586563200000,0.1689,0.1723,0.1671,0.1697,423423.97,71667.01,0.169702
1586570400000,0.17,0.1718,0.1691,0.1718,234505.34,39925.35,0.170394
1586577600000,0.1719,0.1729,0.1714,0.1721,126848.65,21875.01,0.172151
1586584800000,0.1717,0.1736,0.1709,0.1718,90470.27,15549.8,0.17225
1586592000000,0.1718,0.1721,0.1683,0.1691,115276.52,19565.28,0.170164
1586599200000,0.1687,0.1695,0.1681,0.1691,49596.22,8382.81,0.168798
1586606400000,0.1695,0.1707,0.1683,0.1687,108985.46,18455.37,0.169511
1586613600000,0.1688,0.1702,0.1678,0.1696,57749.59,9758.17,0.168994
1586620800000,0.1697,0.1722,0.1666,0.1693,290399.59,49243.59,0.1694
1586628000000,0.1693,0.1712,0.1671,0.1687,290820.71,49141.97,0.169151
1586635200000,0.1681,0.1717,0.1656,0.1711,314848.54,52812.61,0.168589
1586642400000,0.1715,0.1723,0.1712,0.1715,180136.06,30927.45,0.17175
1586649600000,0.1716,0.1719,0.1694,0.1702,72983.6,12420.01,0.170629
1586656800000,0.17,0.1701,0.1672,0.1672,83062.61,13994.87,0.168665
1586664000000,0.1673,0.1731,0.1662,0.1693,543178.46,92420.8,0.169679
1586671200000,0.1693,0.1693,0.1673,0.1685,101682.68,17090.59,0.168275
1586678400000,0.1686,0.1691,0.1682,0.1691,23493.42,3958.54,0.168633
1586685600000,0.169,0.1715,0.1686,0.1707,155818.21,26465.28,0.170069
1586692800000,0.1706,0.1725,0.1701,0.1711,160812.63,27517.81,0.171305
1586700000000,0.1713,0.1744,0.171,0.1742,139910.42,24260.51,0.172689
1586707200000,0.1742,0.1762,0.1711,0.1746,736410.91,127791.98,0.173649
1586714400000,0.1749,0.1762,0.1708,0.1754,147312.34,25692.07,0.173496
1586721600000,0.1757,0.1761,0.1722,0.1747,130262.63,22658.43,0.174132
1586728800000,0.1747,0.1748,0.1672,0.1682,334361.95,56785.02,0.170899
1586736000000,0.1676,0.1677,0.161,0.1637,330104.59,54271.47,0.16423
1586743200000,0.1634,0.166,0.1624,0.1652,114830.55,18833.45,0.164193
1586750400000,0.1649,0.1665,0.1646,0.1648,73364.14,12129.38,0.16555
1586757600000,0.165,0.1653,0.1633,0.164,61579.19,10106.86,0.164287
1586764800000,0.1644,0.1646,0.1622,0.1624,32073.07,5242.16,0.1634
1586772000000,0.1624,0.1695,0.1624,0.1664,81915.92,13622.96,0.166084
1586779200000,0.1661,0.1661,0.162,0.162,113346.58,18621.26,0.16405
1586786400000,0.1621,0.1666,0.1621,0.1658,123538.8,20389.75,0.164431
1586793600000,0.1654,0.1659,0.1635,0.1638,38866.36,6396.65,0.164712
1586800800000,0.1638,0.1657,0.1638,0.1645,24803.24,4085.14,0.164771
1586808000000,0.1644,0.1677,0.1644,0.1662,101594.22,16880.51,0.16611
1586815200000,0.166,0.1677,0.166,0.1673,51445.82,8574.39,0.166884
1586822400000,0.167,0.1677,0.1665,0.1677,33748.09,5633.07,0.167077
1586829600000,0.1677,0.1694,0.1677,0.1693,66158.21,11150.69,0.168564
1586836800000,0.1694,0.1708,0.1692,0.1704,80481.5,13669.55,0.170011
1586844000000,0.1707,0.1713,0.1689,0.1695,88204.07,15031.15,0.1701
1586851200000,0.1695,0.1706,0.1685,0.1706,164075.96,27867.23,0.169513
1586858400000,0.1704,0.1712,0.169,0.1709,97109.54,16525.45,0.170093
1586865600000,0.1709,0.1743,0.1708,0.1735,120378.27,20799.47,0.172606
1586872800000,0.1736,0.1745,0.1726,0.1735,101362.92,17584.67,0.17355
1586880000000,0.1735,0.1742,0.1722,0.1723,100586.17,17413.43,0.17323
1586887200000,0.1723,0.173,0.1712,0.1719,35408.63,6095.32,0.1721
1586894400000,0.1715,0.1721,0.169,0.169,104808.74,17834.74,0.170608
1586901600000,0.1694,0.1712,0.169,0.1707,61857.68,10524.33,0.170105
1586908800000,0.1703,0.1703,0.1677,0.1703,99119.16,16727.96,0.169
1586916000000,0.1703,0.171,0.17,0.171,39205.24,6684.4,0.170479
1586923200000,0.1712,0.1714,0.1695,0.1697,34848.11,5946.48,0.17045
1586930400000,0.1702,0.1705,0.1692,0.1697,10625.21,1804.69,0.169846
1586937600000,0.1695,0.1697,0.1681,0.1688,12291.76,2077.51,0.168887
1586944800000,0.1682,0.1692,0.1666,0.1672,86698.46,14515.07,0.167908
1586952000000,0.1672,0.1675,0.1638,0.1662,145261.4,24035.11,0.16563
1586959200000,0.166,0.1675,0.166,0.1662,48047.94,8014.49,0.166753
1586966400000,0.1661,0.1696,0.1656,0.1692,34309.97,5750.46,0.167591
1586973600000,0.1695,0.17,0.1689,0.1689,27121.42,4593.55,0.16947
1586980800000,0.1686,0.1699,0.1685,0.1688,67600.34,11449.25,0.169203
1586988000000,0.1688,0.1688,0.1635,0.1637,120426.59,19936.05,0.16612
1586995200000,0.1637,0.1637,0.1587,0.1629,340561.3,54752.68,0.161186
1587002400000,0.1629,0.163,0.1614,0.1621,109155.34,17691.61,0.16218
1587009600000,0.1621,0.1623,0.1612,0.1617,41153.55,6654.61,0.161745
1587016800000,0.1618,0.172,0.1616,0.1676,486516.22,81396.45,0.166977
1587024000000,0.1683,0.178,0.1683,0.1742,1537297.96,267862.93,0.173344
1587031200000,0.1744,0.176,0.1712,0.1723,1289970.28,223791.54,0.173613
1587038400000,0.1723,0.1734,0.1702,0.1703,341537.07,58718.88,0.171854
1587045600000,0.1707,0.1729,0.169,0.1722,299957.88,50955.88,0.170931
1587052800000,0.1725,0.1727,0.1695,0.172,152165.68,26112.19,0.171093
1587060000000,0.1718,0.1735,0.1703,0.1726,64905.73,11156.28,0.171895
1587067200000,0.1723,0.1737,0.1699,0.1716,143201.08,24585.79,0.171799
1587074400000,0.1721,0.1746,0.1721,0.1732,306677.41,53186.78,0.173386
1587081600000,0.1732,0.174,0.1719,0.1738,117668.22,20371.69,0.172939
1587088800000,0.1735,0.1739,0.1726,0.1738,91046.25,15763.7,0.173245
1587096000000,0.1727,0.1727,0.1697,0.1707,149642.29,25580.58,0.171138
1587103200000,0.1706,0.1706,0.1696,0.1696,65070.17,11078.4,0.1701
1587110400000,0.1699,0.1735,0.1696,0.1731,83911.43,14467.98,0.17156
1587117600000,0.1727,0.1728,0.1711,0.1714,58779.55,10105.45,0.171933
1587124800000,0.1717,0.1722,0.1707,0.1719,77669.86,13310.98,0.171448
1587132000000,0.1722,0.1734,0.1712,0.1718,170825.69,29454.33,0.172303
1587139200000,0.1715,0.1721,0.1714,0.172,18537.47,3183.68,0.17175
1587146400000,0.1721,0.1739,0.1718,0.1736,101909.49,17617.36,0.17285
1587153600000,0.1737,0.1738,0.1724,0.1724,41692.54,7225.96,0.173114
1587160800000,0.173,0.1747,0.1719,0.1722,72711.73,12606.62,0.173315
1587168000000,0.1718,0.1745,0.1718,0.1745,78155.6,13526.44,0.17315
1587175200000,0.1745,0.175,0.1742,0.175,78900.23,13790.1,0.174584
1587182400000,0.175,0.1759,0.1743,0.1753,142739.2,25000.7,0.1751
1587189600000,0.1757,0.1757,0.1745,0.1747,57112.33,10007.65,0.175079
1587196800000,0.1745,0.1754,0.1745,0.1747,23767.01,4151.01,0.174954
1587204000000,0.1749,0.1751,0.1736,0.175,347056.78,60444.75,0.174349
1587211200000,0.1748,0.1797,0.1747,0.1789,359400.66,63694.28,0.177271
1587218400000,0.1798,0.1798,0.1752,0.1797,640704.23,113741.43,0.1775
1587225600000,0.1797,0.1798,0.1756,0.1759,161604.39,28620.06,0.177674
1587232800000,0.1764,0.178,0.1754,0.1773,52791.79,9320.71,0.176695
1587240000000,0.1778,0.1787,0.1778,0.1783,86892.95,15501.33,0.178267
1587247200000,0.1781,0.1808,0.1781,0.1791,180057.93,32315.51,0.17948
1587254400000,0.1793,0.1795,0.1765,0.1769,185559.17,32959.24,0.177981
1587261600000,0.177,0.1789,0.1768,0.1786,74449.33,13253.51,0.177858
1587268800000,0.1781,0.179,0.1748,0.1749,100065.68,17698.64,0.176968
1587276000000,0.1755,0.178,0.1755,0.177,107312.5,19011.15,0.176799
1587283200000,0.1766,0.178,0.1763,0.178,56649.95,10017.49,0.177119
1587290400000,0.178,0.1782,0.1769,0.1779,36972.59,6566.67,0.177549
1587297600000,0.1779,0.1781,0.1734,0.1734,116189.21,20360.36,0.17578
1587304800000,0.1734,0.1752,0.1721,0.1746,100837.88,17510.99,0.173636
1587312000000,0.1746,0.1764,0.1744,0.1763,52728.64,9244.8,0.175389
1587319200000,0.176,0.1762,0.1744,0.1744,28568.01,5004.15,0.175325
1587326400000,0.1744,0.1748,0.1725,0.1737,83519.57,14491.28,0.173641
1587333600000,0.1735,0.1735,0.1707,0.1712,207288.98,35767.95,0.172049
1587340800000,0.171,0.174,0.1701,0.1735,302971.65,52104.74,0.172027
1587348000000,0.1735,0.1746,0.1731,0.1737,54157.62,9405.43,0.173851
1587355200000,0.1739,0.1751,0.1726,0.1727,89812.69,15624.18,0.173884
1587362400000,0.1728,0.1736,0.1721,0.1735,33011.58,5702.0,0.172833
1587369600000,0.1735,0.1736,0.172,0.1736,76197.64,13152.34,0.172799
1587376800000,0.1732,0.1735,0.1695,0.1695,171113.25,29251.46,0.171541
1587384000000,0.1692,0.1715,0.1671,0.1711,207420.73,34955.41,0.169258
1587391200000,0.1707,0.1738,0.1703,0.1738,74929.54,12934.68,0.172001
1587398400000,0.1734,0.1742,0.1667,0.1675,170016.68,28828.01,0.17045
1587405600000,0.1669,0.1696,0.165,0.165,294646.7,49109.98,0.16736
1587412800000,0.165,0.169,0.1645,0.1673,67024.5,11231.75,0.166792
1587420000000,0.1675,0.1701,0.1674,0.1677,71855.13,12119.09,0.168752
1587427200000,0.167,0.1699,0.1669,0.1686,20594.94,3477.06,0.168446
1587434400000,0.1687,0.1702,0.1673,0.1697,99779.25,16845.07,0.168736
1587441600000,0.17,0.17,0.1681,0.1691,61418.31,10382.86,0.16902
1587448800000,0.169,0.1701,0.1682,0.1683,79515.51,13493.3,0.169168
1587456000000,0.1687,0.1687,0.1644,0.1661,55781.96,9288.48,0.166464
1587463200000,0.166,0.1675,0.164,0.1649,56089.2,9281.93,0.165758
1587470400000,0.1646,0.1657,0.1639,0.1644,87529.88,14423.91,0.164801
1587477600000,0.1645,0.1673,0.1636,0.1656,94110.92,15593.49,0.165459
1587484800000,0.1655,0.17,0.1655,0.1686,326065.17,54786.85,0.167844
1587492000000,0.1686,0.1717,0.1686,0.1695,443171.51,75406.12,0.170174
1587499200000,0.1693,0.171,0.1686,0.1703,135461.67,22912.51,0.1698
1587506400000,0.171,0.1712,0.1683,0.1683,59764.43,10178.02,0.169778
1587513600000,0.1689,0.1707,0.1688,0.1692,40716.56,6888.06,0.169754
1587520800000,0.1695,0.1701,0.1692,0.1692,24232.82,4110.16,0.169659
1587528000000,0.169,0.1705,0.1686,0.1703,34659.48,5882.27,0.169537
1587535200000,0.1701,0.1715,0.1696,0.1709,67356.91,11470.96,0.170552
1587542400000,0.1709,0.1711,0.1698,0.1701,160449.53,27355.4,0.170445
1587549600000,0.1701,0.1701,0.1691,0.1695,64157.61,10881.28,0.16958
1587556800000,0.1698,0.172,0.1686,0.1712,81406.12,13834.06,0.170291
1587564000000,0.1715,0.1729,0.1709,0.172,110975.95,19079.51,0.171902
1587571200000,0.1724,0.173,0.171,0.171,97473.46,16780.52,0.172042
1587578400000,0.171,0.1717,0.1704,0.171,83069.24,14201.73,0.17105
1587585600000,0.1713,0.1727,0.1702,0.1706,41226.43,7059.1,0.17146
1587592800000,0.1702,0.1716,0.1701,0.1711,68040.43,11614.66,0.17087
1587600000000,0.1714,0.1737,0.1697,0.1737,545449.03,93142.3,0.171623
1587607200000,0.173,0.173,0.1704,0.171,73264.82,12561.45,0.171648
1587614400000,0.1705,0.1733,0.1705,0.1707,132012.43,22614.69,0.171902
1587621600000,0.1704,0.1711,0.1691,0.1709,109101.42,18525.25,0.170091
1587628800000,0.1709,0.1712,0.1696,0.1705,53523.29,9102.89,0.170395
1587636000000,0.1708,0.1725,0.1699,0.1721,32743.02,5590.67,0.171183
1587643200000,0.1728,0.1742,0.1712,0.1733,158595.23,27416.24,0.172698
1587650400000,0.1736,0.181,0.1736,0.1766,786332.06,138675.04,0.177394
1587657600000,0.1766,0.1777,0.1739,0.1766,144435.17,25324.65,0.1758
1587664800000,0.1766,0.1768,0.1748,0.1755,151824.23,26677.45,0.17578
1587672000000,0.1755,0.1789,0.1755,0.1776,82731.2,14678.18,0.177269
1587679200000,0.1773,0.1776,0.1745,0.1753,92305.77,16243.65,0.176021
1587686400000,0.1761,0.178,0.1753,0.1771,85489.64,15124.49,0.176652
1587693600000,0.177,0.1794,0.177,0.1788,132378.2,23641.02,0.178249
1587700800000,0.1786,0.1788,0.1768,0.1768,32688.91,5811.39,0.177825
1587708000000,0.1767,0.1804,0.1764,0.1795,148708.45,26590.87,0.178442
1587715200000,0.1793,0.1812,0.1775,0.1792,244636.13,44042.85,0.17935
1587722400000,0.1789,0.1808,0.1777,0.1785,257566.86,46155.83,0.179252
1587729600000,0.1786,0.1786,0.1758,0.1782,240433.71,42598.82,0.177194
1587736800000,0.1783,0.1833,0.1749,0.1826,518240.67,93057.2,0.179005
1587744000000,0.1826,0.1892,0.1826,0.1891,626340.25,116420.81,0.185916
1587751200000,0.1891,0.1897,0.1848,0.1852,548868.25,103038.32,0.187269
1587758400000,0.1852,0.1866,0.1843,0.1866,120173.89,22290.67,0.185404
1587765600000,0.1866,0.1871,0.1845,0.1855,98929.47,18350.4,0.185788
1587772800000,0.1851,0.1851,0.1812,0.1827,345653.98,63193.01,0.183072
1587787200000,0.1823,0.1859,0.1822,0.1853,47395.96,8726.91,0.184099
1587794400000,0.1853,0.1869,0.1849,0.1859,234159.81,43553.8,0.185907
1587801600000,0.1855,0.1856,0.1841,0.1851,106933.05,19778.54,0.184842
1587808800000,0.1857,0.1865,0.184,0.1843,66772.0,12403.84,0.185271
1587816000000,0.1843,0.1878,0.1839,0.1873,273017.71,50643.29,0.185859
1587823200000,0.1879,0.1897,0.1847,0.1847,401917.36,75312.84,0.187303
1587830400000,0.1843,0.1861,0.1797,0.1835,333382.83,61070.7,0.182896
1587837600000,0.1839,0.1857,0.1833,0.1857,41925.81,7731.88,0.184451
1587844800000,0.1858,0.1859,0.1825,0.1834,53806.32,9902.89,0.184143
1587852000000,0.1834,0.1854,0.1834,0.1846,45648.41,8431.76,0.18444
1587859200000,0.1845,0.1865,0.1837,0.1849,286498.9,53006.15,0.185102
1587866400000,0.1849,0.1874,0.1849,0.1873,244358.89,45563.65,0.186165
1587873600000,0.1873,0.1873,0.1849,0.1853,88422.65,16438.1,0.186058
1587880800000,0.1853,0.1866,0.1853,0.1854,38808.95,7218.16,0.185951
1587888000000,0.1854,0.1859,0.1849,0.1859,62340.56,11546.91,0.185383
1587895200000,0.186,0.1915,0.1859,0.1909,202719.52,38242.34,0.188759
1587902400000,0.1909,0.1936,0.1886,0.1922,439799.5,84076.22,0.191092
1587909600000,0.1923,0.1925,0.1855,0.1885,206097.97,38993.42,0.188889
1587916800000,0.1885,0.193,0.1882,0.1908,867674.44,166191.34,0.190658
1587924000000,0.1908,0.1949,0.1907,0.1949,305749.31,58890.74,0.192784
1587931200000,0.1945,0.1985,0.1945,0.1978,428489.02,84508.35,0.196572
1587938400000,0.1978,0.199,0.1939,0.1986,368985.94,72616.95,0.196439
1587945600000,0.199,0.2099,0.1981,0.2098,1149034.61,233932.36,0.203894
1587952800000,0.2099,0.2113,0.205,0.2091,1007587.35,210124.92,0.208145
1587960000000,0.2092,0.2093,0.2017,0.2017,466482.03,95674.41,0.205516
1587967200000,0.202,0.2098,0.2005,0.2075,721712.44,148400.71,0.205188
1587974400000,0.2074,0.208,0.2011,0.2038,316034.85,64712.96,0.204473
1587981600000,0.2036,0.2093,0.2006,0.2057,444428.44,91224.45,0.204954
1587988800000,0.2058,0.2081,0.2007,0.2026,339551.57,69253.38,0.20441
1587996000000,0.2026,0.2053,0.1971,0.2035,655880.06,131976.41,0.201194
1588003200000,0.2035,0.205,0.2008,0.2049,548167.72,111366.02,0.202863
1588010400000,0.205,0.2114,0.2023,0.2114,935248.08,193338.0,0.20666
1588017600000,0.2114,0.2175,0.2108,0.2116,1262140.45,270741.72,0.214151
1588024800000,0.2116,0.2118,0.2051,0.2066,515136.63,107388.75,0.208345
1588032000000,0.2066,0.207,0.2008,0.201,284185.18,58248.99,0.203926
1588039200000,0.201,0.2026,0.199,0.2016,514273.43,103375.06,0.200797
1588046400000,0.2014,0.202,0.1986,0.2019,237823.62,47487.38,0.200293
1588053600000,0.202,0.2022,0.1993,0.2002,211039.69,42503.97,0.200713
1588060800000,0.2001,0.2013,0.1996,0.2009,123354.28,24761.41,0.200447
1588068000000,0.2008,0.2043,0.1997,0.2033,221614.4,44705.59,0.201996
1588075200000,0.2033,0.2073,0.202,0.207,243028.89,49652.05,0.204581
1588082400000,0.207,0.2072,0.2016,0.2052,217525.99,44444.55,0.204355
1588089600000,0.2051,0.2064,0.2036,0.2045,53429.9,10950.18,0.205002
1588096800000,0.2042,0.2062,0.2042,0.2057,39674.01,8160.22,0.205241
1588104000000,0.2056,0.2069,0.2045,0.2054,81849.29,16852.27,0.2057
1588111200000,0.2052,0.2057,0.2035,0.2041,74422.6,15241.62,0.204597
1588118400000,0.2041,0.2058,0.2039,0.2039,52324.92,10714.63,0.204852
1588125600000,0.2036,0.2062,0.2019,0.2038,261151.63,52936.36,0.20405
1588132800000,0.204,0.2058,0.2033,0.2048,73197.0,14979.78,0.204554
1588140000000,0.2048,0.2064,0.2038,0.2041,131981.79,27041.22,0.205112
1588147200000,0.2044,0.2045,0.203,0.2032,91005.5,18535.1,0.20374
1588154400000,0.2031,0.2088,0.2023,0.2082,614757.96,126500.75,0.205532
1588161600000,0.2082,0.2113,0.2063,0.2076,726722.38,151784.32,0.208803
1588168800000,0.2077,0.2099,0.2076,0.2091,152903.38,31912.42,0.208786
1588176000000,0.2094,0.2151,0.2087,0.212,681689.11,144235.27,0.211952
1588183200000,0.2125,0.213,0.2088,0.2118,394130.66,83328.39,0.210891
1588190400000,0.2116,0.2137,0.2106,0.2129,276536.58,58635.89,0.212145
1588197600000,0.2127,0.2135,0.2105,0.2132,111999.82,23756.54,0.211993
1588204800000,0.2135,0.2207,0.2129,0.2181,651464.6,142020.42,0.216895
1588212000000,0.2181,0.2202,0.2165,0.2187,296001.91,64660.06,0.21835
1588219200000,0.2187,0.2191,0.2158,0.2191,198684.65,43268.64,0.217445
1588226400000,0.219,0.219,0.2057,0.211,924981.93,195523.72,0.212086
1588233600000,0.2106,0.2118,0.198,0.198,688635.39,140087.86,0.205058
1588240800000,0.198,0.2051,0.1937,0.2019,513177.16,102498.91,0.199383
1588248000000,0.2018,0.2033,0.1992,0.2021,235515.75,47459.19,0.201249
1588255200000,0.203,0.2053,0.2011,0.2021,162529.67,33148.79,0.203208
1588262400000,0.2019,0.2019,0.194,0.1962,382850.92,75524.23,0.197785
1588269600000,0.1964,0.2032,0.1964,0.2032,192399.41,38638.21,0.1998
1588276800000,0.203,0.204,0.1997,0.2015,105205.33,21261.12,0.201837
1588284000000,0.2014,0.2022,0.1973,0.1982,93523.82,18708.71,0.199744
1588291200000,0.1986,0.2057,0.1981,0.2044,279070.56,56785.31,0.201968
1588298400000,0.2041,0.205,0.2026,0.2047,117103.42,23868.82,0.20379
1588305600000,0.2048,0.2079,0.2047,0.2062,240731.94,49521.17,0.20634
1588312800000,0.2058,0.2067,0.2043,0.2058,72220.3,14853.9,0.2055
1588320000000,0.2058,0.2103,0.2053,0.2103,228319.01,47658.47,0.207737
1588327200000,0.2101,0.2113,0.2066,0.2091,127439.4,26714.49,0.208943
1588334400000,0.2087,0.2101,0.2053,0.2053,120500.9,25070.21,0.2078
1588341600000,0.2051,0.2077,0.2048,0.2063,78056.19,16063.12,0.206275
1588348800000,0.206,0.2098,0.2046,0.2095,80600.96,16749.07,0.20713
1588356000000,0.2095,0.2098,0.2065,0.2097,49747.17,10371.58,0.208149
1588363200000,0.21,0.2111,0.2073,0.2096,69533.8,14597.07,0.209198
1588370400000,0.2091,0.2144,0.2091,0.2136,62988.33,13411.51,0.211838
1588377600000,0.2135,0.217,0.2123,0.2164,265993.26,57245.9,0.214618
1588384800000,0.2164,0.2178,0.2144,0.2145,312855.54,67610.89,0.216155
1588392000000,0.2145,0.2145,0.2113,0.2123,109620.42,23321.77,0.212833
1588399200000,0.2123,0.213,0.2108,0.2113,85076.45,18047.28,0.211905
1588406400000,0.211,0.2121,0.2094,0.2108,138698.43,29190.89,0.21075
1588413600000,0.2108,0.2142,0.2106,0.2133,182304.69,38802.54,0.212448
1588420800000,0.2135,0.2147,0.213,0.2147,49098.06,10487.14,0.213814
1588428000000,0.2148,0.2153,0.2125,0.2128,181545.29,38806.96,0.213915
1588435200000,0.2132,0.2154,0.2132,0.2152,123657.01,26560.43,0.214326
1588442400000,0.215,0.215,0.2111,0.2117,183199.92,38791.91,0.212985
1588449600000,0.2116,0.2151,0.2114,0.215,89932.2,19154.92,0.213237
1588456800000,0.2148,0.2154,0.2138,0.2142,119028.57,25524.92,0.214604
1588464000000,0.2141,0.2157,0.2128,0.2139,100386.54,21498.23,0.21425
1588471200000,0.2139,0.215,0.2136,0.2143,36479.66,7811.11,0.214304
1588478400000,0.2146,0.2151,0.2128,0.2131,16706.06,3579.12,0.213962
1588485600000,0.213,0.2136,0.2095,0.2134,99583.88,21034.32,0.211546
1588492800000,0.2129,0.2135,0.2101,0.2119,57612.59,12179.59,0.211787
1588500000000,0.2116,0.2124,0.2106,0.2117,13860.33,2929.32,0.2115
1588507200000,0.211,0.211,0.2075,0.2091,103350.37,21614.73,0.209186
1588514400000,0.2078,0.2088,0.198,0.2041,479061.85,97576.42,0.203323
1588521600000,0.2048,0.2061,0.2037,0.2038,101589.62,20856.37,0.204927
1588528800000,0.2038,0.2059,0.2029,0.205,95398.17,19477.63,0.2044
1588536000000,0.2046,0.2059,0.2042,0.2054,16740.04,3429.3,0.205053
1588543200000,0.2056,0.2083,0.2056,0.2063,51940.06,10725.09,0.206967
1588550400000,0.2061,0.2065,0.195,0.1951,232224.81,46211.22,0.200794
1588557600000,0.1959,0.2004,0.1959,0.2002,88009.39,17517.51,0.19818
1588564800000,0.1999,0.2001,0.1916,0.1941,168277.97,32742.13,0.195699
1588572000000,0.1942,0.1968,0.1936,0.1966,74177.74,14492.36,0.195167
1588579200000,0.197,0.2017,0.197,0.1982,88662.46,17715.01,0.199379
1588586400000,0.1981,0.1981,0.1954,0.1959,53899.32,10578.53,0.1967
1588593600000,0.1956,0.2039,0.1956,0.2035,105648.75,21161.2,0.199809
1588600800000,0.2036,0.2058,0.2021,0.2056,124469.26,25487.95,0.203899
1588608000000,0.2058,0.2072,0.2045,0.2056,114643.99,23576.47,0.20585
1588615200000,0.2056,0.2067,0.2041,0.2042,26054.65,5336.8,0.205439
1588622400000,0.2054,0.2072,0.2051,0.207,50849.07,10508.4,0.206142
1588629600000,0.207,0.2071,0.2026,0.204,58978.89,12067.09,0.204769
1588636800000,0.2046,0.2046,0.2028,0.2035,22888.87,4672.02,0.203664
1588644000000,0.2031,0.2031,0.2008,0.2026,13044.95,2630.64,0.201939
1588651200000,0.2026,0.2056,0.2026,0.2047,41389.36,8463.46,0.204163
1588658400000,0.2043,0.2054,0.2039,0.2042,21554.25,4409.44,0.20465
1588665600000,0.2045,0.205,0.204,0.204,33234.91,6798.14,0.204517
1588672800000,0.204,0.204,0.1995,0.2022,83012.73,16767.36,0.201694
1588680000000,0.2013,0.2026,0.1999,0.2012,143260.74,28783.41,0.20125
1588687200000,0.2013,0.2017,0.1996,0.201,43400.54,8694.6,0.200647
1588694400000,0.202,0.2042,0.202,0.2037,44829.0,9112.54,0.203144
1588701600000,0.2039,0.204,0.2027,0.2031,23012.76,4674.45,0.203334
1588708800000,0.2032,0.2057,0.2024,0.2046,50146.24,10216.53,0.204057
1588716000000,0.2049,0.2065,0.2039,0.2065,76042.94,15590.38,0.205148
1588723200000,0.2065,0.2066,0.203,0.2049,44868.92,9173.53,0.204753
1588730400000,0.2052,0.2071,0.2044,0.2052,56462.94,11628.06,0.20575
1588737600000,0.2055,0.2075,0.2055,0.207,34090.13,7058.13,0.206541
1588744800000,0.2075,0.2094,0.2073,0.208,49979.04,10409.85,0.208359
1588752000000,0.2078,0.2087,0.2063,0.2064,83620.68,17350.18,0.207537
1588759200000,0.2067,0.2145,0.2067,0.2141,209301.62,44335.58,0.210658
1588766400000,0.2134,0.2152,0.2103,0.2149,223609.6,47626.88,0.212716
1588773600000,0.2146,0.2174,0.2135,0.2156,346498.15,74839.33,0.215456
1588780800000,0.2152,0.2153,0.2127,0.2139,66524.92,14231.98,0.213963
1588788000000,0.2138,0.2184,0.2137,0.2137,251342.12,54214.79,0.21605
1588795200000,0.2138,0.217,0.2131,0.2155,100816.88,21626.91,0.21507
1588802400000,0.2157,0.2185,0.2083,0.2102,248606.37,52951.69,0.213435
1588809600000,0.2094,0.2529,0.2057,0.247,4133052.19,971075.5,0.229507
1588816800000,0.2475,0.2478,0.2365,0.2384,1243101.48,300285.84,0.241995
1588824000000,0.2375,0.2492,0.2368,0.2487,877951.56,213518.21,0.242974
1588831200000,0.2486,0.2625,0.245,0.2453,3081892.05,783350.24,0.253811
1588838400000,0.2458,0.2482,0.2429,0.2437,549212.26,134742.44,0.245583
1588845600000,0.2441,0.2508,0.2429,0.2503,689347.6,170070.86,0.246786
1588852800000,0.2509,0.2535,0.2401,0.2446,1317201.02,324979.95,0.246744
1588860000000,0.2443,0.2478,0.2374,0.2478,941506.28,227070.02,0.242499
1588867200000,0.248,0.2676,0.2442,0.2671,1741002.93,448133.43,0.25557
1588874400000,0.2671,0.2798,0.2613,0.2736,1844396.43,498605.49,0.270556
1588881600000,0.2745,0.2888,0.265,0.286,1707142.96,474921.9,0.276692
1588888800000,0.2864,0.3439,0.285,0.3014,10721111.66,3376337.33,0.314789
1588896000000,0.3013,0.3278,0.3007,0.3104,4900606.22,1533897.7,0.314494
1588903200000,0.3104,0.3295,0.3067,0.3283,2151777.32,685689.46,0.317872
1588910400000,0.3283,0.3375,0.3152,0.3167,3079204.96,1006338.4,0.326629
1588917600000,0.317,0.3221,0.3022,0.3143,2724555.3,844899.53,0.312134
1588924800000,0.315,0.323,0.3129,0.3139,1045416.55,332010.82,0.31796
1588932000000,0.3142,0.325,0.312,0.319,1339747.17,426307.98,0.318567
1588939200000,0.319,0.3561,0.312,0.349,4286795.86,1446425.52,0.334057
1588946400000,0.3484,0.4977,0.3436,0.3884,24019267.55,9860601.2,0.421545
1588953600000,0.3885,0.47,0.3881,0.4348,12244789.66,5274815.14,0.430561
1588960800000,0.4353,0.4395,0.3913,0.3955,3664032.88,1523558.33,0.4154
1588968000000,0.3955,0.4279,0.3955,0.4099,4358471.02,1800457.11,0.412168
1588975200000,0.4095,0.4168,0.3872,0.3943,2113553.04,851816.03,0.402007
1588982400000,0.3942,0.4135,0.3718,0.4028,4800654.96,1865244.1,0.392587
1588989600000,0.4022,0.4026,0.3843,0.3886,1916692.24,754889.03,0.393138
1588996800000,0.3885,0.3972,0.3765,0.3907,2056318.66,793867.99,0.386842
1589004000000,0.3916,0.4645,0.3903,0.4273,11513818.58,5023191.97,0.428503
1589011200000,0.427,0.4437,0.4249,0.4319,4140187.43,1798716.6,0.434384
1589018400000,0.4318,0.4516,0.4266,0.4333,2698379.89,1181649.4,0.439106
1589025600000,0.4323,0.49,0.4299,0.469,8728726.97,4062952.83,0.460906
1589032800000,0.4686,0.4698,0.432,0.4445,5356509.0,2396804.13,0.450261
1589040000000,0.4445,0.4461,0.4322,0.441,1890278.15,830117.2,0.439092
1589047200000,0.4412,0.4413,0.4183,0.4342,2225039.39,955290.37,0.429613
1589054400000,0.4342,0.4454,0.4301,0.4361,1617360.33,707439.68,0.43776
1589061600000,0.4362,0.4456,0.4226,0.4226,1528431.47,664802.1,0.43455
1589068800000,0.4232,0.4717,0.3599,0.4429,11895370.09,5023379.75,0.415665
1589076000000,0.4429,0.4533,0.4027,0.4296,6149352.67,2631833.62,0.427855
1589083200000,0.4294,0.4392,0.4157,0.4293,2718746.2,1163534.24,0.42745
1589090400000,0.4292,0.44,0.4183,0.4209,1879648.81,805022.26,0.429306
1589097600000,0.4195,0.4268,0.4109,0.422,1883704.86,788457.33,0.418838
1589104800000,0.4218,0.4263,0.4056,0.4138,1975017.57,823780.25,0.415878
1589112000000,0.4138,0.4192,0.3875,0.3884,2374763.76,948308.62,0.40378
1589119200000,0.3884,0.397,0.3776,0.3861,2992140.91,1158939.12,0.3873
1589126400000,0.3861,0.3879,0.3471,0.3646,4491943.06,1637337.5,0.366914
1589133600000,0.3656,0.371,0.3577,0.3621,1290496.72,472401.62,0.364359
1589140800000,0.3633,0.4145,0.3624,0.4024,6101368.15,2407192.58,0.389368
1589148000000,0.4029,0.4071,0.3877,0.3958,2349679.46,935764.56,0.397332
1589155200000,0.3952,0.4057,0.39,0.3924,1603384.37,637420.88,0.397882
1589162400000,0.392,0.3958,0.3736,0.3787,1888580.72,725353.86,0.384636
1589169600000,0.3787,0.3898,0.3685,0.3897,1306751.2,494117.34,0.378789
1589176800000,0.3893,0.4,0.3839,0.396,1027980.57,402021.07,0.391918
1589184000000,0.3958,0.398,0.3707,0.3712,1453410.08,556264.14,0.384566
1589191200000,0.371,0.3975,0.3692,0.3855,2212748.31,852388.45,0.383708
1589198400000,0.3857,0.3894,0.3701,0.3725,1785680.64,678147.13,0.379836
1589205600000,0.3737,0.386,0.3668,0.3764,1596471.93,599874.27,0.376407
1589212800000,0.3759,0.3776,0.3552,0.3622,1705495.93,625717.07,0.366127
1589220000000,0.3634,0.3682,0.3351,0.3657,4083419.15,1433982.12,0.351634
1589227200000,0.3649,0.367,0.3424,0.3472,1997796.85,706527.16,0.354499
1589234400000,0.3475,0.3508,0.34,0.3439,1587807.01,547707.22,0.345391
1589241600000,0.3433,0.3549,0.3414,0.3427,1908140.71,662374.26,0.348153
1589248800000,0.3423,0.3454,0.3308,0.3353,2009180.5,679117.67,0.338057
1589256000000,0.3346,0.3477,0.3339,0.3423,1838022.31,627481.27,0.340998
1589263200000,0.3427,0.3498,0.3351,0.3394,1991367.94,680499.72,0.342468
1589270400000,0.3389,0.3741,0.3384,0.3669,3287824.79,1177958.45,0.356859
1589277600000,0.3669,0.3835,0.363,0.3721,3320485.24,1237314.25,0.373311
1589284800000,0.3721,0.3741,0.3555,0.3686,1663610.91,607093.26,0.36475
1589292000000,0.3681,0.374,0.3629,0.3668,1394162.02,513413.71,0.368453
1589299200000,0.3667,0.368,0.3563,0.3576,1186762.62,428489.01,0.36215
1589306400000,0.3576,0.3665,0.3572,0.3603,849725.34,308413.64,0.361912
1589313600000,0.3603,0.3658,0.3575,0.3599,647178.58,234233.62,0.361651
1589320800000,0.36,0.3616,0.3541,0.3556,832190.6,298342.63,0.357855
1589328000000,0.3558,0.3558,0.3464,0.3513,1406765.22,493881.9,0.350951
1589335200000,0.3517,0.3544,0.3452,0.351,914101.2,319623.8,0.349798
1589342400000,0.3504,0.351,0.3414,0.343,1043787.98,360348.78,0.346113
1589349600000,0.3429,0.3525,0.3422,0.3496,1074005.37,374912.94,0.34748
1589356800000,0.3496,0.3668,0.348,0.3659,1873865.95,669721.3,0.357319
1589364000000,0.3659,0.376,0.3618,0.3659,2260843.48,833201.37,0.3689
1589371200000,0.3664,0.3667,0.3554,0.36,1778831.7,642491.22,0.360863
1589378400000,0.3602,0.362,0.3509,0.3559,1386807.5,493601.94,0.356388
1589385600000,0.3561,0.3623,0.3507,0.3618,1383565.78,493034.65,0.356343
1589392800000,0.3617,0.3619,0.3544,0.3565,371324.06,132811.79,0.35802
1589400000000,0.3565,0.3597,0.346,0.35,1868252.06,654988.6,0.352826
1589407200000,0.3495,0.3551,0.3465,0.3475,845476.54,297091.11,0.350832
1589414400000,0.348,0.3522,0.3459,0.348,627993.63,219157.66,0.34905
1589421600000,0.3473,0.3529,0.3459,0.3499,432189.13,151150.51,0.349429
1589428800000,0.3499,0.3629,0.3475,0.36,1102656.68,391134.2,0.35523
1589436000000,0.3602,0.366,0.3551,0.3559,1689441.86,609347.93,0.360651
1589443200000,0.3566,0.3566,0.3471,0.35,1663193.02,584055.3,0.351651
1589450400000,0.3504,0.3533,0.3357,0.3509,1961424.68,679446.63,0.344499
1589457600000,0.3516,0.352,0.3423,0.3445,782012.74,270698.62,0.347011
1589464800000,0.3444,0.3468,0.3403,0.3426,649230.83,223176.73,0.343551
1589472000000,0.3419,0.351,0.3404,0.3425,727057.36,251273.18,0.345703
1589479200000,0.343,0.3464,0.34,0.3462,644774.81,220582.81,0.343107
1589486400000,0.3456,0.3488,0.338,0.338,765500.24,261562.46,0.343626
1589493600000,0.3382,0.3438,0.3373,0.3429,595570.22,202816.96,0.34055
1589500800000,0.3429,0.361,0.3422,0.3544,2588870.65,911342.82,0.351904
1589508000000,0.3545,0.3558,0.3395,0.3503,1624429.53,564074.8,0.34757
1589515200000,0.3496,0.3544,0.3464,0.3544,887660.86,312219.15,0.350242
1589522400000,0.3539,0.3546,0.3485,0.3494,504173.12,177001.26,0.351534
1589529600000,0.3488,0.3664,0.3464,0.366,2697497.12,966312.3,0.356173
1589536800000,0.366,0.425,0.3631,0.4002,13578340.35,5391918.61,0.394955
1589544000000,0.4002,0.4082,0.3851,0.4048,3993859.59,1579876.03,0.396591
1589551200000,0.4052,0.4065,0.3901,0.395,3151510.08,1252391.53,0.398107
1589558400000,0.3945,0.3999,0.3892,0.3949,1996481.4,785299.47,0.39455
1589565600000,0.3947,0.4198,0.3935,0.4076,5593950.21,2278715.79,0.407002
1589572800000,0.4067,0.4071,0.3809,0.4009,3172143.04,1249390.09,0.393878
1589580000000,0.4009,0.4028,0.3786,0.3825,2439519.8,948771.17,0.390531
1589587200000,0.3823,0.3971,0.38,0.3873,1956318.85,761963.6,0.388632
1589594400000,0.3873,0.3971,0.3871,0.3918,1292471.17,506781.76,0.392236
1589601600000,0.3908,0.3929,0.382,0.3823,1442318.35,559187.03,0.387611
1589608800000,0.3827,0.3946,0.3817,0.3934,1379781.67,535958.46,0.388171
1589616000000,0.3929,0.4125,0.3922,0.3975,3683483.61,1483451.5,0.402443
1589623200000,0.3981,0.4016,0.392,0.3936,1053161.91,417272.74,0.396855
1589630400000,0.3936,0.4001,0.3904,0.3923,1143821.28,451922.97,0.39526
1589637600000,0.3923,0.3926,0.384,0.39,1073350.56,416125.93,0.388248
1589644800000,0.3899,0.395,0.3825,0.3872,1230035.98,477830.14,0.388752
1589652000000,0.3867,0.3901,0.3833,0.3868,784704.37,303436.67,0.3867
1589659200000,0.3866,0.3888,0.3825,0.3848,679004.47,261667.35,0.385649
1589666400000,0.3842,0.3881,0.3825,0.3834,720332.22,277233.43,0.385308
1589673600000,0.3829,0.3863,0.3778,0.3803,1059026.92,403979.21,0.382061
1589680800000,0.3803,0.384,0.3785,0.3823,676192.57,257710.73,0.381248
1589688000000,0.3827,0.3879,0.3815,0.3873,771631.83,297043.67,0.384656
1589695200000,0.387,0.393,0.3861,0.3893,798470.37,310860.4,0.38959
1589702400000,0.3896,0.3905,0.3828,0.3836,629147.94,243473.73,0.386659
1589709600000,0.3831,0.3913,0.3831,0.3851,972121.84,376590.1,0.387247
1589716800000,0.3851,0.3856,0.381,0.383,1145905.7,438936.21,0.383259
1589724000000,0.3834,0.3866,0.3825,0.3845,707955.72,272215.35,0.384561
1589731200000,0.385,0.3855,0.3826,0.3844,349889.69,134445.63,0.384043
1589738400000,0.3845,0.3854,0.383,0.385,304900.82,117165.91,0.384194
1589745600000,0.3848,0.3857,0.3799,0.382,756143.79,289529.95,0.382763
1589752800000,0.3813,0.3814,0.3705,0.3729,2490825.02,934948.47,0.375749
1589760000000,0.3729,0.3859,0.3728,0.3779,2671967.74,1017569.42,0.379499
1589767200000,0.3779,0.3805,0.3741,0.3774,896356.32,338877.87,0.377299
1589774400000,0.3774,0.38,0.373,0.3743,667244.99,251628.12,0.376534
1589781600000,0.3745,0.3759,0.3706,0.3742,758669.41,283140.19,0.373249
1589788800000,0.3746,0.3748,0.3645,0.3656,930087.74,342756.0,0.369544
1589796000000,0.3664,0.3723,0.3654,0.3711,631725.77,233647.98,0.368863
1589803200000,0.372,0.3845,0.3713,0.3841,1398406.47,527735.62,0.37786
1589810400000,0.3841,0.3845,0.3717,0.374,1306623.31,495378.37,0.377925
1589817600000,0.3741,0.3764,0.3706,0.3743,377160.97,140953.14,0.3735
1589824800000,0.3733,0.3738,0.3651,0.3707,1276919.41,471772.2,0.369392
1589832000000,0.3706,0.3725,0.3675,0.3699,495922.9,183436.54,0.369999
1589839200000,0.3694,0.374,0.3694,0.3711,329759.26,122719.51,0.371751
1589846400000,0.3718,0.3719,0.3664,0.3677,277124.58,102100.02,0.369053
1589853600000,0.3673,0.3675,0.36,0.3611,741174.46,270161.53,0.363657
1589860800000,0.3616,0.3633,0.3588,0.363,548837.78,198011.55,0.361019
1589868000000,0.3635,0.3659,0.3632,0.365,412835.62,150469.79,0.364575
1589875200000,0.3646,0.3689,0.3638,0.3655,430553.82,157543.77,0.36636
1589882400000,0.3659,0.3666,0.3605,0.3635,819656.31,297784.17,0.363504
1589889600000,0.3635,0.3636,0.3588,0.3626,640551.59,231025.86,0.361184
1589896800000,0.3626,0.3655,0.3615,0.3635,474883.16,172599.66,0.363506
1589904000000,0.3634,0.3635,0.3551,0.3588,735459.39,264601.02,0.359154
1589911200000,0.3594,0.3616,0.3581,0.3584,383561.99,137891.29,0.35987
1589918400000,0.3584,0.3609,0.3581,0.36,271172.82,97500.39,0.359527
1589925600000,0.36,0.3615,0.3578,0.3588,374183.6,134437.63,0.359657
1589932800000,0.3587,0.3707,0.3582,0.3702,1385045.64,507886.36,0.36445
1589940000000,0.3702,0.3708,0.3635,0.3638,705419.95,259757.44,0.367186
1589947200000,0.3634,0.3681,0.3618,0.3654,484676.5,176977.63,0.364964
1589954400000,0.3653,0.3671,0.3615,0.3641,423089.25,154059.87,0.364295
1589961600000,0.3642,0.3843,0.3633,0.3785,2718726.26,1026130.72,0.374121
1589968800000,0.3787,0.3825,0.372,0.3728,1191054.3,448300.87,0.377379
1589976000000,0.3728,0.3804,0.3721,0.3747,715231.19,269284.61,0.376283
1589983200000,0.3747,0.3795,0.35,0.3548,2374153.9,871587.87,0.36475
1589990400000,0.3548,0.3629,0.3523,0.3573,1068235.28,381841.83,0.357622
1589997600000,0.3573,0.3585,0.3545,0.3552,483682.88,172517.6,0.356519
1590004800000,0.3554,0.3587,0.3536,0.3565,406951.95,144974.76,0.356152
1590012000000,0.3569,0.3608,0.3542,0.3608,690363.47,246074.13,0.357371
1590019200000,0.3603,0.3668,0.3593,0.3613,746306.63,271027.89,0.36306
1590026400000,0.3611,0.3622,0.3554,0.3561,408342.55,146718.13,0.358831
1590033600000,0.3561,0.3581,0.3543,0.3575,289618.09,103191.77,0.356179
1590040800000,0.3575,0.3599,0.3562,0.3582,323552.65,115796.76,0.358052
1590048000000,0.3579,0.3593,0.3511,0.3511,632051.31,223936.3,0.355345
1590055200000,0.351,0.3542,0.35,0.3541,448762.21,158109.26,0.352029
1590062400000,0.3541,0.3541,0.3469,0.3492,519859.71,182451.04,0.350349
1590069600000,0.3494,0.3498,0.3294,0.3376,1845519.06,623894.15,0.339244
1590076800000,0.3369,0.3404,0.3218,0.3236,1678980.69,558997.52,0.331225
1590084000000,0.323,0.3299,0.3082,0.3299,2501839.21,801820.1,0.318858
1590091200000,0.3299,0.3375,0.3257,0.3312,762232.12,252330.31,0.331603
1590098400000,0.3315,0.333,0.3216,0.3232,1111358.23,365397.89,0.327292
1590105600000,0.3226,0.3365,0.3157,0.3353,939718.97,306627.89,0.325807
1590112800000,0.3358,0.3363,0.3246,0.3259,444236.92,147295.94,0.330363
1590120000000,0.3254,0.3292,0.3241,0.3246,249623.59,81643.66,0.32666
1590127200000,0.3241,0.3282,0.3201,0.3216,719100.89,232810.64,0.324182
1590134400000,0.3216,0.3275,0.3214,0.327,879414.6,285912.02,0.324487
1590141600000,0.3273,0.3498,0.3273,0.3368,1983587.18,674032.85,0.338853
1590148800000,0.3368,0.3429,0.3344,0.3373,803564.29,272155.28,0.338651
1590156000000,0.3372,0.3374,0.3305,0.3311,813171.07,271308.24,0.333901
1590163200000,0.332,0.3419,0.3311,0.3339,1355097.68,455244.92,0.336528
1590170400000,0.3345,0.3368,0.3315,0.3329,489967.16,163954.16,0.33416
1590177600000,0.333,0.3404,0.331,0.3403,563596.94,188943.2,0.335531
1590184800000,0.3407,0.3414,0.3334,0.3337,367193.8,123792.27,0.337447
1590192000000,0.3338,0.3364,0.3336,0.335,350139.21,117377.72,0.335029
1590199200000,0.3347,0.3369,0.3346,0.3353,401379.6,134673.84,0.335763
1590206400000,0.3353,0.341,0.3353,0.3401,471023.44,158786.91,0.338247
1590213600000,0.3405,0.3407,0.336,0.3365,301097.02,101656.59,0.338317
1590220800000,0.336,0.3366,0.3273,0.3295,945969.29,312928.47,0.331839
1590228000000,0.3285,0.3297,0.3254,0.3293,475592.15,155668.12,0.327538
1590235200000,0.329,0.33,0.3229,0.3254,699272.85,228086.6,0.326398
1590242400000,0.325,0.3297,0.3242,0.3278,469124.28,153381.89,0.326988
1590249600000,0.3273,0.3298,0.3266,0.3271,393926.84,129224.53,0.328201
1590256800000,0.3267,0.3278,0.3246,0.3267,132574.32,43288.63,0.3262
1590264000000,0.3266,0.329,0.3255,0.3281,223808.37,73296.08,0.327245
1590271200000,0.3283,0.335,0.3262,0.3262,677718.06,223927.12,0.330648
1590278400000,0.3264,0.3356,0.3264,0.3334,931681.86,308906.59,0.331186
1590285600000,0.3339,0.3345,0.3317,0.3322,173308.25,57696.95,0.333105
1590292800000,0.3322,0.3325,0.329,0.3298,212042.89,70095.33,0.330717
1590300000000,0.3304,0.3329,0.3299,0.3319,352464.24,116791.97,0.331417
1590307200000,0.3319,0.3329,0.33,0.3322,268018.99,88840.72,0.331448
1590314400000,0.3324,0.3363,0.326,0.3266,959409.11,318840.03,0.331292
1590321600000,0.3262,0.3303,0.3241,0.325,466467.65,152570.94,0.327215
1590328800000,0.3248,0.326,0.3189,0.3196,501478.83,161810.11,0.322489
1590336000000,0.3189,0.319,0.31,0.3132,1166485.2,366084.12,0.314327
1590343200000,0.3132,0.3173,0.3105,0.3162,506541.95,158780.22,0.313859
1590350400000,0.3156,0.3182,0.3139,0.3139,357083.15,112738.11,0.316103
1590357600000,0.3142,0.3142,0.3005,0.3005,976212.04,301712.96,0.30735
1590364800000,0.301,0.3102,0.2998,0.3057,609975.11,186217.06,0.305089
1590372000000,0.3057,0.3069,0.304,0.3069,207395.68,63316.65,0.305412
1590379200000,0.3069,0.3093,0.3064,0.3082,242419.54,74625.04,0.307866
1590386400000,0.3082,0.311,0.3075,0.3106,303919.34,93905.61,0.30923
1590393600000,0.3106,0.3206,0.3101,0.3165,1041760.61,329781.54,0.315504
1590400800000,0.3162,0.3282,0.3155,0.3216,886895.08,286054.18,0.32199
1590408000000,0.3215,0.3239,0.3184,0.3225,460450.71,147680.93,0.321143
1590415200000,0.323,0.324,0.3156,0.319,545500.81,173960.69,0.319728
1590422400000,0.319,0.3278,0.3184,0.3258,543695.69,175487.9,0.323205
1590429600000,0.3256,0.3278,0.3225,0.3235,519344.66,169288.98,0.325175
1590436800000,0.3233,0.3237,0.3199,0.3223,370643.45,119182.75,0.321782
1590444000000,0.3224,0.323,0.3197,0.3197,217826.45,69871.81,0.32141
1590451200000,0.3202,0.3239,0.3173,0.3231,475946.21,152744.18,0.320547
1590458400000,0.3231,0.3295,0.323,0.3285,487655.91,159083.46,0.326344
1590465600000,0.3285,0.36,0.3279,0.343,3476153.07,1203147.64,0.344391
1590472800000,0.343,0.3575,0.3334,0.342,2362527.72,816629.97,0.345451
1590480000000,0.3422,0.3513,0.3373,0.3374,1292884.3,444268.66,0.344436
1590487200000,0.3374,0.338,0.3291,0.3304,1425048.86,474377.95,0.333486
1590494400000,0.33,0.3499,0.3291,0.3426,1693944.51,575633.24,0.339823
1590501600000,0.3431,0.3496,0.335,0.3364,1471907.08,504923.48,0.342442
1590508800000,0.3361,0.3508,0.3356,0.3495,813754.98,279518.77,0.343296
1590516000000,0.3495,0.3611,0.3426,0.3515,2354156.0,827452.59,0.351854
1590523200000,0.3508,0.36,0.3496,0.3531,822876.43,292407.28,0.354835
1590530400000,0.3531,0.3531,0.3447,0.3474,524390.1,182369.34,0.348724
1590537600000,0.3473,0.354,0.3461,0.3514,628361.7,220252.27,0.350101
1590544800000,0.3524,0.3541,0.3474,0.3506,335163.71,117711.39,0.350736
1590552000000,0.3505,0.3542,0.3469,0.3538,386222.75,135587.83,0.350464
1590559200000,0.354,0.3544,0.3484,0.3493,262124.18,92090.69,0.351355
1590566400000,0.3493,0.3501,0.3397,0.342,767765.56,263290.69,0.344795
1590573600000,0.342,0.3449,0.332,0.3327,1065322.08,358883.38,0.338614
1590580800000,0.3325,0.3378,0.3324,0.3357,502306.53,168221.79,0.335196
1590588000000,0.3351,0.3355,0.3281,0.3355,703033.64,233577.85,0.331797
1590595200000,0.3351,0.3384,0.3344,0.3347,514940.08,173181.35,0.336404
1590602400000,0.3347,0.3364,0.334,0.3346,277477.26,93017.64,0.3352
1590609600000,0.3345,0.3433,0.334,0.3347,684997.42,231740.23,0.33865
1590616800000,0.3345,0.3376,0.3339,0.3364,182679.1,61343.29,0.335771
1590624000000,0.3359,0.3409,0.3338,0.3395,221764.57,74688.15,0.337326
1590631200000,0.3388,0.339,0.3354,0.3354,183497.17,61810.44,0.337229
1590638400000,0.3352,0.3394,0.3339,0.3389,406599.04,136630.69,0.336599
1590645600000,0.3389,0.349,0.3382,0.3441,1012728.81,348630.45,0.343729
1590652800000,0.3445,0.3453,0.3401,0.3415,345591.07,118662.18,0.342673
1590660000000,0.3419,0.3424,0.3361,0.3378,553202.46,187474.56,0.339179
1590667200000,0.3384,0.3393,0.3333,0.3354,397582.68,133728.67,0.33626
1590674400000,0.3354,0.3365,0.3312,0.3353,464623.71,155211.0,0.33385
1590681600000,0.3359,0.3359,0.333,0.3334,316506.4,105700.44,0.334404
1590688800000,0.3333,0.3341,0.3304,0.3324,250352.23,83240.68,0.332241
1590696000000,0.3324,0.3346,0.3315,0.3341,159593.08,53139.28,0.333034
1590703200000,0.3341,0.3357,0.3303,0.3328,402365.62,134094.36,0.332993
1590710400000,0.3332,0.3386,0.3324,0.3384,336291.46,112618.82,0.335436
1590717600000,0.3386,0.339,0.3353,0.3361,201270.67,67844.76,0.337124
1590724800000,0.3365,0.3433,0.3359,0.3427,285892.58,97195.72,0.3396
1590732000000,0.3428,0.3434,0.3385,0.3386,278573.41,94937.0,0.341006
1590739200000,0.3385,0.3395,0.3341,0.3376,532981.79,179450.12,0.336791
1590746400000,0.3371,0.3384,0.3317,0.3362,348432.81,116640.62,0.335043
1590753600000,0.3357,0.3377,0.3351,0.3372,141822.32,47701.81,0.336395
1590760800000,0.3376,0.3422,0.3365,0.3368,534316.55,181080.66,0.339361
1590768000000,0.3373,0.3376,0.3335,0.3358,282876.88,94818.05,0.335515
1590775200000,0.3355,0.339,0.3333,0.3374,172524.19,58119.26,0.336141
1590782400000,0.3374,0.3378,0.3313,0.3318,216794.15,72417.72,0.334539
1590789600000,0.3313,0.3338,0.3287,0.3327,335116.18,110799.58,0.331236
1590796800000,0.3325,0.3327,0.3291,0.3314,139767.72,46296.46,0.330875
1590804000000,0.3317,0.3318,0.329,0.3308,117906.83,38917.22,0.330377
1590811200000,0.3308,0.3369,0.3296,0.3369,341280.82,113778.97,0.333123
1590818400000,0.3369,0.3382,0.3348,0.3355,252314.47,84882.32,0.336513
1590825600000,0.336,0.3419,0.3356,0.3419,298418.42,101014.19,0.338694
1590832800000,0.3418,0.3419,0.3348,0.3358,409760.45,138258.23,0.338252
1590840000000,0.3361,0.3377,0.3352,0.3367,263523.51,88626.14,0.336451
1590847200000,0.3372,0.3399,0.3348,0.3388,219165.94,73993.7,0.337334
1590854400000,0.3387,0.3393,0.3341,0.3367,553055.4,185808.49,0.336662
1590861600000,0.3367,0.339,0.3347,0.3375,216765.97,73112.76,0.336848
1590868800000,0.3374,0.3379,0.3321,0.3334,332333.03,111018.05,0.334946
1590876000000,0.3329,0.3384,0.3322,0.3373,821237.87,275343.77,0.335329
1590883200000,0.337,0.3389,0.3294,0.3315,553146.26,184704.53,0.334141
1590890400000,0.3315,0.3344,0.3291,0.3326,311045.37,103481.26,0.331747
1590897600000,0.332,0.3332,0.33,0.3311,142327.0,47187.65,0.331601
1590904800000,0.3314,0.3342,0.3306,0.3338,158074.45,52524.74,0.332375
1590912000000,0.3335,0.3356,0.3327,0.3328,257757.9,86107.19,0.334165
1590919200000,0.3334,0.3339,0.3314,0.3325,171898.69,57195.91,0.33264
1590926400000,0.333,0.3334,0.3292,0.3317,267628.25,88680.45,0.331274
1590933600000,0.332,0.3349,0.3241,0.3251,901876.75,296683.6,0.329608
1590940800000,0.3258,0.3297,0.325,0.3292,236775.85,77482.97,0.327327
1590948000000,0.3297,0.3298,0.3263,0.3274,106090.1,34786.98,0.327989
1590955200000,0.3266,0.3275,0.3155,0.3206,859524.2,274451.39,0.32136
1590962400000,0.3206,0.3234,0.3107,0.3164,800867.84,253060.2,0.317009
1590969600000,0.3162,0.323,0.3137,0.3223,302050.27,96464.68,0.318242
1590976800000,0.3214,0.3229,0.3194,0.3211,131019.39,42018.17,0.32115
1590984000000,0.3217,0.3283,0.3217,0.3251,464651.74,150862.45,0.325114
1590991200000,0.3251,0.3263,0.3241,0.3263,177162.62,57619.01,0.32516
1590998400000,0.3263,0.3309,0.326,0.3294,391598.31,128628.23,0.328517
1591005600000,0.33,0.333,0.3245,0.3271,435324.88,143189.55,0.328756
1591012800000,0.3274,0.3307,0.3263,0.3289,205987.94,67691.43,0.32851
1591020000000,0.3294,0.3325,0.3281,0.3324,276250.68,91286.97,0.330221
1591027200000,0.3324,0.334,0.3289,0.3314,222515.52,73882.15,0.331446
1591034400000,0.3316,0.3332,0.3306,0.3317,225524.61,74831.05,0.3319
1591041600000,0.3319,0.3328,0.3268,0.3309,398570.16,131473.21,0.329789
1591048800000,0.3313,0.3359,0.3228,0.3337,1332282.87,441632.3,0.329323
1591056000000,0.3333,0.3348,0.3302,0.3312,357818.77,118600.93,0.332514
1591063200000,0.3314,0.3418,0.3309,0.3413,388382.27,130678.79,0.33635
1591070400000,0.3418,0.3578,0.3418,0.3431,3509633.03,1227896.58,0.349812
1591077600000,0.3432,0.3515,0.3374,0.3404,1571282.84,539484.02,0.344476
1591084800000,0.3405,0.3435,0.3373,0.339,565544.5,192614.53,0.34041
1591092000000,0.3386,0.3397,0.338,0.338,378708.57,128261.1,0.338868
1591099200000,0.3384,0.3514,0.3382,0.3468,1224704.49,422346.19,0.345048
1591106400000,0.3465,0.3476,0.3084,0.3186,3264269.74,1050914.4,0.32734
1591113600000,0.318,0.3334,0.3157,0.3334,1051569.61,340693.63,0.324282
1591120800000,0.3339,0.3345,0.3251,0.3287,435577.86,142728.13,0.329676
1591128000000,0.3293,0.3293,0.325,0.3264,174420.39,57029.58,0.32706
1591135200000,0.327,0.3273,0.323,0.3257,235409.63,76532.13,0.325122
1591142400000,0.3258,0.3308,0.3248,0.3308,264030.92,86896.55,0.327695
1591149600000,0.3307,0.3307,0.3269,0.3288,117177.97,38581.05,0.328737
1591156800000,0.3295,0.3355,0.3283,0.333,287124.26,95171.25,0.331941
1591164000000,0.333,0.3342,0.3274,0.3274,252857.78,83425.68,0.330922
1591171200000,0.328,0.3343,0.3276,0.3308,228135.57,75433.27,0.331021
1591178400000,0.3317,0.333,0.3298,0.3309,213717.05,70729.83,0.331402
1591185600000,0.3313,0.3325,0.3269,0.3282,350752.63,115460.42,0.329696
1591192800000,0.3288,0.3299,0.3261,0.328,225739.94,73933.85,0.327996
1591200000000,0.3274,0.3318,0.3273,0.3286,214372.79,70659.11,0.329578
1591207200000,0.3285,0.3311,0.325,0.3296,319483.97,104750.83,0.328042
1591214400000,0.3291,0.3332,0.3278,0.332,158876.05,52681.55,0.330496
1591221600000,0.332,0.3326,0.3282,0.3298,201705.77,66534.31,0.330367
1591228800000,0.3299,0.3315,0.3286,0.33,234396.75,77386.86,0.33005
1591236000000,0.3298,0.3317,0.3286,0.3306,414773.47,136913.62,0.330149
1591243200000,0.3307,0.3348,0.3293,0.3326,452168.17,149998.44,0.332062
1591250400000,0.3328,0.3329,0.328,0.3302,298597.18,98348.34,0.33037
1591257600000,0.3308,0.331,0.325,0.3274,334124.37,109384.3,0.327904
1591264800000,0.327,0.3285,0.3193,0.3259,710495.59,230146.4,0.323891
1591272000000,0.3259,0.3294,0.3251,0.3273,335912.45,109932.94,0.327268
1591279200000,0.3282,0.3284,0.3266,0.3278,129153.05,42303.7,0.327494
1591286400000,0.3271,0.3298,0.3245,0.327,531421.61,173978.69,0.32715
1591293600000,0.3272,0.3283,0.3238,0.324,212190.54,68972.04,0.326115
1591300800000,0.3239,0.3273,0.3225,0.3246,217238.97,70456.59,0.324903
1591308000000,0.3245,0.3284,0.3244,0.3263,176433.56,57738.88,0.326453
1591315200000,0.3264,0.3283,0.3255,0.3275,138150.34,45200.24,0.326898
1591322400000,0.328,0.3286,0.3273,0.3283,84309.73,27649.66,0.327947
1591329600000,0.3283,0.3291,0.3277,0.3281,92497.22,30375.67,0.328401
1591336800000,0.3285,0.3289,0.3266,0.327,208602.57,68355.76,0.32775
1591344000000,0.3267,0.3291,0.3243,0.3266,295371.96,96461.17,0.3267
1591351200000,0.3266,0.3273,0.3215,0.3237,468833.79,152138.35,0.32435
1591358400000,0.323,0.3256,0.3227,0.3252,189010.93,61292.74,0.324158
1591365600000,0.3252,0.3258,0.3215,0.3236,127998.96,41466.67,0.323623
1591372800000,0.3232,0.3254,0.3226,0.3246,98963.32,32048.32,0.324007
1591380000000,0.3243,0.3248,0.3234,0.3245,45472.71,14742.47,0.324098
1591387200000,0.3251,0.3251,0.3212,0.3224,86020.24,27755.92,0.323068
1591394400000,0.3223,0.3246,0.3205,0.3206,129171.57,41644.59,0.322599
1591401600000,0.3206,0.3219,0.3198,0.3201,151908.78,48681.31,0.320857
1591408800000,0.32,0.3224,0.3185,0.3217,217381.09,69519.96,0.32043
1591416000000,0.3217,0.3225,0.3207,0.3212,75450.71,24273.76,0.321603
1591423200000,0.3214,0.3224,0.321,0.3218,67031.29,21556.36,0.321702
1591430400000,0.3213,0.3224,0.3211,0.3218,165127.6,53143.08,0.321758
1591437600000,0.3217,0.323,0.3212,0.3216,63924.87,20581.23,0.3221
1591444800000,0.3223,0.3228,0.3195,0.3195,229510.34,73657.04,0.321205
1591452000000,0.3194,0.3292,0.3193,0.3282,711394.02,229829.79,0.324361
1591459200000,0.3282,0.3293,0.3246,0.3249,285235.68,93156.54,0.327006
1591466400000,0.3251,0.3275,0.3251,0.3255,231332.88,75494.38,0.326307
1591473600000,0.3258,0.3275,0.3253,0.3265,151752.82,49542.53,0.326406
1591480800000,0.3259,0.3268,0.3225,0.3246,274939.56,89109.85,0.324636
1591488000000,0.3245,0.3255,0.3224,0.3248,68747.47,22278.01,0.323948
1591495200000,0.3253,0.3269,0.3238,0.3244,98894.1,32213.21,0.325361
1591502400000,0.3244,0.3251,0.3235,0.3239,64078.46,20781.49,0.324304
1591509600000,0.3235,0.3289,0.3234,0.3286,194669.25,63499.78,0.326177
1591516800000,0.3286,0.3286,0.3261,0.3271,153007.11,50044.64,0.327301
1591524000000,0.3277,0.328,0.3244,0.3246,132706.27,43349.88,0.326211
1591531200000,0.3241,0.3252,0.313,0.3135,978161.05,312375.12,0.31917
1591538400000,0.3136,0.3174,0.3097,0.3168,485473.71,151940.73,0.313476
1591545600000,0.3167,0.3176,0.3142,0.316,115512.72,36454.49,0.315895
1591552800000,0.3164,0.3205,0.3158,0.3191,353882.59,112646.71,0.318186
1591560000000,0.3191,0.3218,0.3176,0.3199,210181.48,67279.19,0.319702
1591567200000,0.3205,0.3231,0.3204,0.322,260913.36,83959.57,0.321792
1591574400000,0.3219,0.323,0.3217,0.3221,41153.89,13267.1,0.322352
1591581600000,0.3219,0.3225,0.3192,0.3205,159296.91,51083.49,0.320834
1591588800000,0.3209,0.3209,0.3187,0.3197,100863.75,32228.66,0.31976
1591596000000,0.3192,0.3199,0.3179,0.3188,151663.38,48346.83,0.318899
1591603200000,0.3191,0.3209,0.317,0.3191,248114.74,79078.18,0.31895
1591610400000,0.3191,0.3204,0.3188,0.3204,109059.37,34861.96,0.31957
1591617600000,0.3204,0.3205,0.3181,0.3187,210121.09,67159.64,0.319264
1591624800000,0.3184,0.3221,0.3182,0.3218,213373.78,68434.85,0.320162
1591632000000,0.3218,0.322,0.318,0.3186,366212.01,116995.5,0.319962
1591639200000,0.3186,0.3193,0.3177,0.3179,62838.43,20005.8,0.318513
1591646400000,0.3176,0.3187,0.317,0.3176,87502.46,27813.59,0.31785
1591653600000,0.3182,0.3198,0.3175,0.3193,85461.11,27255.98,0.318644
1591660800000,0.3194,0.3214,0.315,0.319,360002.55,114446.54,0.318199
1591668000000,0.3201,0.3237,0.3188,0.3237,222609.62,71528.43,0.321149
1591675200000,0.3237,0.3245,0.3223,0.3237,197935.99,63989.42,0.3234
1591682400000,0.324,0.3532,0.3235,0.3439,4107670.8,1402541.0,0.338906
1591689600000,0.3439,0.348,0.3345,0.3363,1984306.4,674767.32,0.341349
1591696800000,0.3362,0.3393,0.3306,0.3372,1179586.91,395092.27,0.334944
1591704000000,0.3377,0.345,0.3361,0.3389,1100671.24,374527.01,0.34056
1591711200000,0.3391,0.3392,0.3335,0.3348,684549.61,230068.63,0.33625
1591718400000,0.3347,0.3366,0.3314,0.3333,519214.59,173207.17,0.334
1591725600000,0.3333,0.3383,0.332,0.3376,413890.05,138769.11,0.33511
1591732800000,0.3378,0.341,0.3332,0.3406,551403.34,185992.7,0.33703
1591740000000,0.3404,0.3495,0.3388,0.349,1736308.55,598361.47,0.344044
1591747200000,0.3486,0.3647,0.3481,0.3588,3225343.95,1159462.37,0.356681
1591754400000,0.3588,0.3615,0.353,0.3561,909700.56,323784.45,0.357245
1591761600000,0.3563,0.3666,0.3544,0.3586,969056.16,349899.44,0.360527
1591768800000,0.3594,0.38,0.3581,0.3718,2566738.91,953956.51,0.369351
1591776000000,0.3717,0.3782,0.3627,0.3634,1786476.67,661602.78,0.370674
1591783200000,0.3634,0.3745,0.3589,0.3741,1355077.18,495410.16,0.366427
1591790400000,0.3739,0.3805,0.3682,0.3686,1566128.01,585626.72,0.374501
1591797600000,0.3688,0.4282,0.3664,0.4052,10460726.75,4170977.96,0.398278
1591804800000,0.4058,0.4069,0.3818,0.3907,4557207.79,1782891.71,0.393962
1591812000000,0.3908,0.4056,0.3762,0.3876,4429658.26,1724321.22,0.390905
1591819200000,0.3873,0.3995,0.384,0.3848,2226290.55,871610.76,0.391787
1591826400000,0.385,0.3877,0.3798,0.3877,924828.87,354774.73,0.383672
1591833600000,0.3871,0.3878,0.3675,0.3746,2002833.79,748347.8,0.377315
1591840800000,0.3748,0.3751,0.3652,0.3746,1353389.17,500172.61,0.37015
1591848000000,0.3746,0.3895,0.3696,0.3894,2173504.19,823148.52,0.379157
1591855200000,0.3894,0.3896,0.3744,0.3776,2057436.79,783550.29,0.381734
1591862400000,0.3777,0.3948,0.3756,0.391,1144001.22,441475.71,0.385316
1591869600000,0.391,0.4025,0.3835,0.3855,2616095.64,1029943.3,0.393102
1591876800000,0.3855,0.394,0.3664,0.3721,3036811.88,1153691.93,0.380288
1591884000000,0.3721,0.3748,0.3527,0.3629,2963299.79,1075937.21,0.36358
1591891200000,0.3631,0.3652,0.3251,0.3576,3388979.6,1180468.14,0.345078
1591898400000,0.358,0.358,0.3396,0.3397,1225186.94,426104.32,0.348784
1591905600000,0.3396,0.3508,0.3357,0.3452,1106326.17,378942.6,0.34328
1591912800000,0.3452,0.3461,0.3289,0.3339,1168249.91,393929.54,0.337252
1591920000000,0.3339,0.3543,0.3294,0.3501,1129968.39,388768.85,0.341832
1591927200000,0.3501,0.3596,0.3493,0.3575,824517.63,292094.57,0.354546
1591934400000,0.3569,0.3638,0.3521,0.3571,1112819.69,397977.25,0.35795
1591941600000,0.3572,0.3765,0.3547,0.3751,1539756.28,565104.09,0.365489
1591948800000,0.3751,0.3768,0.3625,0.3651,1858535.31,686921.97,0.369587
1591956000000,0.3656,0.3779,0.3655,0.3697,1248584.36,465085.73,0.371814
1591963200000,0.37,0.3747,0.3642,0.3735,1204427.13,445072.53,0.369384
1591970400000,0.3732,0.3758,0.3511,0.3581,1965756.01,712803.19,0.363223
1591977600000,0.3576,0.3626,0.3485,0.3536,833526.39,296181.78,0.355549
1591984800000,0.3539,0.3595,0.3518,0.3585,541845.27,192857.96,0.355596
1591992000000,0.3585,0.3619,0.3537,0.3573,571930.6,204865.39,0.357799
1591999200000,0.3572,0.3593,0.3554,0.3557,237413.7,84851.54,0.357385
1592006400000,0.3557,0.3641,0.3557,0.3608,824326.42,296628.8,0.360067
1592013600000,0.36,0.3724,0.3555,0.3721,1162576.9,423099.76,0.363641
1592020800000,0.3719,0.3844,0.3666,0.3715,2478382.03,934654.87,0.3755
1592028000000,0.3721,0.3815,0.3721,0.3793,986469.34,372126.4,0.376989
1592035200000,0.3794,0.3799,0.3741,0.3778,263925.95,99469.1,0.376969
1592042400000,0.3774,0.3808,0.3678,0.3704,783375.1,293995.57,0.374331
1592049600000,0.3702,0.3752,0.3647,0.3708,1412881.63,522415.07,0.36995
1592056800000,0.3708,0.3741,0.3684,0.3729,584110.71,216510.46,0.371229
1592064000000,0.3722,0.3735,0.3675,0.3688,340726.51,126137.74,0.3705
1592071200000,0.3686,0.3737,0.36,0.3622,1017197.33,373308.0,0.366934
1592078400000,0.3614,0.3695,0.3586,0.366,635255.88,231722.45,0.364066
1592085600000,0.3657,0.3665,0.3568,0.3627,1004947.84,363280.29,0.361588
1592092800000,0.3622,0.3626,0.3569,0.3593,458765.77,164884.88,0.359681
1592100000000,0.3598,0.3614,0.3581,0.3606,304802.69,109596.97,0.359743
1592107200000,0.3607,0.3652,0.3596,0.3601,797712.48,289178.47,0.362406
1592114400000,0.3598,0.3607,0.3583,0.3605,167194.73,60078.79,0.359486
1592121600000,0.3599,0.3717,0.3599,0.3679,840724.17,308970.21,0.366047
1592128800000,0.3682,0.3834,0.3655,0.3815,1428760.11,538496.18,0.374386
1592136000000,0.3815,0.3847,0.3686,0.3743,1541987.77,580768.87,0.376584
1592143200000,0.3746,0.375,0.3626,0.3666,942378.85,347434.4,0.368591
1592150400000,0.3668,0.3693,0.3616,0.3655,740899.21,270477.86,0.365445
1592157600000,0.3654,0.3675,0.361,0.3616,410879.98,149290.69,0.36432
1592164800000,0.362,0.3645,0.3607,0.3622,194408.28,70417.73,0.3626
1592172000000,0.3618,0.3621,0.3523,0.3566,997048.39,355374.27,0.357049
1592179200000,0.3562,0.3581,0.3399,0.3406,1861072.61,650149.64,0.349135
1592186400000,0.3407,0.3452,0.33,0.3318,1367050.28,461624.41,0.337727
1592193600000,0.3318,0.339,0.3203,0.3258,1457154.14,481928.14,0.329672
1592200800000,0.3259,0.3407,0.3196,0.34,1879463.2,621835.19,0.329798
1592208000000,0.3398,0.3404,0.335,0.3372,627366.57,211714.38,0.337651
1592215200000,0.337,0.3373,0.3284,0.331,904865.91,300503.17,0.332703
1592222400000,0.3314,0.3421,0.331,0.3404,504810.79,170260.23,0.336678
1592229600000,0.3407,0.3447,0.3375,0.3443,505763.61,172587.52,0.341007
1592236800000,0.344,0.349,0.3437,0.3475,602132.11,208632.47,0.346423
1592244000000,0.348,0.3515,0.3469,0.3472,511395.87,178566.21,0.349212
1592251200000,0.3479,0.3504,0.3447,0.3454,403363.19,140164.96,0.347595
1592258400000,0.3462,0.3476,0.3436,0.3441,316652.6,109304.03,0.345633
1592265600000,0.3444,0.3496,0.341,0.3467,306408.18,105767.55,0.345295
1592272800000,0.347,0.3551,0.3466,0.3547,558277.51,196351.29,0.35085
1592280000000,0.3549,0.3551,0.3501,0.3512,200578.83,70898.2,0.352529
1592287200000,0.3513,0.3517,0.3485,0.3501,255658.99,89493.84,0.350078
1592294400000,0.35,0.3507,0.3458,0.3469,305133.73,106255.74,0.348228
1592301600000,0.347,0.3489,0.3453,0.3454,364305.69,126262.85,0.347147
1592308800000,0.3453,0.3465,0.3415,0.344,820746.44,282253.21,0.343989
1592316000000,0.3438,0.345,0.3382,0.3405,691416.92,235809.38,0.341566
1592323200000,0.34,0.3425,0.3378,0.3405,574019.66,195252.18,0.34015
1592330400000,0.3404,0.3417,0.3398,0.3408,138442.62,47203.95,0.340752
1592337600000,0.3408,0.3454,0.3408,0.3425,206333.65,70969.64,0.343151
1592344800000,0.3424,0.3459,0.3418,0.344,300495.3,103311.65,0.343876
1592352000000,0.344,0.344,0.339,0.339,375370.69,128033.41,0.3415
1592359200000,0.3393,0.3413,0.3374,0.3394,203146.43,68905.0,0.33935
1592366400000,0.3396,0.3411,0.339,0.3401,207485.8,70482.36,0.340053
1592373600000,0.3405,0.3478,0.3383,0.3441,416418.56,142686.03,0.343078
1592380800000,0.3442,0.3474,0.3426,0.3441,293134.18,101136.3,0.345
1592388000000,0.3441,0.346,0.3441,0.3447,189389.37,65401.49,0.345067
1592395200000,0.3442,0.3459,0.3382,0.3398,738961.31,253032.77,0.342054
1592402400000,0.3393,0.3415,0.3358,0.337,410441.55,138804.67,0.338671
1592409600000,0.3377,0.3407,0.3347,0.3379,384213.6,129394.63,0.3377
1592416800000,0.3375,0.3407,0.3369,0.3369,275890.59,93417.45,0.33881
1592424000000,0.3368,0.3449,0.3337,0.3426,696908.09,238038.9,0.339271
1592431200000,0.3425,0.3463,0.3417,0.3426,279953.04,96269.76,0.344
1592438400000,0.3425,0.3432,0.3407,0.3416,85418.29,29194.42,0.341947
1592445600000,0.3415,0.343,0.3403,0.3406,186544.93,63710.16,0.341667
1592452800000,0.3406,0.3418,0.3384,0.3384,197980.36,67331.04,0.34017
1592460000000,0.3383,0.3391,0.3377,0.3384,64983.19,21991.62,0.3384
1592467200000,0.3384,0.3398,0.336,0.336,86193.54,29111.15,0.337978
1592474400000,0.3358,0.3414,0.3351,0.3376,297254.93,100460.89,0.338282
1592481600000,0.3376,0.3376,0.3304,0.3314,501172.8,167226.02,0.333886
1592488800000,0.3314,0.3381,0.3303,0.3322,351175.69,117294.03,0.334206
1592496000000,0.3321,0.337,0.3312,0.3326,200736.0,66986.88,0.334103
1592503200000,0.3327,0.3367,0.3315,0.3344,186671.13,62424.77,0.334115
1592510400000,0.3342,0.3349,0.3281,0.3294,657900.74,217734.2,0.331457
1592517600000,0.3294,0.3329,0.3292,0.3311,134494.62,44504.24,0.331095
1592524800000,0.3311,0.3321,0.3286,0.3297,221039.79,73024.42,0.330348
1592532000000,0.3297,0.3308,0.3251,0.3268,450617.02,147409.54,0.327929
1592539200000,0.3259,0.3311,0.3259,0.3305,226921.63,74690.68,0.328573
1592546400000,0.3305,0.3314,0.3271,0.3295,101979.14,33581.55,0.32924
1592553600000,0.3294,0.3333,0.3274,0.3315,288262.11,95369.04,0.330347
1592560800000,0.3319,0.3334,0.3301,0.3334,321968.2,106824.23,0.331701
1592568000000,0.333,0.3402,0.3313,0.3384,634439.58,213322.9,0.335755
1592575200000,0.339,0.3422,0.3383,0.3402,443017.62,150808.24,0.340266
1592582400000,0.3402,0.3439,0.3393,0.342,889196.27,303925.25,0.34162
1592589600000,0.3421,0.3425,0.3325,0.334,439898.99,148127.52,0.337392
1592596800000,0.3339,0.3343,0.3292,0.3321,341024.61,112893.89,0.33171
1592604000000,0.3318,0.3328,0.3303,0.3306,194122.58,64333.4,0.331571
1592611200000,0.3306,0.333,0.3304,0.3317,88930.35,29512.25,0.331726
1592618400000,0.3317,0.3336,0.3311,0.3333,80849.93,26894.87,0.332333
1592625600000,0.3333,0.3398,0.3333,0.339,213528.59,72076.4,0.336645
1592632800000,0.3389,0.3546,0.3388,0.3484,1372977.74,477962.23,0.347003
1592640000000,0.3481,0.3525,0.3431,0.3485,892938.72,311145.83,0.3478
1592647200000,0.3479,0.362,0.3479,0.3518,1717059.14,610303.91,0.355049
1592654400000,0.3518,0.3541,0.346,0.3464,632081.37,220406.76,0.350169
1592661600000,0.3464,0.3476,0.335,0.336,1004064.7,342052.0,0.341321
1592668800000,0.336,0.3411,0.3355,0.3409,274010.0,92804.42,0.338264
1592676000000,0.341,0.3446,0.3401,0.344,243877.28,83373.97,0.342331
1592683200000,0.344,0.3441,0.3418,0.3434,108733.03,37276.71,0.342937
1592690400000,0.3441,0.35,0.3441,0.3499,422145.33,146602.87,0.347066
1592697600000,0.3499,0.3538,0.3476,0.3538,519044.81,182185.61,0.350574
1592704800000,0.3538,0.3567,0.3516,0.3519,549045.25,194814.94,0.354197
1592712000000,0.3515,0.3523,0.3482,0.3491,381823.04,133716.05,0.350245
1592719200000,0.3496,0.3511,0.3455,0.3457,201769.08,70269.3,0.34839
1592726400000,0.3455,0.3487,0.3455,0.3484,157911.99,54827.6,0.347139
1592733600000,0.3484,0.3485,0.3448,0.3473,312118.06,108119.2,0.346623
1592740800000,0.3473,0.3473,0.344,0.3443,304841.02,105320.56,0.345611
1592748000000,0.3443,0.3483,0.3428,0.3479,381823.88,131775.1,0.345484
1592755200000,0.3479,0.354,0.3463,0.354,633498.61,222461.58,0.350001
1592762400000,0.3534,0.3581,0.3496,0.3503,783775.47,278377.47,0.353919
1592769600000,0.3496,0.3514,0.3481,0.3486,252645.41,88455.99,0.349765
1592776800000,0.3482,0.3482,0.3465,0.3467,221884.83,77013.09,0.347326
1592784000000,0.3466,0.3516,0.3466,0.3512,380797.54,132865.86,0.349154
1592791200000,0.3513,0.352,0.3475,0.3484,531008.07,185526.58,0.349738
1592798400000,0.3481,0.3513,0.3468,0.3508,539205.32,188294.41,0.34901
1592805600000,0.3508,0.3517,0.3488,0.3513,305163.79,106813.61,0.350244
1592812800000,0.3517,0.3539,0.351,0.3538,578954.5,204165.15,0.352405
1592820000000,0.354,0.3593,0.3539,0.3592,745137.04,266247.26,0.3566
1592827200000,0.3593,0.3646,0.3592,0.3639,1093231.94,395571.03,0.361966
1592834400000,0.3639,0.3639,0.3537,0.36,1018745.21,364877.06,0.358681
1592841600000,0.3602,0.3621,0.3516,0.355,781267.06,278028.12,0.356801
1592848800000,0.3557,0.3563,0.3512,0.3518,365127.17,129294.1,0.35375
1592856000000,0.3516,0.3563,0.349,0.3535,660175.56,232635.67,0.352652
1592863200000,0.354,0.3559,0.3529,0.3543,307685.11,109065.17,0.354401
1592870400000,0.3547,0.3567,0.3507,0.3519,501750.32,177176.77,0.353723
1592877600000,0.3516,0.3522,0.3497,0.3504,287681.3,100970.02,0.350947
1592884800000,0.3503,0.353,0.3501,0.3516,218953.77,76909.55,0.351582
1592892000000,0.3511,0.3605,0.3493,0.3581,1721250.15,612587.48,0.354932
1592899200000,0.358,0.3588,0.354,0.3582,357090.81,127172.16,0.356399
1592906400000,0.3582,0.3585,0.3527,0.3541,320720.71,113758.26,0.355521
1592913600000,0.3538,0.359,0.3533,0.359,382087.25,135978.27,0.356084
1592920800000,0.3585,0.3621,0.3564,0.36,1064989.55,383035.55,0.35925
1592928000000,0.3605,0.3649,0.3586,0.3644,1155310.25,418418.76,0.361676
1592935200000,0.365,0.3675,0.3628,0.3635,578639.91,211175.4,0.365174
1592942400000,0.3638,0.3651,0.3595,0.364,478367.79,173334.88,0.362299
1592949600000,0.3642,0.366,0.3616,0.3653,416481.97,151628.51,0.363785
1592956800000,0.3654,0.3668,0.3608,0.366,365855.31,133091.75,0.363795
1592964000000,0.366,0.3744,0.366,0.3739,1405384.93,522124.64,0.370271
1592971200000,0.3739,0.3744,0.367,0.3692,900159.79,332654.19,0.370605
1592978400000,0.3695,0.3725,0.3516,0.3524,1247324.32,453076.72,0.362271
1592985600000,0.3525,0.3572,0.3497,0.3505,1065847.01,376414.43,0.353485
1592992800000,0.3504,0.3508,0.3372,0.3377,2145592.68,735700.23,0.343986
1593000000000,0.3378,0.3474,0.3363,0.3436,867050.16,297534.77,0.341934
1593007200000,0.3435,0.344,0.333,0.3365,1140723.88,386695.64,0.338331
1593014400000,0.3364,0.3437,0.3339,0.3432,872740.86,297060.4,0.338663
1593021600000,0.3433,0.3451,0.3412,0.3422,397936.66,136596.36,0.343158
1593028800000,0.343,0.3453,0.3413,0.3444,230877.87,79354.69,0.343287
1593036000000,0.3445,0.3455,0.3431,0.3447,302269.73,104071.7,0.344299
1593043200000,0.3444,0.3479,0.3428,0.3473,430608.44,148641.21,0.345306
1593050400000,0.3474,0.3479,0.3315,0.3366,1272043.87,429406.21,0.33942
1593057600000,0.3367,0.3394,0.3349,0.3388,335457.33,113206.68,0.337115
1593064800000,0.3392,0.3395,0.3371,0.3389,191134.88,64660.26,0.338297
1593072000000,0.3392,0.3435,0.3392,0.3396,518384.0,176824.3,0.341354
1593079200000,0.3392,0.3424,0.3387,0.3419,272622.5,92777.88,0.34055
1593086400000,0.3419,0.3421,0.3382,0.3382,266720.95,90606.61,0.340179
1593093600000,0.3388,0.3391,0.3301,0.3319,753643.81,251961.28,0.334471
1593100800000,0.3319,0.3365,0.3313,0.3365,417690.71,139375.44,0.333827
1593108000000,0.3362,0.342,0.3362,0.3386,453528.99,153750.42,0.339176
1593115200000,0.3388,0.3402,0.337,0.339,127111.1,43068.96,0.3386
1593122400000,0.3387,0.339,0.3336,0.3353,395594.04,132717.05,0.336223
1593129600000,0.3347,0.3404,0.3324,0.3397,696915.21,234319.76,0.336313
1593136800000,0.3402,0.3405,0.3365,0.3393,115227.65,39039.19,0.338484
1593144000000,0.3388,0.3468,0.3371,0.3437,1130871.52,387442.92,0.341998
1593151200000,0.3436,0.3454,0.3352,0.3355,651872.4,221901.24,0.34044
1593158400000,0.3363,0.3404,0.3349,0.34,628693.83,212413.43,0.337586
1593165600000,0.34,0.348,0.3398,0.3451,872621.66,300768.26,0.344045
1593172800000,0.3452,0.363,0.3452,0.3564,3975173.01,1416874.84,0.354463
1593180000000,0.3565,0.3608,0.345,0.3582,3358720.98,1184930.74,0.352887
1593187200000,0.358,0.3597,0.3529,0.3588,1119343.57,398559.97,0.356293
1593194400000,0.3588,0.3597,0.3538,0.3584,1033912.39,369372.98,0.356748
1593201600000,0.3585,0.36,0.3566,0.3577,507775.94,181917.63,0.358303
1593208800000,0.3574,0.3586,0.3508,0.3526,566631.12,200651.41,0.354669
1593216000000,0.3528,0.3625,0.3506,0.3624,909092.93,324392.54,0.356346
1593223200000,0.3625,0.3684,0.3594,0.3649,2109139.54,767316.65,0.363904
1593230400000,0.3651,0.3652,0.3586,0.3606,605083.41,218520.94,0.361775
1593237600000,0.3608,0.3638,0.3578,0.3604,878509.24,316991.07,0.3608
1593244800000,0.3598,0.3621,0.3531,0.3538,804431.72,287412.91,0.3577
1593252000000,0.3538,0.3564,0.3473,0.3503,1399417.86,491394.38,0.351842
1593259200000,0.3503,0.3523,0.3448,0.3504,890964.28,310082.6,0.34855
1593266400000,0.3504,0.3544,0.3467,0.3485,842766.42,295445.8,0.350567
1593273600000,0.3474,0.3478,0.3346,0.3354,1678327.83,568282.37,0.341148
1593280800000,0.3354,0.3361,0.3149,0.3241,2024077.99,663295.22,0.325175
1593288000000,0.3241,0.3334,0.323,0.3313,1319577.57,433488.57,0.328268
1593295200000,0.3311,0.3339,0.3284,0.3325,542505.21,179843.2,0.331139
1593302400000,0.3325,0.3328,0.3187,0.3234,821209.42,266678.28,0.325494
1593316800000,0.3234,0.3256,0.3234,0.3247,65709.01,21335.73,0.324543
1593324000000,0.3253,0.3319,0.3252,0.3296,489311.89,160394.83,0.328676
1593331200000,0.3297,0.334,0.3282,0.3322,660478.09,217755.02,0.331107
1593338400000,0.3329,0.3361,0.3322,0.333,570293.74,190625.58,0.33415
1593345600000,0.333,0.3339,0.3283,0.3339,462232.42,152779.28,0.331085
1593352800000,0.334,0.3394,0.3325,0.3376,625417.29,209907.73,0.335961
1593360000000,0.3378,0.3426,0.3363,0.3386,661096.69,224456.02,0.339455
1593367200000,0.3386,0.3399,0.3296,0.3302,335329.66,112543.89,0.33482
1593374400000,0.3302,0.3355,0.3301,0.3324,451929.75,150355.97,0.332865
1593381600000,0.3324,0.3335,0.3294,0.3312,333083.93,110366.46,0.331442
1593388800000,0.3318,0.3351,0.3315,0.3329,225532.07,75221.26,0.333323
1593396000000,0.3332,0.3364,0.3331,0.336,206258.9,69051.94,0.334783
1593403200000,0.336,0.3374,0.3341,0.3351,298250.47,100105.22,0.335754
1593410400000,0.3346,0.3346,0.3261,0.3315,513629.12,169275.64,0.330257
1593417600000,0.3315,0.3326,0.3276,0.332,321673.23,106411.09,0.330096
1593424800000,0.3314,0.3324,0.33,0.3324,234113.09,77501.95,0.331168
1593432000000,0.3324,0.3354,0.3285,0.3298,504721.4,167132.62,0.331981
1593439200000,0.3298,0.3351,0.3296,0.3348,370212.36,122696.57,0.332363
1593446400000,0.3342,0.3382,0.3342,0.3376,261794.21,88026.2,0.336266
1593453600000,0.3377,0.3388,0.3342,0.3347,160949.38,54065.35,0.336536
1593460800000,0.335,0.3412,0.3348,0.3412,210125.05,70969.88,0.337969
1593468000000,0.3412,0.3472,0.341,0.3459,797185.52,274405.82,0.344192
1593475200000,0.3459,0.3468,0.3411,0.3428,415647.66,143049.85,0.343918
1593482400000,0.3428,0.3443,0.3385,0.3394,352691.63,120293.78,0.341428
1593489600000,0.3394,0.3416,0.3389,0.3403,282239.75,95992.36,0.340261
1593496800000,0.3403,0.3426,0.34,0.3425,269388.12,91779.51,0.341278
1593504000000,0.3425,0.344,0.3402,0.3406,166418.0,56886.67,0.342137
1593511200000,0.3408,0.3412,0.3379,0.3386,308790.11,104810.89,0.339531
1593518400000,0.339,0.3402,0.335,0.337,330786.12,111541.93,0.337585
1593525600000,0.3373,0.3425,0.3373,0.3413,200063.9,67997.07,0.340004
1593532800000,0.3411,0.3416,0.3366,0.3393,204363.78,69276.64,0.339063
1593540000000,0.3393,0.3393,0.3353,0.3358,158615.32,53481.81,0.337241
1593547200000,0.3356,0.3366,0.333,0.3341,345119.54,115503.01,0.334798
1593554400000,0.3343,0.336,0.3332,0.3352,144572.97,48315.57,0.334596
1593561600000,0.3352,0.3352,0.3311,0.332,218598.42,72761.64,0.333069
1593568800000,0.3321,0.3353,0.3321,0.3353,192685.09,64248.44,0.3337
1593576000000,0.3356,0.3364,0.3334,0.3359,100687.85,33722.91,0.334898
1593583200000,0.3359,0.3374,0.3335,0.3353,188880.01,63344.02,0.335449
1593590400000,0.3354,0.3399,0.3351,0.3386,260116.65,87978.82,0.337563
1593597600000,0.339,0.3392,0.3351,0.3368,142885.79,48141.7,0.337092
1593604800000,0.3371,0.3442,0.3352,0.3428,561854.48,190817.09,0.339672
1593612000000,0.3432,0.3438,0.3405,0.3418,271472.45,92845.73,0.342134
1593619200000,0.3422,0.3423,0.337,0.3407,586202.06,199400.86,0.339613
1593626400000,0.3408,0.3412,0.3356,0.3356,182543.72,61845.31,0.338455
1593633600000,0.3362,0.3393,0.3356,0.3362,148845.39,50189.04,0.33745
1593640800000,0.336,0.3383,0.3352,0.336,438797.28,147592.79,0.33675
1593648000000,0.336,0.3397,0.3356,0.3394,152535.8,51550.34,0.33764
1593655200000,0.3397,0.347,0.3392,0.3464,513032.44,176266.42,0.343111
1593662400000,0.347,0.3535,0.3464,0.3498,1091133.3,382128.92,0.350013
1593669600000,0.3489,0.3548,0.3455,0.3548,810214.69,283682.82,0.34996
1593676800000,0.3545,0.3594,0.3528,0.3558,1168330.75,415845.12,0.356109
1593684000000,0.3559,0.3559,0.351,0.3525,450494.8,158974.53,0.353347
1593691200000,0.3521,0.3533,0.3498,0.3513,635837.57,223561.82,0.351548
1593698400000,0.351,0.3516,0.3366,0.3369,1908272.03,651706.58,0.344143
1593705600000,0.337,0.3416,0.3322,0.341,897046.27,302229.93,0.3368
1593712800000,0.341,0.3432,0.3384,0.3392,388599.51,132480.78,0.340826
1593720000000,0.3388,0.345,0.3378,0.3426,291745.1,99478.28,0.341452
1593727200000,0.3421,0.3457,0.342,0.3444,266705.65,91705.65,0.343914
1593734400000,0.3438,0.3491,0.3426,0.3484,526961.08,182433.59,0.345814
1593741600000,0.3492,0.355,0.3463,0.3507,491424.49,172400.41,0.350655
1593748800000,0.3509,0.3641,0.3508,0.3641,1723958.34,618244.18,0.357434
1593756000000,0.364,0.3742,0.3604,0.3672,3597160.47,1327385.9,0.367323
1593763200000,0.3671,0.3699,0.3617,0.3631,1961451.62,717633.35,0.365844
1593770400000,0.3629,0.3759,0.3585,0.3759,1558403.94,569609.72,0.366843
1593777600000,0.376,0.3837,0.3705,0.3776,2665913.36,1008645.35,0.377101
1593784800000,0.3776,0.4013,0.3753,0.3974,4942271.95,1941457.4,0.388436
1593792000000,0.3975,0.3976,0.383,0.3895,3262088.27,1271265.16,0.39004
1593799200000,0.3895,0.394,0.3825,0.3859,2020479.16,782087.31,0.388264
1593806400000,0.3858,0.3974,0.384,0.393,1136711.65,446134.44,0.390801
1593813600000,0.393,0.3937,0.3753,0.3808,1777831.67,679066.32,0.384204
1593820800000,0.38,0.4293,0.3759,0.414,7628025.44,3127175.46,0.403232
1593828000000,0.4147,0.4212,0.4048,0.414,3846383.93,1589194.21,0.412999
1593835200000,0.4139,0.4161,0.4045,0.4052,1487076.57,607959.85,0.410423
1593842400000,0.4048,0.4114,0.3998,0.4061,1789136.54,724408.62,0.4056
1593849600000,0.4063,0.4187,0.4019,0.4024,1651502.96,677828.21,0.410381
1593856800000,0.4018,0.4064,0.3919,0.395,2184874.38,873464.18,0.399194
1593864000000,0.395,0.3969,0.3853,0.3922,2825703.82,1103393.54,0.391063
1593871200000,0.3922,0.3941,0.3738,0.3797,2097093.97,799146.79,0.383741
1593878400000,0.3797,0.3851,0.377,0.3831,1405986.35,535786.78,0.381034
1593885600000,0.3834,0.3852,0.3797,0.3815,932707.05,356279.95,0.38245
1593892800000,0.382,0.388,0.382,0.3838,786369.33,302625.99,0.385048
1593900000000,0.3842,0.3904,0.3842,0.3875,820996.51,318293.01,0.387411
1593907200000,0.3875,0.3899,0.3671,0.3685,2350101.86,881028.11,0.378605
1593914400000,0.3684,0.372,0.3665,0.3702,799910.25,295481.24,0.369249
1593921600000,0.3701,0.3712,0.3645,0.366,1408430.72,517991.92,0.367829
1593928800000,0.3655,0.3699,0.3615,0.368,939726.22,343758.85,0.365676
1593936000000,0.3681,0.3767,0.3655,0.3703,1329414.95,493479.69,0.371119
1593943200000,0.3694,0.3773,0.3672,0.3719,1437703.98,537061.5,0.372275
1593950400000,0.372,0.3729,0.3615,0.3615,955264.67,350315.81,0.367321
1593957600000,0.3614,0.3695,0.3599,0.3658,961653.52,350639.17,0.364761
1593964800000,0.3657,0.377,0.3655,0.3727,740466.34,275875.37,0.371459
1593972000000,0.3727,0.3933,0.3724,0.3932,2674050.32,1035199.32,0.382818
1593979200000,0.3932,0.4068,0.3735,0.3906,6508116.98,2553756.47,0.390147
1593986400000,0.3911,0.4203,0.388,0.4164,3214570.89,1297884.72,0.404222
1593993600000,0.4163,0.4239,0.3991,0.4055,5680258.82,2340110.24,0.41153
1594000800000,0.4058,0.4119,0.3953,0.4043,2697491.82,1083421.17,0.403597
1594008000000,0.4048,0.4107,0.396,0.3968,1524007.46,615981.9,0.403554
1594015200000,0.3968,0.4013,0.3962,0.3988,1075908.78,428959.17,0.398788
1594022400000,0.3995,0.4079,0.3989,0.4031,1130971.16,455495.23,0.403488
1594029600000,0.4038,0.4039,0.3912,0.3964,1253985.43,497120.02,0.397313
1594036800000,0.396,0.3973,0.3887,0.3919,1984079.07,780143.18,0.392943
1594044000000,0.3922,0.4092,0.3883,0.4011,2334814.5,934087.97,0.39885
1594051200000,0.4011,0.4174,0.3955,0.4139,2420352.73,982891.16,0.406352
1594058400000,0.4137,0.415,0.4015,0.4133,2226723.5,910623.45,0.408249
1594065600000,0.4138,0.4174,0.4005,0.4022,1259529.8,514149.82,0.409077
1594072800000,0.403,0.404,0.396,0.3999,812851.78,325228.16,0.399943
1594080000000,0.4001,0.404,0.3955,0.396,928211.85,371046.87,0.399855
1594087200000,0.3955,0.398,0.3907,0.3941,715529.89,282393.75,0.394346
1594094400000,0.3941,0.4037,0.394,0.4012,708638.94,283000.34,0.399036
1594101600000,0.4012,0.4022,0.392,0.395,930637.73,370200.37,0.396998
1594108800000,0.395,0.4042,0.3948,0.4004,1400502.17,559851.95,0.399662
1594116000000,0.4002,0.4031,0.3968,0.3978,526612.33,210433.3,0.399986
1594123200000,0.3978,0.4077,0.3969,0.4043,1058681.71,424716.07,0.402424
1594130400000,0.4044,0.4256,0.4043,0.4138,3739145.25,1555947.25,0.415249
1594137600000,0.4136,0.427,0.4119,0.422,1606802.26,674042.61,0.419588
1594144800000,0.4212,0.4248,0.3991,0.4063,3122756.4,1281870.8,0.411785
1594152000000,0.4065,0.4068,0.3977,0.4052,1259686.81,507028.23,0.402232
1594159200000,0.4049,0.4133,0.4044,0.4085,662194.44,270418.87,0.408942
1594166400000,0.4081,0.4475,0.4044,0.4326,7633134.53,3303195.19,0.426442
1594173600000,0.4321,0.4462,0.4311,0.4405,2991121.18,1313686.8,0.438847
1594180800000,0.4405,0.4553,0.436,0.4477,2930683.91,1309792.36,0.445706
1594188000000,0.4476,0.4733,0.447,0.464,3881981.77,1793125.99,0.460618
1594195200000,0.464,0.4788,0.449,0.4534,4182864.51,1936497.08,0.46407
1594202400000,0.4528,0.4592,0.4444,0.4496,1829874.38,825897.7,0.451807
1594209600000,0.4505,0.4588,0.4356,0.4461,2928823.65,1305210.91,0.44719
1594216800000,0.4454,0.4472,0.4356,0.4414,1685535.3,741992.63,0.441339
1594224000000,0.4416,0.4582,0.4396,0.4567,1358161.49,609287.98,0.448851
1594231200000,0.4565,0.4652,0.45,0.4523,1358724.8,619963.52,0.457662
1594238400000,0.4523,0.4557,0.444,0.4473,1055096.24,474201.16,0.449852
1594245600000,0.4484,0.451,0.4399,0.4475,995335.47,444172.13,0.445446
1594252800000,0.4473,0.4473,0.4214,0.4244,2863752.46,1235435.68,0.433986
1594260000000,0.4249,0.4342,0.4216,0.432,1021603.99,438388.35,0.427853
1594267200000,0.4319,0.435,0.43,0.4303,683095.92,295136.92,0.432537
1594274400000,0.4311,0.4489,0.4299,0.4402,1587690.2,699010.63,0.439628
1594281600000,0.441,0.4417,0.4349,0.4385,883464.13,386778.26,0.438249
1594288800000,0.4385,0.4416,0.4309,0.4384,768966.32,335945.07,0.43625
1594296000000,0.4385,0.4515,0.4383,0.4388,1533229.28,684893.65,0.444901
1594303200000,0.4393,0.4422,0.4074,0.4156,3497909.12,1477662.0,0.424452
1594310400000,0.4155,0.4248,0.4136,0.4206,1266308.86,531409.91,0.419263
1594317600000,0.4211,0.4247,0.418,0.4205,582587.7,245553.56,0.421351
1594324800000,0.4197,0.4358,0.4187,0.4335,1186852.5,508488.07,0.427376
1594332000000,0.4341,0.4383,0.4249,0.4253,664396.13,287182.97,0.43183
1594339200000,0.4261,0.4286,0.4198,0.4236,684124.72,290114.52,0.424187
1594346400000,0.4236,0.4249,0.4155,0.4211,647112.58,271282.42,0.420161
1594353600000,0.4211,0.4211,0.3959,0.3996,2369586.18,956661.78,0.408088
1594360800000,0.3994,0.4074,0.3964,0.3994,1046397.98,420810.98,0.4019
1594368000000,0.4,0.412,0.4,0.4111,873810.23,355017.88,0.406122
1594375200000,0.4111,0.4124,0.4012,0.4028,733084.66,298892.55,0.406776
1594382400000,0.4026,0.4088,0.4014,0.4074,595247.93,241391.44,0.405112
1594389600000,0.4074,0.4149,0.404,0.413,698820.39,286247.32,0.409397
1594396800000,0.4136,0.4163,0.408,0.4094,593668.93,244815.36,0.412194
1594404000000,0.4096,0.4169,0.4081,0.4169,585532.16,241141.06,0.412344
1594411200000,0.417,0.4189,0.4084,0.4102,569105.95,235943.69,0.413656
1594418400000,0.4103,0.4138,0.4059,0.4115,687115.02,281266.32,0.409844
1594425600000,0.4109,0.418,0.4084,0.418,774556.31,320129.36,0.413002
1594432800000,0.418,0.4224,0.413,0.4195,798655.21,333687.58,0.417693
1594440000000,0.4198,0.4282,0.4174,0.4273,541080.5,228218.03,0.422697
1594447200000,0.4282,0.4341,0.422,0.429,2149289.24,924770.34,0.428049
1594454400000,0.429,0.4377,0.415,0.4222,1760148.18,749634.21,0.426367
1594461600000,0.4225,0.4263,0.4192,0.4231,619592.66,261812.25,0.42275
1594468800000,0.423,0.4277,0.4195,0.4251,558390.71,236586.02,0.423592
1594476000000,0.425,0.4327,0.423,0.4251,1046102.2,447945.14,0.42785
1594483200000,0.4259,0.4343,0.425,0.4325,682127.02,292787.37,0.429715
1594490400000,0.4333,0.435,0.4288,0.4333,411242.43,177780.91,0.4319
1594497600000,0.4335,0.4431,0.4329,0.4372,1436053.87,628781.4,0.43809
1594504800000,0.4363,0.4421,0.4325,0.4362,506959.3,222011.26,0.4373
1594512000000,0.436,0.4425,0.4344,0.4398,539600.32,236752.85,0.438482
1594519200000,0.4396,0.4408,0.4291,0.4305,671006.2,290413.65,0.434932
1594526400000,0.4308,0.4336,0.424,0.4272,586689.17,252135.13,0.428793
1594533600000,0.4272,0.4295,0.4228,0.4292,614158.42,261974.14,0.426103
1594540800000,0.4286,0.4292,0.42,0.4222,653532.76,276864.55,0.42449
1594548000000,0.4228,0.4268,0.4201,0.4248,1011325.17,428259.61,0.423442
1594555200000,0.4245,0.4337,0.418,0.42,1540555.23,654682.64,0.425925
1594562400000,0.4198,0.423,0.4146,0.4221,874833.69,365830.66,0.418759
1594569600000,0.4217,0.4262,0.4191,0.4236,757670.35,320168.92,0.42265
1594576800000,0.4236,0.4253,0.415,0.4202,451792.11,189815.92,0.420101
1594584000000,0.4207,0.4231,0.4168,0.4196,526758.31,221196.82,0.419948
1594591200000,0.4204,0.4284,0.4204,0.427,503267.58,213341.23,0.424544
1594598400000,0.4282,0.4285,0.408,0.4123,1939493.19,805078.83,0.417896
1594605600000,0.4123,0.4144,0.4083,0.4085,535768.5,220640.67,0.411452
1594612800000,0.4087,0.414,0.4085,0.4118,610405.76,251295.22,0.411336
1594620000000,0.4118,0.4168,0.411,0.4143,786284.81,325107.99,0.413941
1594627200000,0.415,0.4239,0.415,0.4221,1251909.26,525671.62,0.41962
1594634400000,0.4222,0.4239,0.4169,0.4198,803772.89,336936.51,0.420382
1594641600000,0.4198,0.4215,0.4099,0.4124,1839835.34,764911.21,0.415655
1594648800000,0.413,0.413,0.4074,0.4107,1112014.0,456592.71,0.410127
1594656000000,0.4107,0.4175,0.4106,0.417,611414.05,253675.23,0.414103
1594663200000,0.4167,0.418,0.396,0.3986,2172933.83,877844.52,0.406868
1594670400000,0.3986,0.4076,0.3972,0.4031,1335426.04,539228.61,0.402476
1594677600000,0.4026,0.4072,0.398,0.4011,734694.63,295345.17,0.402605
1594684800000,0.4012,0.4014,0.3919,0.3956,1104081.58,436552.06,0.396484
1594692000000,0.3948,0.4011,0.3936,0.3939,650404.76,258541.79,0.397361
1594699200000,0.3939,0.3962,0.3777,0.3863,4600736.25,1774882.45,0.386811
1594706400000,0.3862,0.3922,0.3852,0.3913,1357912.26,528606.57,0.388692
1594713600000,0.3913,0.3995,0.3911,0.3981,1020333.42,403645.71,0.395418
1594720800000,0.3975,0.404,0.3914,0.403,643445.54,256538.87,0.397572
1594728000000,0.4032,0.4057,0.3939,0.3952,693535.32,277519.46,0.399878
1594735200000,0.3953,0.4005,0.387,0.3973,1135428.1,446255.02,0.393736
1594742400000,0.3972,0.3989,0.3926,0.3967,545225.87,215617.67,0.395748
1594749600000,0.3972,0.4015,0.3955,0.3975,305533.91,121749.83,0.398501
1594756800000,0.3975,0.3991,0.3937,0.3946,383589.76,152241.15,0.396427
1594764000000,0.3953,0.397,0.394,0.3949,190090.43,75170.66,0.395502
1594771200000,0.3949,0.4098,0.3939,0.4075,868588.64,350406.13,0.401971
1594778400000,0.4076,0.4087,0.4034,0.4041,379974.09,154438.79,0.406074
1594785600000,0.404,0.4102,0.4033,0.4091,685825.85,279725.48,0.406782
1594792800000,0.4091,0.41,0.4022,0.4031,797039.58,324251.53,0.4061
1594800000000,0.4029,0.405,0.3975,0.3985,838849.08,336754.94,0.401302
1594807200000,0.3992,0.4026,0.393,0.3965,726254.55,289030.1,0.397799
1594814400000,0.397,0.4012,0.3961,0.4011,548135.89,218938.46,0.398573
1594821600000,0.4008,0.4054,0.3971,0.3971,906647.12,364154.77,0.40137
1594828800000,0.397,0.3985,0.3931,0.397,487611.65,193447.07,0.3958
1594836000000,0.3968,0.3979,0.3933,0.3939,377109.18,149266.17,0.395628
1594843200000,0.3935,0.3967,0.3918,0.3938,576082.79,226711.54,0.394251
1594850400000,0.3932,0.3944,0.3872,0.3896,661256.44,258064.35,0.39076
1594857600000,0.3899,0.3909,0.3821,0.3909,970276.36,375152.12,0.386487
1594864800000,0.3901,0.3934,0.3899,0.3924,503397.07,197143.8,0.391698
1594872000000,0.3925,0.4023,0.3924,0.396,986695.2,393255.01,0.39745
1594879200000,0.3968,0.398,0.378,0.3854,1326630.6,511083.86,0.387726
1594886400000,0.3848,0.3865,0.37,0.3708,1588123.01,597047.14,0.378349
1594893600000,0.3705,0.38,0.3665,0.3792,1092349.59,407058.49,0.373065
1594900800000,0.3792,0.383,0.3745,0.3769,618210.4,234415.53,0.378763
1594908000000,0.377,0.3841,0.3758,0.382,460611.75,175233.09,0.379995
1594915200000,0.382,0.387,0.3817,0.3869,495121.88,190588.39,0.384323
1594922400000,0.387,0.3897,0.3841,0.3867,860357.56,332959.59,0.3869
1594929600000,0.3866,0.3897,0.378,0.3849,963688.11,368915.8,0.38384
1594936800000,0.3851,0.4016,0.3843,0.4008,1279049.55,502464.21,0.39295
1594944000000,0.4007,0.4082,0.3919,0.3936,3032017.89,1212639.78,0.400194
1594951200000,0.3932,0.3982,0.3895,0.3909,781310.91,307987.51,0.393882
1594958400000,0.3913,0.3938,0.3814,0.3851,795786.79,307935.89,0.38756
1594965600000,0.3856,0.3956,0.3854,0.3922,530110.54,206892.31,0.390687
1594972800000,0.3928,0.3947,0.388,0.3947,676769.94,264975.15,0.391301
1594980000000,0.3947,0.4017,0.3939,0.3994,1181680.02,471155.48,0.397875
1594987200000,0.4004,0.408,0.4002,0.408,914060.74,368665.88,0.404069
1594994400000,0.408,0.4132,0.4021,0.4039,1694026.9,689985.33,0.40771
1595001600000,0.4038,0.4052,0.4003,0.4031,966246.3,388869.28,0.402746
1595008800000,0.4031,0.4056,0.4013,0.4023,259645.1,104780.21,0.403457
1595016000000,0.402,0.404,0.3984,0.3987,344456.01,138238.81,0.401281
1595023200000,0.3986,0.4005,0.3956,0.3971,407153.75,162143.37,0.398055
1595030400000,0.3971,0.3985,0.3871,0.3913,799228.94,313740.81,0.392703
1595037600000,0.3919,0.3931,0.3873,0.3927,542237.71,211579.55,0.39019
1595044800000,0.3927,0.4164,0.3918,0.4098,2610354.13,1063512.95,0.404492
1595052000000,0.4099,0.4102,0.4013,0.4046,825183.84,334562.12,0.405604
1595059200000,0.4044,0.4083,0.3977,0.4038,948571.38,382839.68,0.402999
1595066400000,0.4039,0.4215,0.4013,0.4214,1331156.74,547440.62,0.411111
1595073600000,0.4214,0.4239,0.414,0.4141,1756507.55,737902.35,0.419139
1595080800000,0.4142,0.4298,0.4136,0.4261,1615182.74,684268.17,0.421942
1595088000000,0.4266,0.4276,0.4163,0.4206,1012923.89,427131.51,0.421825
1595095200000,0.4206,0.425,0.4126,0.413,658474.88,276537.74,0.419007
1595102400000,0.4127,0.4217,0.4125,0.4134,848436.08,353720.6,0.417106
1595109600000,0.414,0.421,0.4112,0.418,903185.7,376506.27,0.416104
1595116800000,0.4186,0.4222,0.4139,0.4205,668234.04,279553.91,0.41803
1595124000000,0.4205,0.4209,0.4132,0.416,335687.62,140099.94,0.416938
1595131200000,0.416,0.4287,0.4143,0.4187,1424949.43,599375.69,0.421537
1595138400000,0.4187,0.4308,0.4166,0.4267,919894.42,392289.67,0.423786
1595145600000,0.4268,0.4313,0.4201,0.4289,1138047.45,485332.85,0.425681
1595152800000,0.4289,0.4289,0.4151,0.4184,1098349.34,462143.74,0.421721
1595160000000,0.4177,0.4215,0.4108,0.4173,943489.91,393109.61,0.41615
1595167200000,0.4165,0.421,0.4085,0.4098,505713.9,209954.19,0.414874
1595174400000,0.4098,0.4183,0.4015,0.4133,1388984.79,569879.23,0.409882
1595181600000,0.4133,0.4157,0.4102,0.4124,203421.75,84030.97,0.412951
1595188800000,0.4122,0.4181,0.4079,0.4123,505689.1,209004.59,0.413
1595196000000,0.412,0.4235,0.4119,0.4199,989888.46,414481.71,0.41793
1595203200000,0.4199,0.4202,0.4115,0.4124,404957.61,168485.38,0.415782
1595210400000,0.412,0.4187,0.412,0.4172,253617.45,105429.37,0.415483
1595217600000,0.4168,0.428,0.4168,0.4233,1042929.01,441351.76,0.422616
1595224800000,0.4234,0.4283,0.4178,0.4188,530343.21,223851.39,0.423148
1595232000000,0.4185,0.42,0.4123,0.415,700452.66,291606.29,0.416117
1595239200000,0.4147,0.4153,0.405,0.4113,1057814.16,433280.05,0.41007
1595246400000,0.4119,0.4146,0.4012,0.4042,1616807.28,659508.96,0.407887
1595253600000,0.4036,0.4145,0.403,0.4136,889980.11,363630.74,0.408785
1595260800000,0.4144,0.4146,0.4085,0.4101,501670.49,206529.11,0.411451
1595268000000,0.4101,0.4113,0.393,0.3964,1081541.96,434305.62,0.401971
1595275200000,0.3974,0.4019,0.395,0.3976,399275.15,159241.3,0.39845
1595282400000,0.3977,0.399,0.3922,0.395,591201.24,234257.69,0.395569
1595289600000,0.395,0.4006,0.3925,0.3997,633336.91,250698.86,0.396476
1595296800000,0.4002,0.4014,0.3964,0.3968,369167.62,147040.83,0.398952
1595304000000,0.3968,0.4017,0.3948,0.3994,521849.73,207447.6,0.398256
1595311200000,0.3996,0.4009,0.3953,0.3998,862446.72,343852.23,0.398099
1595318400000,0.3998,0.4038,0.3967,0.4038,693061.88,276863.03,0.400116
1595325600000,0.4038,0.4096,0.4021,0.4085,1047364.45,425651.26,0.405817
1595332800000,0.4085,0.4097,0.3971,0.3981,1112496.75,447311.4,0.403421
1595340000000,0.3982,0.3982,0.394,0.3966,948770.29,375229.94,0.396051
1595347200000,0.3967,0.4008,0.3967,0.4008,249352.37,99339.47,0.39875
1595354400000,0.4007,0.4021,0.3953,0.398,316833.9,126252.23,0.398673
1595361600000,0.3981,0.4001,0.3958,0.399,296635.62,118055.16,0.397943
1595368800000,0.399,0.4005,0.3975,0.4005,163239.6,65088.31,0.39895
1595376000000,0.4005,0.407,0.3987,0.404,466514.01,187991.08,0.402878
1595383200000,0.4039,0.4047,0.3964,0.3972,408596.73,163445.38,0.40055
1595390400000,0.3967,0.4024,0.3963,0.4013,342063.35,136535.34,0.399408
1595397600000,0.4008,0.4025,0.3965,0.3976,345602.17,138326.56,0.399523
1595404800000,0.3972,0.4042,0.3969,0.401,652312.62,261395.35,0.400655
1595412000000,0.4012,0.4031,0.3994,0.4029,541289.06,217296.32,0.401205
1595419200000,0.4029,0.4042,0.3989,0.4042,451679.83,181008.09,0.401519
1595426400000,0.4037,0.4083,0.4006,0.4035,480573.44,194327.99,0.40445
1595433600000,0.4038,0.4077,0.4027,0.4042,483380.07,195655.61,0.405202
1595440800000,0.4047,0.4052,0.4009,0.4034,276681.15,111441.49,0.403027
1595448000000,0.4034,0.4043,0.4,0.4014,290405.48,116688.96,0.402136
1595455200000,0.4013,0.4045,0.395,0.3994,1172619.48,468164.98,0.399744
1595462400000,0.3994,0.4026,0.3983,0.4014,555615.78,222581.23,0.400453
1595469600000,0.4015,0.4043,0.4003,0.4034,422201.51,169861.2,0.402291
1595476800000,0.4034,0.41,0.4034,0.4051,588318.5,239325.55,0.406741
1595484000000,0.405,0.4063,0.4027,0.4031,497780.9,201484.3,0.404534
1595491200000,0.4031,0.4073,0.4022,0.4068,490443.08,198476.56,0.40472
1595498400000,0.4068,0.408,0.4041,0.406,406075.29,164908.3,0.406046
1595505600000,0.4064,0.4064,0.4025,0.4033,347405.57,140429.06,0.404375
1595512800000,0.4036,0.4043,0.3985,0.3995,802466.75,321811.09,0.401379
1595520000000,0.3995,0.4011,0.395,0.3981,907548.05,361514.53,0.39804
1595527200000,0.3987,0.3998,0.3961,0.3979,255492.4,101526.19,0.397946
1595534400000,0.3979,0.4003,0.3951,0.3996,535134.94,212264.86,0.397671
1595541600000,0.3988,0.4011,0.3873,0.3919,2460606.39,966738.32,0.394123
1595548800000,0.3919,0.3921,0.3842,0.3867,1676414.39,649632.63,0.38801
1595556000000,0.3871,0.3893,0.386,0.3876,311060.73,120692.62,0.387652
1595563200000,0.3872,0.392,0.3864,0.3906,588452.63,229084.39,0.38923
1595570400000,0.3912,0.3917,0.3831,0.3874,692946.43,267918.7,0.387303
1595577600000,0.3876,0.3879,0.3828,0.3868,712678.57,274304.27,0.385339
1595584800000,0.3868,0.3895,0.3854,0.386,488457.76,189106.46,0.38746
1595592000000,0.3863,0.3889,0.3828,0.3838,645680.91,249317.45,0.385885
1595599200000,0.3838,0.3949,0.3838,0.3923,627788.07,245428.6,0.389573
1595606400000,0.3926,0.3957,0.3913,0.395,523133.87,205691.16,0.393476
1595613600000,0.3956,0.3963,0.3889,0.3902,521897.84,205039.3,0.392554
1595620800000,0.3905,0.3907,0.3867,0.3874,319045.08,123884.55,0.388656
1595628000000,0.3873,0.3908,0.3829,0.3864,642301.67,247816.03,0.38685
1595635200000,0.387,0.389,0.383,0.3882,378672.43,146196.83,0.385984
1595642400000,0.3879,0.392,0.3865,0.3889,417357.5,162520.25,0.389257
1595649600000,0.3893,0.3941,0.389,0.39,450610.18,176228.92,0.391559
1595656800000,0.3902,0.3925,0.3894,0.3899,229912.79,89955.71,0.390952
1595664000000,0.39,0.3961,0.39,0.3935,1006805.12,395322.03,0.393167
1595671200000,0.3936,0.3981,0.3927,0.3943,480858.29,190427.97,0.395406
1595678400000,0.3946,0.3975,0.3921,0.3951,477278.18,188188.99,0.3948
1595685600000,0.3953,0.399,0.3939,0.3951,920468.86,364625.99,0.39645
1595692800000,0.3958,0.3966,0.3872,0.3906,699423.73,274017.49,0.391792
1595700000000,0.3906,0.3966,0.389,0.3945,480831.13,188817.89,0.392818
1595707200000,0.3945,0.3968,0.3867,0.3894,953655.75,373342.17,0.391736
1595714400000,0.39,0.3945,0.3892,0.3944,585595.91,229964.44,0.391777
1595721600000,0.3939,0.3949,0.3885,0.3906,748554.4,292837.12,0.391661
1595728800000,0.3904,0.3912,0.3875,0.3893,475452.05,185078.68,0.389339
1595736000000,0.3894,0.3922,0.3891,0.3907,304534.55,118914.18,0.390678
1595743200000,0.3907,0.3954,0.39,0.393,583631.96,229420.82,0.39274
1595750400000,0.3933,0.3944,0.3838,0.3843,1166834.41,454751.25,0.389166
1595757600000,0.3842,0.3864,0.3768,0.3838,2963583.35,1130258.92,0.381599
1595764800000,0.3834,0.386,0.379,0.3855,902376.23,344454.94,0.382455
1595772000000,0.3854,0.3869,0.3811,0.3818,927960.44,355942.06,0.384043
1595779200000,0.3822,0.3848,0.3812,0.3843,557144.61,213546.0,0.382977
1595786400000,0.384,0.3841,0.3802,0.3812,428702.54,163709.81,0.382083
1595793600000,0.381,0.3844,0.3806,0.3844,334254.94,127876.66,0.38245
1595800800000,0.3843,0.3868,0.3833,0.385,605264.95,233064.76,0.385054
1595808000000,0.3853,0.3885,0.38,0.3825,980636.09,375608.07,0.38426
1595815200000,0.3824,0.3824,0.3542,0.3612,2577848.36,939285.66,0.367724
1595822400000,0.3611,0.3716,0.3611,0.3624,2206398.98,808935.93,0.366368
1595829600000,0.3624,0.3723,0.3621,0.3689,673282.16,248640.13,0.367375
1595836800000,0.3697,0.3724,0.3671,0.3693,902220.98,333377.24,0.36975
1595844000000,0.369,0.3712,0.3624,0.3658,1141571.93,419159.12,0.366779
1595851200000,0.3662,0.368,0.3572,0.358,2231105.62,807969.98,0.362684
1595858400000,0.3574,0.3584,0.3364,0.356,5151690.1,1798959.21,0.347391
1595865600000,0.3562,0.37,0.3496,0.3649,3103194.59,1108564.44,0.359764
1595872800000,0.3651,0.3718,0.3632,0.3714,1061836.22,391241.81,0.367384
1595880000000,0.3713,0.3745,0.3638,0.3663,1129116.55,417685.07,0.36917
1595887200000,0.3666,0.3737,0.3621,0.3667,1529313.24,562005.13,0.3679
1595894400000,0.3668,0.3725,0.363,0.3688,923590.19,339659.24,0.367749
1595901600000,0.3688,0.3699,0.3619,0.3627,1024436.92,374774.47,0.365926
1595908800000,0.3632,0.3683,0.362,0.3682,861782.06,314667.39,0.365047
1595916000000,0.3681,0.3706,0.3649,0.3696,482445.65,177297.07,0.367731
1595923200000,0.3696,0.3729,0.3643,0.3708,1094313.55,404241.77,0.368592
1595930400000,0.3711,0.3763,0.3685,0.3736,1235378.69,460428.19,0.372401
1595937600000,0.3733,0.3784,0.3703,0.3754,799562.24,299665.16,0.37435
1595944800000,0.3756,0.3852,0.3732,0.3832,1528329.22,580207.25,0.379178
1595952000000,0.3836,0.3863,0.3747,0.3826,2675684.98,1019989.51,0.380495
1595959200000,0.3827,0.3829,0.379,0.3808,694700.82,264649.55,0.3809
1595966400000,0.3806,0.3859,0.377,0.379,1734822.79,661401.79,0.381463
1595973600000,0.379,0.3863,0.378,0.3821,1585889.47,606516.91,0.382208
1595980800000,0.3826,0.3902,0.3817,0.3869,1021320.89,394992.04,0.386032
1595988000000,0.3867,0.3891,0.3835,0.388,669963.81,259011.16,0.386286
1595995200000,0.3878,0.3934,0.3862,0.3908,869723.52,339922.21,0.389823
1596002400000,0.3908,0.4045,0.3908,0.4016,3541163.65,1416618.31,0.397917
1596009600000,0.4022,0.412,0.3951,0.4044,3734949.31,1507906.88,0.403551
1596016800000,0.4035,0.412,0.4006,0.4082,1780802.36,723370.97,0.40632
1596024000000,0.4082,0.4101,0.3998,0.4036,1172561.2,474870.1,0.4049
1596031200000,0.4034,0.4038,0.3933,0.399,1648909.33,656262.62,0.398428
1596038400000,0.3994,0.4008,0.3936,0.3944,761898.33,302162.28,0.397241
1596045600000,0.3944,0.3965,0.3932,0.3941,460374.9,181571.49,0.394851
1596052800000,0.3941,0.3952,0.3867,0.3894,676539.55,264386.79,0.390884
1596060000000,0.3899,0.3906,0.3836,0.3836,811710.29,314145.28,0.387189
1596067200000,0.3836,0.3857,0.3792,0.3815,847703.77,324316.39,0.382447
1596074400000,0.3815,0.383,0.378,0.3819,717762.87,273259.54,0.380498
1596081600000,0.3821,0.3864,0.3815,0.3853,327761.7,125902.69,0.38398
1596088800000,0.3847,0.388,0.383,0.384,512596.42,197587.86,0.385506
1596096000000,0.3838,0.3857,0.3828,0.3856,245556.49,94405.05,0.384202
1596103200000,0.3858,0.3906,0.3852,0.3903,524286.17,203557.54,0.387868
1596110400000,0.39,0.3941,0.3895,0.3938,743794.38,291603.36,0.391779
1596117600000,0.3938,0.3947,0.3881,0.3895,299858.65,117323.29,0.39137
1596124800000,0.3901,0.3937,0.3886,0.3934,384442.95,150217.16,0.39108
1596132000000,0.3934,0.3939,0.3908,0.3911,343965.88,135111.23,0.392366
1596139200000,0.3911,0.3925,0.3889,0.3902,376088.42,146915.04,0.390701
1596146400000,0.3901,0.3931,0.3876,0.3879,436152.26,170121.88,0.390406
1596153600000,0.3879,0.3892,0.385,0.3887,459384.19,177616.42,0.387089
1596160800000,0.3891,0.3893,0.3842,0.385,313268.73,120784.89,0.386692
1596168000000,0.3848,0.3889,0.3825,0.3875,330731.45,127316.37,0.385679
1596175200000,0.3879,0.3907,0.3871,0.3898,298462.64,116317.89,0.388904
1596182400000,0.3901,0.3922,0.388,0.3918,245964.5,95981.05,0.390064
1596189600000,0.3917,0.3924,0.3892,0.3893,117333.05,45837.85,0.390849
1596196800000,0.3893,0.3893,0.3852,0.3862,488020.98,188876.85,0.387167
1596204000000,0.386,0.3869,0.3819,0.3825,324491.59,124637.55,0.384421
1596211200000,0.3828,0.3859,0.38,0.385,445899.45,170599.17,0.382916
1596218400000,0.3849,0.3869,0.3828,0.3853,286147.6,110024.06,0.384849
1596225600000,0.3851,0.3858,0.3787,0.381,854061.91,326352.61,0.382177
1596232800000,0.3808,0.3813,0.3776,0.3808,391720.52,148712.79,0.37945
1596240000000,0.3806,0.3837,0.3785,0.3835,198124.43,75485.55,0.38102
1596247200000,0.3836,0.3878,0.3834,0.3868,375048.61,144522.55,0.385661
1596254400000,0.387,0.3882,0.3838,0.3848,511285.45,197588.97,0.386007
1596261600000,0.3846,0.3878,0.3824,0.3872,422894.25,163137.0,0.385051
1596268800000,0.3874,0.3921,0.3866,0.39,628072.84,244602.15,0.389388
1596276000000,0.39,0.3917,0.3832,0.389,456749.67,176557.63,0.387443
1596283200000,0.3889,0.3901,0.383,0.3836,406473.86,157093.82,0.386599
1596290400000,0.3836,0.3854,0.3825,0.3851,297139.17,114104.48,0.383921
1596297600000,0.3851,0.3895,0.383,0.3868,1280261.69,494368.35,0.386255
1596304800000,0.3868,0.3905,0.3842,0.3898,881113.82,341601.89,0.387293
1596312000000,0.3898,0.4055,0.3898,0.405,1402929.46,559106.16,0.397727
1596319200000,0.405,0.4088,0.398,0.3992,962963.57,389200.78,0.403501
1596326400000,0.3992,0.41,0.3964,0.4041,1014815.11,409596.24,0.403252
1596333600000,0.4046,0.41,0.404,0.406,650880.65,264996.71,0.407023
1596340800000,0.406,0.4076,0.35,0.3726,4886720.74,1840793.17,0.377836
1596348000000,0.3729,0.3855,0.3698,0.3823,1236007.05,466901.68,0.377655
1596355200000,0.3827,0.385,0.3782,0.3841,850038.83,324628.36,0.381581
1596362400000,0.3843,0.385,0.3685,0.3749,1001161.18,376366.77,0.376498
1596369600000,0.3749,0.3782,0.3718,0.3772,585818.35,220212.29,0.374965
1596376800000,0.3772,0.3809,0.375,0.38,390095.22,147789.29,0.377911
1596384000000,0.3803,0.3854,0.3798,0.3843,580823.55,222373.09,0.382644
1596391200000,0.3847,0.3863,0.3795,0.3826,322051.15,123404.19,0.382882
1596398400000,0.3827,0.3831,0.3771,0.3793,284722.34,108107.97,0.380021
1596405600000,0.3796,0.3826,0.377,0.3795,298806.68,113316.59,0.3798
1596412800000,0.3798,0.3829,0.3745,0.3806,469297.35,178079.48,0.378697
1596420000000,0.3806,0.3842,0.38,0.3813,370913.85,141527.8,0.382108
1596427200000,0.3819,0.3834,0.3807,0.3825,143589.0,54835.42,0.382048
1596434400000,0.3825,0.3844,0.3812,0.3823,457208.63,174987.44,0.3828
1596441600000,0.3823,0.3866,0.3811,0.3826,786546.28,301965.16,0.383851
1596448800000,0.3824,0.39,0.3816,0.3883,383059.65,148087.82,0.385863
1596456000000,0.388,0.3919,0.3858,0.39,419456.31,163373.79,0.388846
1596463200000,0.3898,0.3918,0.3841,0.3875,790126.28,307786.43,0.387934
1596470400000,0.3876,0.3889,0.3846,0.3874,340580.42,131790.06,0.38675
1596477600000,0.3877,0.39,0.3844,0.3849,296535.23,114790.6,0.38726
1596484800000,0.3848,0.3856,0.377,0.3783,536563.12,204819.75,0.381258
1596492000000,0.3782,0.3828,0.377,0.3813,513450.36,194883.0,0.379912
1596499200000,0.3817,0.3897,0.3813,0.3889,690262.45,266121.25,0.385545
1596506400000,0.3885,0.3894,0.3855,0.3857,475170.17,183454.41,0.387502
1596513600000,0.3858,0.3894,0.3856,0.3892,541696.68,209836.0,0.3875
1596520800000,0.3892,0.3901,0.3875,0.3899,308102.96,119876.57,0.388786
1596528000000,0.3899,0.3917,0.3865,0.388,776628.31,302053.11,0.389105
1596535200000,0.3884,0.3948,0.3864,0.3888,1378306.2,538861.6,0.390601
1596542400000,0.3883,0.3974,0.3876,0.3974,966428.3,379861.89,0.392404
1596549600000,0.3974,0.4021,0.3974,0.4008,1066438.94,426214.25,0.399848
1596556800000,0.4012,0.4086,0.3987,0.4012,1528732.31,616933.04,0.40365
1596564000000,0.401,0.4032,0.3952,0.4019,928405.8,371012.73,0.399193
1596571200000,0.402,0.4021,0.3948,0.3971,898500.5,356926.85,0.39831
1596578400000,0.3972,0.3984,0.3937,0.3976,569578.75,225535.46,0.396048
1596585600000,0.3974,0.4015,0.3944,0.3961,454869.76,180875.44,0.39796
1596592800000,0.3962,0.3998,0.3948,0.3976,433940.16,172631.63,0.397308
1596600000000,0.3979,0.4027,0.395,0.4023,360743.11,144002.27,0.398739
1596607200000,0.4022,0.4093,0.3997,0.4069,771852.8,312632.76,0.404497
1596614400000,0.4069,0.4116,0.4031,0.4031,985238.23,402687.97,0.407474
1596621600000,0.403,0.4066,0.3997,0.4035,836179.46,336435.66,0.40315
1596628800000,0.4035,0.4057,0.4019,0.4037,535545.76,216194.7,0.4038
1596636000000,0.4036,0.404,0.3956,0.3968,705902.21,282256.46,0.399722
1596643200000,0.3971,0.4023,0.396,0.401,605308.67,241700.77,0.399161
1596650400000,0.4014,0.4025,0.3992,0.401,253681.68,101694.32,0.400849
1596657600000,0.4007,0.4028,0.3952,0.3988,604879.02,241045.9,0.398988
1596664800000,0.3988,0.3989,0.3905,0.3974,917126.37,362411.26,0.394676
1596672000000,0.3974,0.3982,0.3919,0.3938,615378.02,242707.44,0.395001
1596679200000,0.3931,0.3934,0.3887,0.3896,1139339.11,444924.34,0.391002
1596686400000,0.3894,0.3908,0.38,0.3877,1026508.24,396616.86,0.38538
1596693600000,0.3878,0.3947,0.3875,0.3937,711727.19,278961.99,0.391171
1596700800000,0.3938,0.3987,0.3935,0.3967,682580.37,270369.65,0.396172
1596708000000,0.3967,0.402,0.3967,0.4009,607455.87,242791.02,0.399452
1596715200000,0.401,0.4027,0.396,0.3968,881128.99,351642.75,0.399399
1596722400000,0.3972,0.3995,0.3944,0.3982,529709.67,210241.87,0.396943
1596729600000,0.3987,0.4,0.3961,0.4,524197.4,208464.9,0.398013
1596736800000,0.4,0.4072,0.4,0.4046,722708.55,292292.33,0.403748
1596744000000,0.4051,0.4139,0.4013,0.409,2428790.59,995158.4,0.407613
1596751200000,0.4094,0.4165,0.4068,0.4131,831704.68,342570.7,0.411665
1596758400000,0.4134,0.4271,0.4116,0.427,1016254.48,425793.57,0.419147
1596765600000,0.4272,0.43,0.4167,0.4168,1325230.81,560876.82,0.423594
1596772800000,0.4168,0.4169,0.4114,0.414,1016470.63,420934.11,0.414063
1596780000000,0.4143,0.4197,0.413,0.4182,488928.4,203879.65,0.416359
1596787200000,0.4178,0.421,0.4143,0.4146,758465.46,317121.54,0.417738
1596794400000,0.4148,0.4167,0.4078,0.4088,595212.49,244939.04,0.412308
1596801600000,0.4093,0.416,0.4072,0.4128,594715.67,245147.86,0.411623
1596808800000,0.4124,0.413,0.3976,0.4076,1686203.7,683631.41,0.405183
1596816000000,0.4076,0.4103,0.3821,0.3922,2577304.28,1018607.37,0.395902
1596823200000,0.3922,0.3959,0.3826,0.3935,1175619.38,457618.56,0.389241
1596830400000,0.393,0.3961,0.3926,0.3956,478573.78,188978.67,0.394358
1596837600000,0.3952,0.3958,0.3909,0.3928,562768.12,221208.47,0.393309
1596844800000,0.3924,0.3977,0.3903,0.3961,470158.77,185413.44,0.393983
1596852000000,0.396,0.3985,0.3947,0.3951,487239.0,193264.31,0.396615
1596859200000,0.3954,0.3995,0.3937,0.3991,356119.15,141036.9,0.396526
1596866400000,0.3995,0.4059,0.399,0.405,1591356.68,641708.98,0.402488
1596873600000,0.4052,0.4155,0.4042,0.4141,963455.61,394456.28,0.409887
1596880800000,0.4141,0.4229,0.4135,0.4214,1295319.5,542015.86,0.41828
1596888000000,0.4214,0.4245,0.4162,0.418,1528608.92,643517.43,0.420378
1596895200000,0.418,0.4198,0.4126,0.4147,1168256.41,485881.83,0.416192
1596902400000,0.4146,0.4151,0.4082,0.4112,844694.81,347053.23,0.411569
1596909600000,0.4111,0.4161,0.4098,0.4155,640849.44,264816.79,0.412901
1596916800000,0.4156,0.4162,0.4082,0.4104,621876.79,255715.1,0.412106
1596924000000,0.4104,0.4263,0.4104,0.4209,1093616.53,459698.33,0.41868
1596931200000,0.4216,0.4472,0.4189,0.4398,3420548.73,1487549.55,0.433321
1596938400000,0.4397,0.4492,0.4356,0.4456,1137359.42,501599.46,0.442388
1596945600000,0.4454,0.4461,0.4277,0.4279,1053275.2,458667.04,0.436973
1596952800000,0.4286,0.4371,0.4276,0.4352,1226863.01,528876.57,0.432412
1596960000000,0.4354,0.4363,0.4287,0.43,1167153.64,505490.61,0.432471
1596967200000,0.4299,0.4372,0.4274,0.4346,812983.0,351015.53,0.432303
1596974400000,0.4347,0.4349,0.4274,0.4308,1086983.35,467885.37,0.431034
1596981600000,0.4311,0.4313,0.4134,0.4222,2190888.19,925041.23,0.422067
1596988800000,0.4221,0.4283,0.4158,0.4159,959398.4,405177.46,0.42225
1596996000000,0.4159,0.4235,0.4159,0.4216,472221.44,198410.57,0.419855
1597003200000,0.4217,0.4356,0.4193,0.4348,968286.57,413106.38,0.427296
1597010400000,0.4341,0.4417,0.4339,0.4382,973343.72,426687.53,0.437922
1597017600000,0.4381,0.4427,0.4311,0.4331,1270374.0,554888.17,0.436963
1597024800000,0.4336,0.4341,0.4139,0.4259,1829969.33,774018.46,0.423783
1597032000000,0.4259,0.4645,0.4251,0.4625,4136182.16,1845429.67,0.444965
1597039200000,0.4625,0.4775,0.4552,0.4583,4079523.22,1899030.86,0.466403
1597046400000,0.4584,0.4716,0.458,0.4648,1488411.43,693058.68,0.464988
1597053600000,0.465,0.4891,0.4497,0.4807,4448486.93,2104601.55,0.469257
1597060800000,0.4804,0.4866,0.47,0.4816,1570405.64,751355.66,0.478296
1597068000000,0.4816,0.5,0.4768,0.4986,2804545.95,1377260.58,0.488136
1597075200000,0.4986,0.4998,0.4799,0.4875,1445640.36,704987.09,0.48958
1597082400000,0.4874,0.4878,0.4715,0.4757,1156888.01,552962.66,0.479369
1597089600000,0.4758,0.4794,0.4679,0.4794,958654.31,453793.13,0.473551
1597096800000,0.4794,0.4812,0.4765,0.4804,730495.35,350014.26,0.478838
1597104000000,0.4805,0.4822,0.4623,0.4685,1343032.39,631619.53,0.472025
1597111200000,0.4685,0.4691,0.4606,0.4638,1101871.42,511141.16,0.464742
1597118400000,0.4634,0.47,0.4631,0.4698,538501.54,251217.41,0.466536
1597125600000,0.4697,0.4697,0.4505,0.4545,1901196.09,867215.78,0.459728
1597132800000,0.4544,0.4578,0.4404,0.4407,1731021.04,776052.78,0.449384
1597140000000,0.4407,0.4548,0.43,0.4476,2756392.08,1221614.91,0.442365
1597147200000,0.4476,0.4476,0.4256,0.4393,2532616.14,1103620.49,0.436347
1597154400000,0.4393,0.44,0.42,0.433,2024933.71,873741.44,0.429844
1597161600000,0.4329,0.4486,0.4223,0.4444,1658954.5,726236.0,0.435289
1597168800000,0.4443,0.4605,0.4437,0.4505,2440978.11,1104430.94,0.452266
1597176000000,0.4504,0.4504,0.423,0.4364,1958241.46,849492.05,0.436232
1597183200000,0.4364,0.4449,0.4339,0.4428,445463.08,196103.3,0.439382
1597190400000,0.4428,0.4429,0.4204,0.4267,2409026.72,1030831.04,0.431195
1597197600000,0.4262,0.4285,0.412,0.425,1657436.68,695382.12,0.420243
1597204800000,0.4256,0.4267,0.4156,0.4169,1139822.3,479899.5,0.421132
1597212000000,0.4171,0.4259,0.3988,0.4254,3026329.17,1241807.2,0.412136
1597219200000,0.4254,0.4346,0.423,0.4341,792129.74,338479.29,0.428645
1597226400000,0.4341,0.4414,0.431,0.4337,1134320.42,494056.46,0.436201
1597233600000,0.4337,0.449,0.4284,0.4438,1431909.07,630287.62,0.438697
1597240800000,0.4439,0.4543,0.4415,0.4429,2162736.2,968836.18,0.447907
1597248000000,0.4436,0.4654,0.4386,0.4647,2285549.18,1036962.56,0.451606
1597255200000,0.4649,0.4649,0.4514,0.4526,1148429.95,525624.3,0.457993
1597262400000,0.4526,0.4609,0.4442,0.4499,995482.71,450710.39,0.452559
1597269600000,0.4497,0.4634,0.4497,0.4617,808353.0,370130.72,0.456752
1597276800000,0.4619,0.4724,0.457,0.457,1328545.14,617154.12,0.464836
1597284000000,0.4569,0.4584,0.4481,0.4544,1021200.55,463498.79,0.453214
1597291200000,0.4542,0.4572,0.4418,0.4468,1255824.43,562580.59,0.449439
1597298400000,0.4468,0.4545,0.4427,0.4462,2237228.5,1006136.68,0.448601
1597305600000,0.4461,0.4461,0.4245,0.4408,2488060.07,1078705.71,0.435175
1597312800000,0.4411,0.445,0.436,0.4422,1062827.04,469035.87,0.440496
1597320000000,0.4424,0.4448,0.4322,0.4401,1287142.85,564605.28,0.438477
1597327200000,0.4405,0.4678,0.4375,0.4678,2666700.2,1206953.36,0.452268
1597334400000,0.468,0.4748,0.4573,0.4635,2328501.72,1081772.13,0.466055
1597341600000,0.4633,0.4662,0.4565,0.4646,1334491.11,615773.57,0.461338
1597348800000,0.4644,0.4672,0.4468,0.4511,2238689.03,1018379.53,0.456911
1597356000000,0.4513,0.4532,0.4465,0.4498,1091172.23,490970.52,0.449841
1597363200000,0.4499,0.4519,0.442,0.4472,1359978.68,608200.08,0.44692
1597370400000,0.4479,0.4536,0.4446,0.4519,754371.05,339425.54,0.449058
1597377600000,0.4526,0.4573,0.4506,0.4549,734429.92,333094.99,0.453956
1597384800000,0.455,0.4686,0.4538,0.4647,1730423.75,801771.46,0.461362
1597392000000,0.4647,0.48,0.4646,0.4777,1594411.91,753720.05,0.472538
1597399200000,0.4775,0.4798,0.4643,0.4677,1185259.07,560445.69,0.471989
1597406400000,0.4678,0.4717,0.4572,0.468,1308804.04,606615.03,0.46445
1597413600000,0.4679,0.4917,0.461,0.4853,2538759.96,1218909.62,0.476328
1597420800000,0.485,0.5,0.4691,0.4936,3711028.71,1808003.91,0.484456
1597428000000,0.493,0.5152,0.4926,0.5057,6184471.77,3115195.21,0.50429
1597435200000,0.504,0.5058,0.4873,0.4994,1615332.11,801518.13,0.496469
1597442400000,0.4999,0.549,0.4979,0.5391,5226908.28,2760488.39,0.524131
1597449600000,0.5391,0.5485,0.5136,0.524,3361506.35,1782684.76,0.531025
1597456800000,0.5249,0.5406,0.5145,0.5242,2389171.56,1262330.64,0.527551
1597464000000,0.5241,0.545,0.5169,0.5427,3252458.08,1710124.62,0.530649
1597471200000,0.5433,0.5525,0.5244,0.5312,5613183.15,3005579.38,0.538508
1597478400000,0.5312,0.5366,0.5169,0.5239,2395226.47,1260205.99,0.526722
1597485600000,0.5239,0.5254,0.5091,0.5138,2197910.29,1135129.95,0.51708
1597492800000,0.5138,0.5207,0.5009,0.5073,2007065.02,1022217.79,0.510807
1597500000000,0.5074,0.5202,0.5042,0.5056,1741957.51,891693.48,0.512218
1597507200000,0.5055,0.5072,0.4972,0.5022,1690210.74,848243.57,0.502154
1597514400000,0.5023,0.5072,0.4994,0.5033,1531925.6,771511.77,0.503302
1597521600000,0.5025,0.5253,0.4953,0.4986,2799293.02,1425586.71,0.510341
1597528800000,0.4992,0.5021,0.492,0.4969,1197092.47,595205.75,0.497037
1597536000000,0.496,0.4992,0.4805,0.4905,1756079.28,859561.42,0.489775
1597543200000,0.4904,0.4922,0.4861,0.4893,988179.41,482904.8,0.489144
1597550400000,0.4892,0.4987,0.487,0.4973,1059351.95,522382.39,0.492796
1597557600000,0.4964,0.5077,0.4941,0.5042,1399549.38,702759.99,0.500954
1597564800000,0.5041,0.5165,0.5039,0.5109,1275471.59,651917.57,0.510412
1597572000000,0.5115,0.5122,0.4941,0.4941,1682391.5,846674.72,0.503255
1597579200000,0.494,0.5011,0.4866,0.5006,1119793.9,552460.05,0.493662
1597586400000,0.5007,0.5326,0.4978,0.5203,2866363.06,1476313.18,0.515605
1597593600000,0.5205,0.5295,0.513,0.5165,1710412.66,889676.49,0.521291
1597600800000,0.5165,0.5326,0.5124,0.5324,2323746.48,1211166.42,0.522143
1597608000000,0.5324,0.6092,0.5313,0.5946,12175739.62,7112109.13,0.57153
1597615200000,0.5945,0.6227,0.5746,0.6092,5441869.69,3273595.17,0.598573
1597622400000,0.6103,0.6204,0.5855,0.5904,3966244.33,2387935.45,0.60318
1597629600000,0.5901,0.6068,0.582,0.5855,1830179.54,1084373.46,0.594457
1597636800000,0.5854,0.59,0.5746,0.5793,2061582.72,1195824.4,0.582298
1597644000000,0.5793,0.635,0.5767,0.6164,3633190.84,2210767.7,0.606751
1597651200000,0.616,0.6177,0.593,0.6059,2294632.11,1388258.01,0.605106
1597658400000,0.6059,0.6067,0.5867,0.5877,1930864.64,1151199.78,0.596674
1597665600000,0.5876,0.5966,0.5555,0.5741,2417828.99,1391561.04,0.575917
1597672800000,0.574,0.5838,0.53,0.558,3766976.26,2129375.2,0.556694
1597680000000,0.558,0.5811,0.5504,0.578,1730706.62,983912.31,0.565483
1597687200000,0.578,0.5797,0.5692,0.5729,685701.29,393835.34,0.574387
1597694400000,0.5733,0.5748,0.5697,0.5718,714542.83,409308.13,0.572243
1597701600000,0.572,0.5791,0.5539,0.5619,1260692.99,712634.9,0.566481
1597708800000,0.5619,0.589,0.5577,0.5812,1564610.83,900219.08,0.573539
1597716000000,0.5809,0.5967,0.5755,0.5794,983774.89,577009.97,0.586107
1597723200000,0.5788,0.5885,0.565,0.5772,1368523.17,790887.91,0.576749
1597730400000,0.5771,0.5997,0.5762,0.5924,1995376.32,1180070.98,0.588329
1597737600000,0.5931,0.6105,0.58,0.5854,1810369.79,1081625.2,0.595347
1597744800000,0.5854,0.5914,0.5636,0.5651,890645.48,516048.98,0.577846
1597752000000,0.5638,0.5798,0.5338,0.5463,2478566.68,1393347.75,0.556866
1597759200000,0.5464,0.5611,0.5417,0.545,2230899.14,1228534.71,0.551407
1597766400000,0.5459,0.5514,0.5424,0.5514,910639.81,497286.15,0.54672
1597773600000,0.5514,0.5562,0.5481,0.5526,819605.87,452287.41,0.552151
1597780800000,0.5525,0.5672,0.5496,0.5609,904554.53,504311.19,0.558503
1597788000000,0.5612,0.5824,0.5585,0.5647,1510904.63,864430.96,0.57049
1597795200000,0.565,0.5942,0.5647,0.5767,1656813.0,963597.37,0.579802
1597802400000,0.576,0.5762,0.53,0.5303,2150689.38,1176466.79,0.553084
1597809600000,0.5303,0.5377,0.4953,0.5139,3377872.47,1756177.88,0.516282
1597816800000,0.5143,0.5298,0.5038,0.5256,3126902.81,1622626.19,0.516644
1597824000000,0.5276,0.5344,0.5193,0.5265,1068595.63,563769.9,0.52685
1597831200000,0.5272,0.5337,0.5154,0.532,1083002.22,568101.94,0.524462
1597838400000,0.5325,0.5417,0.5263,0.5379,1332587.34,711621.81,0.533962
1597845600000,0.5386,0.5539,0.5138,0.5198,2862164.69,1520174.46,0.53412
1597852800000,0.5186,0.5252,0.509,0.5208,1032950.54,535294.38,0.517088
1597860000000,0.5209,0.5209,0.5006,0.5013,785264.76,399843.88,0.510644
1597867200000,0.5013,0.5191,0.496,0.5153,1007091.91,511887.21,0.507474
1597874400000,0.5155,0.5211,0.5125,0.5133,355007.82,183601.96,0.51684
1597881600000,0.5133,0.53,0.5117,0.5217,945984.64,495070.36,0.521036
1597888800000,0.5213,0.5253,0.5077,0.5085,625510.73,323027.93,0.516744
1597896000000,0.5089,0.5169,0.5049,0.5147,889958.13,455625.56,0.510844
1597903200000,0.5145,0.5356,0.5101,0.5254,1287654.32,679466.54,0.522989
1597910400000,0.5255,0.5402,0.5243,0.5393,1050986.66,561448.66,0.532215
1597917600000,0.5393,0.5648,0.5351,0.5592,2475692.6,1367850.91,0.550038
1597924800000,0.5601,0.5608,0.5428,0.553,973161.04,534867.71,0.551608
1597932000000,0.553,0.5611,0.545,0.5593,949823.22,524554.32,0.552927
1597939200000,0.5593,0.6063,0.55,0.5753,3579705.89,2092503.44,0.578374
1597946400000,0.5755,0.62,0.5676,0.6199,3593233.89,2130321.89,0.592947
1597953600000,0.6199,0.6879,0.6167,0.6302,11237906.64,7229559.54,0.652443
1597960800000,0.6313,0.6313,0.6078,0.6111,2727217.6,1681151.55,0.619176
1597968000000,0.6119,0.6647,0.6119,0.6446,4731660.27,3048622.93,0.639366
1597975200000,0.6442,0.825,0.6305,0.7009,17264492.72,12550116.78,0.728948
1597982400000,0.7008,0.7827,0.6965,0.7609,12724641.12,9395355.19,0.74081
1597989600000,0.7629,0.8846,0.7434,0.8296,21122128.47,17075699.13,0.815049
1597996800000,0.8295,0.96,0.775,0.7871,28239209.6,24631962.16,0.868288
1598004000000,0.7869,0.863,0.7562,0.7857,21591034.32,17199255.03,0.809601
1598011200000,0.7881,0.7889,0.715,0.7534,15401545.57,11671654.25,0.750853
1598018400000,0.755,0.9134,0.7372,0.8621,31687068.57,26319864.7,0.827005
1598025600000,0.8635,0.8715,0.7547,0.7699,17974842.77,14534338.68,0.812411
1598032800000,0.7699,0.8119,0.7351,0.7731,9649547.0,7494458.52,0.773501
1598040000000,0.7731,0.801,0.7088,0.7202,6416132.64,4856203.14,0.75564
1598047200000,0.7215,0.7544,0.6814,0.694,4691990.81,3378825.27,0.718273
1598054400000,0.694,0.7592,0.6322,0.7385,13187916.18,9095342.96,0.695049
1598061600000,0.7384,0.845,0.7338,0.7904,14600545.05,11518678.98,0.790846
1598068800000,0.7905,0.7964,0.725,0.7342,5359835.21,4054069.74,0.760396
1598076000000,0.7342,0.7803,0.7304,0.7373,4096765.61,3083799.42,0.755369
1598083200000,0.7373,0.7502,0.7059,0.7149,3783427.52,2749710.57,0.728183
1598090400000,0.716,0.738,0.6854,0.6986,3061506.48,2174635.2,0.711824
1598097600000,0.699,0.7209,0.6774,0.698,4080026.58,2843891.02,0.69915
1598104800000,0.6979,0.7342,0.6878,0.6958,3278422.65,2326532.82,0.711007
1598112000000,0.6961,0.7026,0.68,0.6868,2738407.86,1888325.72,0.691293
1598119200000,0.6868,0.7095,0.6845,0.6983,2055030.42,1428182.24,0.697249
1598126400000,0.6972,0.7513,0.6934,0.745,3475846.66,2494221.66,0.722607
1598133600000,0.7447,0.7469,0.7211,0.7281,2456084.49,1802394.56,0.733723
1598140800000,0.7285,0.7987,0.7271,0.7782,4887889.32,3730742.43,0.764208
1598148000000,0.7788,0.7816,0.7118,0.7269,2974808.91,2200494.68,0.745714
1598155200000,0.7284,0.733,0.6976,0.7031,2049623.95,1461574.29,0.715234
1598162400000,0.704,0.7271,0.7027,0.7204,940778.61,672688.42,0.715244
1598169600000,0.7203,0.7225,0.7038,0.7181,973497.34,694422.5,0.713129
1598176800000,0.718,0.7212,0.6872,0.692,1377558.03,964789.41,0.704063
1598184000000,0.6924,0.733,0.6919,0.7325,1270642.7,902664.12,0.71245
1598191200000,0.7329,0.7499,0.72,0.7273,2438277.03,1788632.49,0.734993
1598198400000,0.7273,0.7357,0.7109,0.7242,1132299.88,818047.66,0.72329
1598205600000,0.7243,0.7348,0.7199,0.7208,604437.8,438771.04,0.727417
1598212800000,0.7216,0.7501,0.7205,0.7368,1265947.61,935911.34,0.735731
1598220000000,0.7359,0.7376,0.7132,0.7223,795698.75,575925.97,0.725088
1598227200000,0.7223,0.7223,0.6989,0.7013,1234762.74,870830.75,0.710297
1598234400000,0.7013,0.7236,0.6996,0.7142,990886.37,704819.22,0.7119
1598241600000,0.7143,0.7162,0.7,0.7043,759175.28,535556.79,0.707974
1598248800000,0.7043,0.743,0.7024,0.7285,1887810.0,1377009.64,0.723314
1598256000000,0.7284,0.7299,0.7142,0.7239,895233.11,646177.61,0.721964
1598263200000,0.7239,0.7535,0.7184,0.7474,2033530.75,1492925.34,0.735988
1598270400000,0.7486,0.76,0.7244,0.7276,1944775.69,1443901.13,0.742591
1598277600000,0.7275,0.7275,0.7138,0.719,1186237.88,853161.32,0.720373
1598284800000,0.7202,0.7275,0.7048,0.7259,1224575.63,875653.26,0.716039
1598292000000,0.7268,0.7269,0.7097,0.7178,660053.54,473971.2,0.718006
1598299200000,0.7169,0.735,0.7141,0.7239,997479.81,723098.02,0.72467
1598306400000,0.724,0.7511,0.7237,0.7305,3002877.19,2222963.02,0.737545
1598313600000,0.7303,0.7335,0.7135,0.7187,932211.59,672387.29,0.723408
1598320800000,0.7176,0.7185,0.7007,0.7061,1334093.06,944835.0,0.709338
1598328000000,0.7062,0.712,0.702,0.7063,573130.26,405097.61,0.707
1598335200000,0.7063,0.7065,0.6783,0.6851,1916835.96,1327231.88,0.691857
1598342400000,0.6868,0.6877,0.6596,0.6771,2209564.22,1484507.68,0.673395
1598349600000,0.6771,0.6895,0.6745,0.6849,1106885.77,756722.33,0.682073
1598356800000,0.6849,0.6849,0.6621,0.6729,1472626.59,991005.27,0.673098
1598364000000,0.6738,0.6738,0.6408,0.6558,2147594.49,1404733.64,0.656697
1598371200000,0.6569,0.6606,0.6135,0.6207,3144159.26,1982827.32,0.636747
1598378400000,0.6213,0.647,0.6018,0.6422,2234820.12,1400175.14,0.623985
1598385600000,0.6423,0.6433,0.6258,0.6331,661872.58,420041.14,0.634316
1598392800000,0.6328,0.6575,0.6325,0.6484,963218.28,624815.17,0.645475
1598400000000,0.6483,0.6494,0.6245,0.6391,1164227.84,739651.56,0.636711
1598407200000,0.64,0.6567,0.6382,0.6423,1117185.4,722173.12,0.647474
1598414400000,0.6434,0.6581,0.6402,0.6568,1363821.06,884383.54,0.648995
1598421600000,0.6567,0.658,0.6275,0.6367,1152788.43,738401.21,0.642274
1598428800000,0.6361,0.6421,0.6304,0.6344,655756.76,416033.42,0.636255
1598436000000,0.6344,0.6516,0.6344,0.6394,1128820.62,727969.08,0.643132
1598443200000,0.6387,0.6447,0.6155,0.6296,1371768.43,861293.51,0.629999
1598450400000,0.6293,0.652,0.6283,0.6505,1042619.44,667438.86,0.640213
1598457600000,0.6501,0.6943,0.6501,0.6899,4474591.49,3025599.12,0.672759
1598464800000,0.6903,0.6925,0.6678,0.678,1818866.19,1234356.05,0.679886
1598472000000,0.6781,0.683,0.6658,0.6667,573635.01,386945.28,0.674647
1598479200000,0.6663,0.6683,0.6534,0.6591,844338.56,557574.39,0.660735
1598486400000,0.6597,0.6784,0.65,0.6536,1330899.43,887328.67,0.664288
1598493600000,0.654,0.656,0.6399,0.642,967095.38,624721.24,0.647942
1598500800000,0.6419,0.6469,0.6237,0.629,1402344.62,888178.9,0.635287
1598508000000,0.6292,0.64,0.628,0.6383,989276.5,626303.45,0.634042
1598515200000,0.6388,0.6408,0.6289,0.6367,730431.8,463088.02,0.634827
1598522400000,0.6363,0.6441,0.615,0.6174,1099485.52,690667.39,0.629868
1598529600000,0.6174,0.6464,0.6117,0.623,1399337.02,878176.88,0.629108
1598536800000,0.623,0.6243,0.6089,0.6214,941668.09,580816.73,0.616585
1598544000000,0.6202,0.6339,0.5811,0.5998,2383215.32,1433209.99,0.607403
1598551200000,0.5999,0.611,0.5966,0.6055,700999.54,423195.99,0.603843
1598558400000,0.606,0.6126,0.6031,0.6046,400132.5,243059.56,0.607864
1598565600000,0.6047,0.612,0.5929,0.6055,914853.3,551139.72,0.602449
1598572800000,0.606,0.6195,0.5935,0.6176,585476.05,355451.2,0.606222
1598580000000,0.6181,0.628,0.6165,0.6222,865750.2,538200.21,0.622319
1598587200000,0.622,0.6248,0.6126,0.6211,554730.78,342964.47,0.618696
1598594400000,0.6199,0.6323,0.6171,0.6182,819580.58,512502.23,0.624718
1598601600000,0.6186,0.6368,0.6147,0.6319,807509.66,504442.36,0.6258
1598608800000,0.6331,0.6392,0.625,0.6366,726707.24,458615.13,0.632058
1598616000000,0.6376,0.6439,0.6276,0.6353,733875.63,466677.32,0.635746
1598623200000,0.6353,0.6466,0.6279,0.6389,1781947.12,1134616.73,0.637251
1598630400000,0.6389,0.6418,0.6302,0.6382,762337.16,484704.31,0.635998
1598637600000,0.6379,0.6425,0.632,0.6347,458052.7,291863.64,0.637273
1598644800000,0.6338,0.6363,0.6244,0.627,497061.74,312941.18,0.630346
1598652000000,0.6276,0.6408,0.6225,0.6387,905047.71,569803.97,0.631498
1598659200000,0.6396,0.642,0.6264,0.6288,673790.94,425470.56,0.6342
1598666400000,0.629,0.6319,0.6223,0.6251,584203.77,366083.44,0.627102
1598673600000,0.6243,0.6323,0.6228,0.6274,622209.75,391066.95,0.627596
1598680800000,0.628,0.6359,0.6259,0.6306,545168.28,343913.52,0.630928
1598688000000,0.631,0.6492,0.6276,0.6449,887287.89,566439.38,0.638452
1598695200000,0.6448,0.6592,0.6351,0.6394,3016842.76,1961974.31,0.647214
1598702400000,0.6398,0.6489,0.6346,0.6401,855234.17,549114.53,0.64175
1598709600000,0.6411,0.6527,0.6371,0.6506,1035428.47,668470.87,0.644803
1598716800000,0.6495,0.6676,0.6473,0.6512,1379744.29,908318.3,0.657462
1598724000000,0.6512,0.6557,0.6467,0.6501,486961.22,317161.11,0.651202
1598731200000,0.6508,0.6613,0.6508,0.6587,456796.47,300226.56,0.656264
1598738400000,0.6588,0.6588,0.6437,0.6443,471934.58,306889.46,0.65116
1598745600000,0.6441,0.6541,0.6437,0.6479,751893.44,487245.6,0.649
1598752800000,0.6479,0.6533,0.6443,0.6496,728361.96,472466.95,0.6488
1598760000000,0.6493,0.6502,0.6373,0.6416,544977.16,350485.11,0.643584
1598767200000,0.6414,0.6416,0.6351,0.6358,443079.09,282749.19,0.638293
1598774400000,0.6358,0.6384,0.6287,0.63,765791.79,484716.22,0.633614
1598781600000,0.6301,0.64,0.6283,0.639,583933.74,369708.72,0.634082
1598788800000,0.6395,0.6427,0.6358,0.6404,610326.49,390073.98,0.639247
1598796000000,0.6399,0.6405,0.631,0.6346,490730.72,311772.56,0.635623
1598803200000,0.6348,0.6412,0.6309,0.6382,577913.23,367645.9,0.636037
1598810400000,0.6382,0.642,0.6368,0.6385,295116.2,188623.47,0.639401
1598817600000,0.6384,0.6402,0.6292,0.6325,426733.22,271018.34,0.634642
1598824800000,0.6321,0.6409,0.6295,0.6364,444716.01,283190.65,0.635235
1598832000000,0.6362,0.639,0.6229,0.6255,1148967.77,723108.4,0.630962
1598839200000,0.6255,0.6297,0.6222,0.6246,713357.33,446135.57,0.625953
1598846400000,0.6246,0.6264,0.6169,0.6192,768768.21,477937.78,0.621628
1598853600000,0.6193,0.6198,0.6127,0.614,737440.01,454136.8,0.616185
1598860800000,0.614,0.6159,0.61,0.6118,391005.36,239532.67,0.612952
1598868000000,0.6118,0.6243,0.6105,0.6217,510949.71,315355.95,0.617496
1598875200000,0.6218,0.6238,0.6173,0.6178,500755.27,310801.3,0.620628
1598882400000,0.6188,0.6204,0.611,0.6196,685188.38,422145.11,0.615694
1598889600000,0.6193,0.6227,0.6165,0.6185,326525.15,202220.4,0.619603
1598896800000,0.6179,0.6287,0.6179,0.6237,873902.17,545390.49,0.623494
1598904000000,0.6237,0.6273,0.6105,0.6135,593773.45,367479.37,0.61893
1598911200000,0.6135,0.6176,0.612,0.6121,307406.62,189151.74,0.614832
1598918400000,0.6121,0.6134,0.5968,0.606,992457.08,600177.69,0.604962
1598925600000,0.6062,0.6125,0.6025,0.6078,752352.34,456809.57,0.607503
1598932800000,0.6083,0.6111,0.6005,0.6097,633480.43,383400.98,0.605786
1598940000000,0.6097,0.6311,0.604,0.6275,1754613.86,1088688.57,0.617423
1598947200000,0.6279,0.6322,0.6199,0.6275,858944.94,538688.13,0.62605
1598954400000,0.6274,0.628,0.6116,0.6157,745366.52,462910.15,0.619545
1598961600000,0.6152,0.6209,0.6128,0.6133,415909.64,256412.75,0.616886
1598968800000,0.6133,0.6167,0.6038,0.6082,1232605.78,752915.77,0.61023
1598976000000,0.6087,0.6109,0.6042,0.6064,582335.79,353834.79,0.60755
1598983200000,0.6063,0.6187,0.606,0.6109,484456.71,296398.73,0.612477
1598990400000,0.6109,0.6173,0.6086,0.6106,373899.12,229029.48,0.612951
1598997600000,0.6105,0.6148,0.598,0.601,846281.72,513112.42,0.606456
1599004800000,0.6016,0.6043,0.5952,0.596,752310.08,450657.49,0.599849
1599012000000,0.596,0.5969,0.5833,0.588,918603.01,540656.56,0.58992
1599019200000,0.5876,0.6021,0.5869,0.5924,535944.57,318926.02,0.594615
1599026400000,0.5923,0.5926,0.5761,0.5762,759122.05,443308.15,0.584381
1599033600000,0.5762,0.5816,0.5673,0.5785,727859.67,418698.51,0.574431
1599040800000,0.5785,0.5792,0.5062,0.5485,3713852.02,2002427.79,0.541783
1599048000000,0.5481,0.5572,0.5414,0.5464,1884825.05,1036622.41,0.549306
1599055200000,0.5462,0.5525,0.5373,0.5465,688601.65,375444.0,0.5449
1599062400000,0.5465,0.5477,0.5311,0.5373,771474.79,415852.17,0.539192
1599069600000,0.5373,0.5485,0.5365,0.5476,572539.13,311233.77,0.542511
1599076800000,0.5476,0.5579,0.5449,0.556,374932.71,207103.27,0.551353
1599084000000,0.5559,0.5589,0.5536,0.5582,218232.37,121385.2,0.55621
1599091200000,0.5583,0.5665,0.5545,0.5658,457847.26,257041.31,0.560332
1599098400000,0.5665,0.5733,0.5568,0.5629,886021.54,502549.26,0.565054
1599105600000,0.5628,0.5676,0.5417,0.554,1296781.18,714766.1,0.554539
1599112800000,0.554,0.5663,0.5358,0.5503,1085361.28,598941.36,0.551046
1599120000000,0.5509,0.5527,0.5346,0.5356,910325.47,494575.7,0.543737
1599127200000,0.5356,0.5366,0.501,0.5084,1608025.1,834314.3,0.518253
1599134400000,0.508,0.5098,0.4607,0.4907,2751470.67,1332414.18,0.484798
1599141600000,0.4917,0.4921,0.4604,0.4773,2134005.67,1018984.59,0.475801
1599148800000,0.4787,0.5028,0.4743,0.4918,2445845.15,1204421.77,0.488734
1599156000000,0.4911,0.4984,0.4834,0.4916,518432.88,253991.16,0.4909
1599163200000,0.4909,0.5039,0.4908,0.4977,501558.27,249437.9,0.49757
1599170400000,0.4978,0.5009,0.435,0.4443,1467766.26,681989.32,0.467338
1599177600000,0.4438,0.4653,0.437,0.4525,1398613.04,630744.02,0.451223
1599184800000,0.452,0.4534,0.4379,0.4409,1107207.55,491777.6,0.445532
1599192000000,0.4409,0.45,0.4401,0.4487,550010.26,244104.56,0.445096
1599199200000,0.4481,0.4499,0.422,0.4387,877629.78,383148.58,0.435732
1599206400000,0.4385,0.4686,0.4378,0.4684,1692134.06,764102.9,0.453123
1599213600000,0.4686,0.4772,0.46,0.4686,1180488.87,552961.97,0.4686
1599220800000,0.4689,0.5229,0.4581,0.5214,1774801.94,864485.63,0.489587
1599228000000,0.5215,0.5248,0.4311,0.4907,3165642.41,1509991.06,0.477168
1599235200000,0.4889,0.4927,0.48,0.4842,880034.89,428304.54,0.486343
1599242400000,0.4846,0.4958,0.4765,0.4883,619652.45,300566.71,0.486147
1599249600000,0.4895,0.5135,0.4876,0.506,863694.43,432340.08,0.500866
1599256800000,0.5053,0.5241,0.4927,0.5141,1333624.22,680419.91,0.508374
1599264000000,0.5131,0.5226,0.508,0.5146,835266.43,429742.01,0.515304
1599271200000,0.5142,0.5153,0.5002,0.5025,523300.4,265459.76,0.507644
1599278400000,0.5024,0.5032,0.4874,0.4875,488367.48,241930.99,0.4954
1599285600000,0.4874,0.4971,0.4813,0.4877,758429.93,370689.92,0.4892
1599292800000,0.4893,0.4893,0.4579,0.458,934848.53,443444.1,0.473583
1599300000000,0.4587,0.4661,0.4313,0.4492,1353388.59,608111.75,0.4486
1599307200000,0.4483,0.463,0.4168,0.457,1878694.81,826863.28,0.439786
1599314400000,0.4564,0.4605,0.4514,0.455,524439.53,239309.7,0.455951
1599321600000,0.4545,0.4584,0.4294,0.4397,914992.46,405830.95,0.443677
1599328800000,0.44,0.4421,0.403,0.4169,1423371.53,596527.55,0.421986
1599336000000,0.4183,0.4334,0.4069,0.4223,854106.39,361563.71,0.420149
1599343200000,0.4225,0.4358,0.411,0.4299,538273.89,227916.87,0.423336
1599350400000,0.4292,0.4454,0.4245,0.4289,661710.22,287981.21,0.43495
1599357600000,0.4306,0.4352,0.4216,0.422,396335.66,169343.66,0.428633
1599364800000,0.422,0.4321,0.4098,0.4239,668780.86,280090.29,0.420946
1599372000000,0.4239,0.441,0.4107,0.4396,571949.5,243757.64,0.425425
1599379200000,0.4402,0.4586,0.44,0.4528,980521.16,439057.05,0.449663
1599386400000,0.453,0.4614,0.44,0.4594,722466.28,326897.8,0.450574
1599393600000,0.459,0.4676,0.4501,0.4569,611879.59,281227.3,0.458853
1599400800000,0.4568,0.4606,0.4403,0.4489,496202.38,222130.76,0.450356
1599408000000,0.448,0.4579,0.4393,0.4483,520876.35,235050.91,0.4486
1599415200000,0.4482,0.4629,0.4444,0.4615,271012.71,123267.15,0.453472
1599422400000,0.4611,0.47,0.4594,0.4679,600713.91,279223.44,0.464723
1599429600000,0.4679,0.4679,0.451,0.4605,478184.99,218686.93,0.459211
1599436800000,0.4606,0.4843,0.4578,0.4843,727002.47,341037.18,0.4707
1599444000000,0.484,0.4843,0.4672,0.4756,948054.79,449477.19,0.47549
1599451200000,0.4755,0.477,0.4591,0.4596,656091.16,306880.18,0.468173
1599458400000,0.4601,0.4603,0.4489,0.4528,607825.49,276594.51,0.454389
1599465600000,0.4528,0.4602,0.4463,0.4474,445667.82,202475.15,0.453374
1599472800000,0.4476,0.4494,0.4273,0.433,1367957.12,597154.33,0.438111
1599480000000,0.4332,0.4483,0.4172,0.4415,1890670.59,811308.84,0.432667
1599487200000,0.4416,0.45,0.426,0.4456,796744.41,350969.27,0.437961
1599494400000,0.4463,0.4549,0.4405,0.4436,441858.7,197395.43,0.447724
1599501600000,0.4442,0.448,0.436,0.4374,190378.54,84233.38,0.442105
1599508800000,0.437,0.4467,0.4346,0.4399,239105.89,105036.35,0.440682
1599516000000,0.441,0.4599,0.441,0.4598,652485.76,296239.86,0.450466
1599523200000,0.4599,0.4637,0.4494,0.4511,372837.12,169864.84,0.45666
1599530400000,0.4509,0.46,0.4496,0.4537,255858.01,116451.77,0.454846
1599537600000,0.4543,0.4579,0.4464,0.4467,326903.57,147235.66,0.452352
1599544800000,0.4467,0.4568,0.4463,0.4531,409640.41,185510.93,0.451719
1599552000000,0.4531,0.4588,0.4364,0.4364,614029.92,274870.05,0.44806
1599559200000,0.436,0.443,0.4287,0.4316,691523.41,301859.14,0.4359
1599566400000,0.4304,0.4386,0.4243,0.4304,953867.15,411469.79,0.43145
1599573600000,0.4296,0.4454,0.4295,0.4409,403233.51,177194.13,0.437768
1599580800000,0.4403,0.445,0.4394,0.4437,168270.29,74384.38,0.44222
1599588000000,0.4448,0.4448,0.425,0.4297,492370.28,212271.08,0.4345
1599595200000,0.4302,0.4375,0.4294,0.4328,191876.6,83018.7,0.433502
1599602400000,0.4349,0.4378,0.4147,0.433,975200.04,416047.97,0.426237
1599609600000,0.4334,0.4352,0.4286,0.4314,188371.59,81371.71,0.431888
1599616800000,0.4324,0.4325,0.4208,0.4255,301484.78,128087.55,0.426431
1599624000000,0.4267,0.4365,0.4231,0.4348,214639.35,92624.74,0.429704
1599631200000,0.4351,0.4404,0.4282,0.4398,187439.37,81303.59,0.434179
1599638400000,0.4405,0.4483,0.4371,0.4458,529360.32,234448.61,0.442673
1599645600000,0.4462,0.453,0.4422,0.4472,324570.06,145181.11,0.447602
1599652800000,0.4481,0.4522,0.4434,0.4477,311559.2,139423.67,0.4478
1599660000000,0.4482,0.458,0.4467,0.4553,591125.68,267294.0,0.452416
1599667200000,0.4555,0.467,0.4487,0.467,695682.98,319452.89,0.457478
1599674400000,0.467,0.473,0.4643,0.4662,323308.82,151632.05,0.468654
1599681600000,0.4662,0.4691,0.4601,0.4618,291032.27,135473.88,0.464638
1599688800000,0.4616,0.4691,0.4561,0.4597,397287.23,183392.04,0.46261
1599696000000,0.4593,0.4743,0.4591,0.4704,335888.31,156654.76,0.466985
1599703200000,0.4702,0.4749,0.4666,0.4748,343980.92,162040.59,0.470604
1599710400000,0.4746,0.4749,0.4698,0.4718,259572.39,122505.45,0.472281
1599717600000,0.471,0.4741,0.4543,0.4572,453939.5,210791.78,0.464214
1599724800000,0.4576,0.4653,0.4532,0.4607,339980.43,156099.48,0.459252
1599732000000,0.4612,0.4681,0.4591,0.465,240950.72,111678.76,0.463623
1599739200000,0.4648,0.486,0.4641,0.4847,577915.98,273695.55,0.475128
1599746400000,0.4846,0.4995,0.455,0.486,2132323.98,1031512.22,0.477248
1599753600000,0.4864,0.4891,0.476,0.4799,276345.13,132700.59,0.482511
1599760800000,0.48,0.4836,0.47,0.4706,394922.24,187647.21,0.477003
1599768000000,0.47,0.4723,0.4646,0.471,620560.74,290234.44,0.468441
1599775200000,0.4714,0.4742,0.4673,0.4707,290180.44,136631.68,0.470749
1599782400000,0.4715,0.486,0.4706,0.4804,631636.08,301961.97,0.478514
1599789600000,0.4813,0.51,0.4713,0.4922,2600984.54,1292050.22,0.490729
1599796800000,0.4923,0.519,0.49,0.5166,1998248.94,1011833.56,0.504511
1599804000000,0.5172,0.5198,0.5016,0.5063,1169578.75,596631.2,0.510597
1599811200000,0.5067,0.5183,0.5025,0.513,1246618.4,637374.17,0.510423
1599818400000,0.5123,0.5134,0.5022,0.5038,618095.16,313924.89,0.507758
1599825600000,0.5033,0.5108,0.4952,0.498,799472.29,401035.81,0.50307
1599832800000,0.4975,0.5142,0.4963,0.5034,733203.2,370697.05,0.505384
1599840000000,0.5022,0.5112,0.4986,0.5061,483122.41,244051.97,0.504918
1599847200000,0.5066,0.5103,0.5046,0.5084,248158.31,126001.54,0.507449
1599854400000,0.5079,0.5114,0.5052,0.5103,204243.8,103908.55,0.508269
1599861600000,0.5099,0.5325,0.5099,0.5277,1330413.11,699837.86,0.521641
1599868800000,0.5287,0.5294,0.517,0.5224,626719.4,327311.23,0.523038
1599876000000,0.5224,0.5236,0.51,0.5122,879986.91,452913.83,0.516718
1599883200000,0.5124,0.5196,0.5112,0.5187,280126.22,144779.57,0.515375
1599890400000,0.5186,0.52,0.5116,0.5178,464390.65,239749.8,0.515795
1599897600000,0.5178,0.5322,0.5148,0.5309,648796.29,340006.52,0.52336
1599904800000,0.5312,0.5339,0.5264,0.5321,391464.57,207845.17,0.530145
1599912000000,0.5321,0.5321,0.5126,0.5149,825142.76,429428.83,0.522072
1599919200000,0.5157,0.5244,0.5137,0.5217,474909.62,246924.96,0.51908
1599926400000,0.5219,0.5244,0.5187,0.5209,224316.96,117085.27,0.521551
1599933600000,0.5209,0.5243,0.513,0.5154,591941.81,306862.91,0.518681
1599940800000,0.5153,0.517,0.507,0.5124,614969.75,314173.96,0.51196
1599948000000,0.5123,0.5166,0.5081,0.5162,309838.87,158981.5,0.512244
1599955200000,0.5162,0.5162,0.5075,0.5091,310570.18,158966.29,0.51169
1599962400000,0.509,0.512,0.507,0.5103,349656.9,177930.55,0.509497
1599969600000,0.511,0.5132,0.5014,0.503,527156.96,266639.21,0.507339
1599976800000,0.5034,0.5071,0.5034,0.5061,383250.25,193554.98,0.505327
1599984000000,0.5061,0.5069,0.4923,0.4954,975066.61,488694.06,0.499422
1599991200000,0.4963,0.4967,0.4774,0.4795,1276562.19,622521.79,0.486851
1599998400000,0.4795,0.487,0.4709,0.4848,1015462.06,487678.57,0.478861
1600005600000,0.4841,0.4864,0.471,0.4745,295862.23,142104.95,0.478635
1600012800000,0.4753,0.482,0.468,0.4806,585209.38,277458.06,0.47489
1600020000000,0.4789,0.4836,0.4751,0.4821,290251.96,139149.0,0.479308
1600027200000,0.4814,0.4835,0.4766,0.4801,280526.89,134403.8,0.480044
1600034400000,0.4803,0.4905,0.4803,0.4905,197417.47,95907.65,0.4854
1600041600000,0.4899,0.4914,0.4735,0.4857,638516.28,308467.93,0.482375
1600048800000,0.486,0.4924,0.4852,0.4856,447313.47,218471.62,0.488802
1600056000000,0.4859,0.487,0.4774,0.4807,247933.83,119578.2,0.482113
1600063200000,0.4812,0.486,0.4784,0.4844,226865.4,109482.49,0.482172
1600070400000,0.4844,0.4848,0.4724,0.4762,271364.4,129760.89,0.478391
1600077600000,0.4765,0.481,0.4747,0.4803,150356.7,71845.56,0.477795
1600084800000,0.481,0.4892,0.4769,0.4865,485161.22,233881.67,0.483013
1600092000000,0.4879,0.491,0.4855,0.4889,197647.69,96489.91,0.488249
1600099200000,0.4889,0.4905,0.4827,0.4839,237856.71,115714.67,0.486623
1600106400000,0.4848,0.4848,0.4758,0.4777,205853.35,98758.39,0.480125
1600113600000,0.478,0.4812,0.473,0.4788,592856.73,282539.36,0.477097
1600120800000,0.4788,0.4812,0.47,0.4729,363186.1,172312.89,0.475581
1600128000000,0.4737,0.4778,0.4719,0.4745,211216.36,100298.56,0.474853
1600135200000,0.4743,0.4792,0.4708,0.4716,517367.84,245705.42,0.475054
1600142400000,0.4711,0.4736,0.4624,0.4649,594265.34,278124.38,0.468
1600149600000,0.4646,0.4672,0.4605,0.4644,360736.03,167241.13,0.46385
1600156800000,0.4645,0.4659,0.4541,0.4611,421101.15,193251.18,0.459941
1600164000000,0.4611,0.4684,0.459,0.4648,321224.01,149229.26,0.46373
1600171200000,0.4649,0.4674,0.4571,0.4591,267479.6,124080.8,0.462272
1600178400000,0.4573,0.4605,0.445,0.4514,690334.45,311677.54,0.45269
1600185600000,0.4518,0.454,0.4479,0.4535,154975.87,70005.47,0.450916
1600192800000,0.4541,0.4559,0.4461,0.4472,187491.97,84210.78,0.45105
1600200000000,0.4472,0.4549,0.4472,0.453,121055.59,54618.8,0.451207
1600207200000,0.453,0.4553,0.4462,0.4486,194565.17,87630.2,0.450747
1600214400000,0.4486,0.4486,0.4332,0.4381,621728.35,272965.48,0.440578
1600221600000,0.4382,0.4382,0.4295,0.4308,775601.24,335350.08,0.433706
1600228800000,0.4306,0.4403,0.4297,0.4353,476412.64,207199.13,0.435106
1600236000000,0.4353,0.4404,0.4337,0.4395,164282.44,71786.42,0.437012
1600243200000,0.4403,0.4411,0.4339,0.435,283331.32,124128.88,0.437476
1600250400000,0.4357,0.4382,0.4297,0.4341,303353.79,131448.52,0.433942
1600257600000,0.4345,0.4411,0.4328,0.4404,278472.57,121745.86,0.436878
1600264800000,0.4411,0.4421,0.4357,0.441,272563.15,119651.5,0.4389
1600272000000,0.441,0.4433,0.4334,0.4354,350577.18,153564.97,0.438363
1600279200000,0.4354,0.4361,0.427,0.4281,357485.57,153888.35,0.431512
1600286400000,0.4291,0.4297,0.4223,0.4286,633770.29,270199.53,0.425997
1600293600000,0.4287,0.4323,0.4266,0.4283,357252.56,153546.7,0.429451
1600300800000,0.4283,0.4515,0.4272,0.4459,653699.48,289794.63,0.43969
1600308000000,0.4452,0.4483,0.4409,0.4418,206163.49,91541.01,0.444661
1600315200000,0.4419,0.45,0.4391,0.4491,515145.42,228653.16,0.444434
1600322400000,0.4492,0.4502,0.4409,0.4472,687244.76,306484.4,0.445519
1600329600000,0.4474,0.4524,0.4382,0.4427,624723.41,277623.14,0.445307
1600336800000,0.4427,0.4466,0.4344,0.4443,325343.07,143249.45,0.440487
1600344000000,0.4442,0.4443,0.4304,0.4364,415377.86,180748.69,0.437098
1600351200000,0.4364,0.4399,0.4321,0.4344,253123.42,110450.18,0.43601
1600358400000,0.4349,0.4356,0.4309,0.4309,124632.76,53948.59,0.433327
1600365600000,0.4313,0.4355,0.4304,0.4334,218626.77,94649.75,0.432977
1600372800000,0.4334,0.4398,0.4323,0.4381,231386.7,101342.57,0.436083
1600380000000,0.4387,0.4413,0.4359,0.4407,204229.29,89493.57,0.438561
1600387200000,0.4409,0.4419,0.4322,0.4328,273822.9,119504.03,0.437092
1600394400000,0.4327,0.4372,0.4318,0.4326,154008.14,66873.11,0.4345
1600401600000,0.4326,0.4327,0.426,0.432,478871.98,205379.94,0.429344
1600408800000,0.432,0.4333,0.4274,0.4289,296700.71,127811.97,0.430343
1600416000000,0.4289,0.4366,0.427,0.4356,253401.67,109530.15,0.431738
1600423200000,0.4356,0.4418,0.4339,0.4407,274308.67,119888.58,0.437815
1600430400000,0.4406,0.4416,0.4343,0.4364,505710.59,221480.22,0.4379
1600437600000,0.436,0.4398,0.4269,0.4291,462965.66,200345.51,0.433412
1600444800000,0.4301,0.4303,0.4127,0.4154,836040.37,352365.97,0.421236
1600452000000,0.4157,0.4191,0.4099,0.4177,773650.0,320944.36,0.414474
1600459200000,0.4181,0.4217,0.4159,0.4203,210666.72,88468.17,0.418785
1600466400000,0.4209,0.4228,0.4142,0.4167,319887.33,133968.72,0.418481
1600473600000,0.4163,0.4169,0.4094,0.4102,281173.01,116155.38,0.41313
1600480800000,0.4103,0.4148,0.4103,0.4145,205315.46,84683.14,0.412592
1600488000000,0.4142,0.4146,0.4091,0.4113,202879.42,83568.1,0.411783
1600495200000,0.4112,0.412,0.4056,0.4056,138033.53,56507.59,0.408895
1600502400000,0.4055,0.4083,0.4035,0.4058,226842.72,92066.23,0.4059
1600509600000,0.4057,0.4136,0.4053,0.4128,185360.28,75896.37,0.409495
1600516800000,0.413,0.4231,0.4098,0.4226,387151.92,161756.24,0.416248
1600524000000,0.4227,0.4238,0.4168,0.418,250964.1,105686.27,0.420294
1600531200000,0.4185,0.4223,0.4165,0.4223,192228.99,80583.42,0.41928
1600538400000,0.4223,0.4257,0.4147,0.4256,233328.11,98173.51,0.420114
1600545600000,0.4257,0.4296,0.4228,0.4241,222606.37,94973.96,0.426218
1600552800000,0.4244,0.4297,0.4229,0.429,150543.96,64277.39,0.426248
1600560000000,0.4287,0.4287,0.4214,0.4238,308762.46,131047.57,0.424898
1600567200000,0.4229,0.4241,0.4181,0.4204,291697.41,122970.99,0.421075
1600574400000,0.4202,0.4204,0.4189,0.4198,49338.8,20698.57,0.419644
1600581600000,0.4193,0.4193,0.4154,0.4164,136073.07,56800.58,0.41727
1600588800000,0.4162,0.4187,0.4113,0.4138,189448.87,78670.88,0.415
1600596000000,0.4139,0.4205,0.4134,0.4191,257142.4,107288.99,0.41702
1600603200000,0.4198,0.4264,0.4031,0.4067,704372.6,291837.79,0.414879
1600610400000,0.4062,0.4096,0.405,0.406,120153.85,48856.65,0.407301
1600617600000,0.406,0.406,0.3891,0.4006,909144.95,360959.57,0.397399
1600624800000,0.4005,0.4018,0.3969,0.3969,132739.18,53019.64,0.399451
1600632000000,0.3972,0.3975,0.3899,0.3909,468531.86,184237.0,0.393627
1600639200000,0.3916,0.3956,0.3866,0.3953,444613.09,174227.16,0.390996
1600646400000,0.3947,0.4016,0.3912,0.4003,349289.77,138651.74,0.396314
1600653600000,0.4004,0.4025,0.3993,0.4018,177439.88,71120.5,0.40089
1600660800000,0.4021,0.4024,0.3993,0.4002,141438.12,56649.14,0.400819
1600668000000,0.4005,0.4062,0.4004,0.4007,287427.59,115990.82,0.403301
1600675200000,0.401,0.4017,0.3718,0.3728,999264.99,382045.24,0.386707
1600682400000,0.3721,0.3732,0.3596,0.3645,1558481.34,571095.32,0.366239
1600689600000,0.3645,0.3683,0.3522,0.363,1420607.1,513597.76,0.360242
1600696800000,0.3629,0.385,0.3424,0.3762,3130362.99,1155212.8,0.363554
1600704000000,0.3762,0.3767,0.3604,0.3681,695870.81,255106.31,0.368313
1600711200000,0.3684,0.3752,0.3668,0.3748,205584.46,76156.3,0.370898
1600718400000,0.3753,0.3789,0.3716,0.3763,260725.18,97952.2,0.375247
1600725600000,0.376,0.3766,0.3656,0.3674,244749.14,90949.55,0.370992
1600732800000,0.3676,0.3744,0.3634,0.3666,323133.42,119097.83,0.368904
1600740000000,0.3666,0.3696,0.3653,0.3682,234992.1,86324.35,0.367452
1600747200000,0.3683,0.3708,0.3676,0.3693,174670.57,64469.28,0.36921
1600754400000,0.3692,0.3722,0.3511,0.3511,578626.77,207057.06,0.361988
1600761600000,0.3515,0.3563,0.3507,0.3535,265921.78,94024.37,0.353533
1600768800000,0.354,0.3612,0.354,0.36,424070.75,151977.3,0.357726
1600776000000,0.36,0.3713,0.3577,0.3699,535470.46,195101.16,0.364431
1600783200000,0.3701,0.3807,0.3697,0.3758,489883.0,184208.57,0.375362
1600790400000,0.3761,0.3871,0.3759,0.3866,349890.19,133363.9,0.381542
1600797600000,0.3871,0.3893,0.3817,0.3847,262630.93,101541.43,0.38549
1600804800000,0.3848,0.3855,0.3779,0.3828,99997.91,38228.57,0.381663
1600812000000,0.3828,0.383,0.3781,0.3804,296489.81,112461.85,0.380483
1600819200000,0.3807,0.3855,0.3804,0.3855,207566.89,79659.03,0.382907
1600826400000,0.3857,0.39,0.3793,0.3815,222271.13,85540.7,0.384692
1600833600000,0.3815,0.3816,0.3728,0.3743,250154.9,94221.59,0.377059
1600840800000,0.3744,0.3756,0.3639,0.3721,311550.83,115136.09,0.369716
1600848000000,0.372,0.3752,0.3679,0.375,274280.45,101798.05,0.371464
1600855200000,0.3746,0.3752,0.3674,0.3674,279187.07,103331.31,0.371381
1600862400000,0.3672,0.3763,0.3665,0.3708,578119.72,215570.89,0.371484
1600869600000,0.3709,0.3709,0.3614,0.3621,416144.82,151914.36,0.366054
1600876800000,0.362,0.3679,0.362,0.3645,287276.96,105168.0,0.36503
1600884000000,0.364,0.364,0.3466,0.35,675496.47,238675.81,0.354972
1600891200000,0.3496,0.3561,0.3357,0.3474,948612.12,328270.21,0.345892
1600898400000,0.3473,0.3489,0.3399,0.3407,342483.04,117891.13,0.344462
1600905600000,0.3405,0.3474,0.3381,0.3435,348468.89,119712.27,0.34277
1600912800000,0.3441,0.3521,0.3431,0.3521,278344.78,96939.35,0.347477
1600920000000,0.3515,0.3525,0.3452,0.3478,259870.52,90744.32,0.348795
1600927200000,0.3481,0.3561,0.3474,0.355,293159.01,102989.25,0.351787
1600934400000,0.355,0.3551,0.3476,0.3515,206896.57,72674.06,0.351241
1600941600000,0.3521,0.359,0.3505,0.3568,225289.74,79921.63,0.354775
1600948800000,0.3579,0.361,0.3502,0.3566,455563.66,162020.39,0.355594
1600956000000,0.3578,0.3643,0.3555,0.3634,332343.37,119623.95,0.359821
1600963200000,0.3632,0.3705,0.3632,0.3692,441998.92,162586.78,0.366982
1600970400000,0.3694,0.374,0.3691,0.3727,284230.7,105600.89,0.371614
1600977600000,0.3732,0.3801,0.3726,0.378,802571.2,302372.94,0.376436
1600984800000,0.3786,0.3874,0.3777,0.3825,474194.02,181511.97,0.382634
1600992000000,0.3824,0.3901,0.3823,0.3876,237555.29,91825.53,0.38635
1600999200000,0.3875,0.3911,0.3807,0.3813,275058.83,106477.29,0.386046
1601006400000,0.3813,0.3866,0.3791,0.3791,461909.54,176720.75,0.382908
1601013600000,0.3791,0.384,0.3776,0.3826,176411.97,67165.08,0.380796
1601020800000,0.3823,0.3823,0.3703,0.375,698798.52,262382.66,0.37606
1601028000000,0.3749,0.3842,0.3744,0.3826,246081.62,93359.95,0.3794
1601035200000,0.3823,0.39,0.3816,0.3865,494064.25,191262.31,0.385893
1601042400000,0.3867,0.4001,0.3824,0.3985,748694.65,294851.8,0.391081
1601049600000,0.399,0.4105,0.3986,0.4047,794131.56,322340.34,0.404714
1601056800000,0.4042,0.4108,0.403,0.4087,304101.33,123823.33,0.406941
1601064000000,0.4087,0.4121,0.4053,0.4113,194653.29,79554.0,0.408651
1601071200000,0.4112,0.4117,0.4012,0.406,224355.29,90957.76,0.40631
1601078400000,0.4059,0.4136,0.4013,0.4077,381672.79,155220.79,0.407453
1601085600000,0.4082,0.4083,0.4028,0.4028,90305.76,36643.64,0.405566
1601092800000,0.4034,0.4103,0.3979,0.4024,326399.05,131309.72,0.404102
1601100000000,0.4021,0.4053,0.3967,0.3969,508878.77,204043.81,0.401151
1601107200000,0.3968,0.4058,0.3951,0.4036,554687.41,222008.25,0.400478
1601114400000,0.4038,0.4119,0.3997,0.4119,220861.65,89611.13,0.405546
1601121600000,0.4119,0.4121,0.3954,0.3969,639623.14,259095.66,0.403586
1601128800000,0.3968,0.4076,0.3951,0.4053,278161.78,111664.9,0.401389
1601136000000,0.4053,0.4053,0.4005,0.4031,156338.7,63018.67,0.402828
1601143200000,0.4038,0.405,0.3964,0.3976,390962.54,155855.24,0.4007
1601150400000,0.3978,0.3992,0.3838,0.384,668066.77,261891.91,0.391651
1601157600000,0.3841,0.3914,0.3835,0.3914,183215.97,71025.77,0.387369
1601164800000,0.3907,0.395,0.3903,0.3932,273508.69,107672.26,0.392703
1601172000000,0.394,0.3942,0.3902,0.3909,162277.74,63597.87,0.392156
1601179200000,0.3909,0.4024,0.39,0.4021,570178.16,225701.1,0.396123
1601186400000,0.4019,0.4028,0.3822,0.3883,1006672.77,395402.33,0.392182
1601193600000,0.3884,0.3884,0.3777,0.3777,233703.97,89257.27,0.38305
1601200800000,0.378,0.3822,0.3777,0.3779,470210.92,178915.24,0.37995
1601208000000,0.3778,0.3811,0.3744,0.3805,364467.91,138425.14,0.377691
1601215200000,0.3803,0.3867,0.3781,0.3856,453774.7,173139.45,0.382342
1601222400000,0.3861,0.3907,0.385,0.3902,261394.61,101401.81,0.387805
1601229600000,0.3904,0.3982,0.3896,0.3932,699939.61,275385.28,0.393957
1601236800000,0.3937,0.3952,0.3864,0.3883,319717.79,124825.01,0.390779
1601244000000,0.3883,0.3978,0.3883,0.3953,535702.84,210732.06,0.393246
1601251200000,0.396,0.4048,0.396,0.4048,503632.49,202086.81,0.4004
1601258400000,0.4049,0.4076,0.4032,0.4056,358055.78,145276.76,0.405401
1601265600000,0.4065,0.4202,0.4056,0.4175,897475.6,371512.59,0.413049
1601272800000,0.4181,0.4197,0.4076,0.4078,500636.0,206935.75,0.413805
1601280000000,0.4083,0.4131,0.4041,0.4061,369526.85,151052.46,0.408621
1601287200000,0.4064,0.4196,0.4053,0.4153,819035.83,339507.52,0.412622
1601294400000,0.4147,0.4244,0.4141,0.4164,796308.53,334146.09,0.419275
1601301600000,0.4163,0.4224,0.4141,0.4202,775221.64,324376.12,0.41825
1601308800000,0.4208,0.4339,0.4183,0.4325,1085008.54,463532.2,0.42601
1601316000000,0.4324,0.4398,0.4284,0.4336,1148785.42,499374.51,0.434103
1601323200000,0.4338,0.4377,0.43,0.4318,530600.72,230071.06,0.433868
1601330400000,0.4317,0.4331,0.4067,0.4132,1143205.25,480635.59,0.419543
1601337600000,0.4127,0.4188,0.4078,0.4083,781364.25,323602.02,0.413417
1601344800000,0.4082,0.41,0.4033,0.4075,539535.91,219540.75,0.406647
1601352000000,0.4075,0.4125,0.4028,0.4028,493831.01,201529.85,0.407806
1601359200000,0.4027,0.4132,0.4008,0.4104,354895.61,144906.48,0.407048
1601366400000,0.4103,0.4104,0.4037,0.4048,449144.74,182597.12,0.406949
1601373600000,0.4047,0.4138,0.4043,0.4105,266043.93,109221.53,0.409199
1601380800000,0.4113,0.4115,0.4013,0.4037,609785.31,247309.02,0.406223
1601388000000,0.4042,0.4078,0.3962,0.3982,1325319.71,532961.71,0.402057
1601395200000,0.398,0.3984,0.3851,0.3905,975453.56,381074.47,0.391534
1601402400000,0.3912,0.4,0.3903,0.3973,485923.14,192210.24,0.395249
1601409600000,0.3976,0.403,0.3964,0.3979,220735.39,88289.85,0.399701
1601416800000,0.3985,0.4081,0.3983,0.408,348653.55,141231.57,0.403185
1601424000000,0.408,0.41,0.4018,0.4049,324478.33,131730.91,0.40588
1601431200000,0.4047,0.4079,0.4019,0.4023,146734.76,59374.31,0.404958
1601438400000,0.402,0.4045,0.3964,0.3973,195110.62,78201.82,0.400524
1601445600000,0.3967,0.3998,0.3936,0.3939,187743.87,74536.38,0.396775
1601452800000,0.3939,0.3978,0.3921,0.3948,168487.5,66546.1,0.394954
1601460000000,0.3947,0.3974,0.3895,0.3895,269853.9,106303.82,0.393614
1601467200000,0.3895,0.3954,0.387,0.3946,229270.39,89833.82,0.391114
1601474400000,0.394,0.4026,0.394,0.4022,386862.99,154456.43,0.398359
1601481600000,0.4023,0.4039,0.3991,0.4017,240704.78,96727.02,0.401498
1601488800000,0.4017,0.4039,0.3978,0.4019,203750.19,81684.73,0.40085
1601496000000,0.4014,0.4068,0.4008,0.4057,188905.68,76533.86,0.403837
1601503200000,0.405,0.4107,0.4046,0.4091,242581.49,99059.15,0.407726
1601510400000,0.4098,0.4111,0.4053,0.4096,297865.67,121659.15,0.4082
1601517600000,0.4098,0.4114,0.4032,0.404,254783.81,103499.91,0.407357
1601524800000,0.4041,0.4116,0.4023,0.4116,284456.38,115534.06,0.406775
1601532000000,0.4112,0.4158,0.4112,0.4136,231214.23,95556.96,0.41358
1601539200000,0.4141,0.4189,0.4121,0.4158,385676.45,160117.47,0.415509
1601546400000,0.4158,0.4176,0.4132,0.4153,158142.76,65630.64,0.4154
1601553600000,0.4152,0.4199,0.4142,0.4178,354418.46,147899.88,0.41708
1601560800000,0.4192,0.43,0.4152,0.4175,1622161.59,687931.42,0.422614
1601568000000,0.4168,0.4168,0.3877,0.3904,2046132.9,822913.7,0.4019
1601575200000,0.391,0.4006,0.3884,0.3989,561301.16,222464.08,0.394447
1601582400000,0.3984,0.3991,0.3936,0.3944,186319.0,73770.79,0.396342
1601589600000,0.3944,0.3997,0.3938,0.3989,194591.94,77251.15,0.396767
1601596800000,0.3989,0.3999,0.3945,0.3957,162371.8,64368.99,0.39719
1601604000000,0.3962,0.3997,0.3947,0.3955,489692.98,194058.66,0.397207
1601611200000,0.3955,0.3969,0.3709,0.3728,1457433.36,557710.58,0.383841
1601618400000,0.373,0.3791,0.3691,0.3779,535341.33,200564.26,0.374014
1601625600000,0.3771,0.3774,0.3586,0.3635,1239810.16,454378.12,0.367654
1601632800000,0.3634,0.368,0.3551,0.3651,585911.94,211945.94,0.361538
1601640000000,0.3653,0.3796,0.3647,0.3788,499636.94,185619.05,0.372176
1601647200000,0.379,0.3841,0.3771,0.3778,345892.73,131713.1,0.380616
1601654400000,0.3783,0.3834,0.3735,0.3827,275490.53,104551.29,0.378344
1601661600000,0.3827,0.387,0.3816,0.3819,140383.38,53934.51,0.384311
1601668800000,0.3817,0.3874,0.3772,0.3815,479625.12,183839.83,0.3823
1601676000000,0.3824,0.3902,0.3809,0.3897,214716.4,83149.5,0.385459
1601683200000,0.3895,0.3912,0.3864,0.3897,141727.82,55143.65,0.3888
1601690400000,0.39,0.3908,0.3866,0.3908,266866.13,103588.0,0.388684
1601697600000,0.3903,0.3925,0.388,0.3925,238296.04,93013.34,0.390177
1601704800000,0.3925,0.3937,0.3862,0.3872,247447.36,96553.83,0.389964
1601712000000,0.3868,0.3879,0.3825,0.3862,175204.64,67540.1,0.385196
1601719200000,0.3866,0.3894,0.3856,0.3864,95388.21,36920.86,0.387501
1601726400000,0.3858,0.3859,0.3812,0.3819,281725.1,107995.91,0.383488
1601733600000,0.3819,0.3838,0.3801,0.3819,326420.12,124595.36,0.38195
1601740800000,0.382,0.3863,0.3818,0.3843,134851.55,51764.83,0.384113
1601748000000,0.3842,0.3882,0.3842,0.3864,128075.38,49486.04,0.386274
1601755200000,0.3868,0.3872,0.3821,0.3822,73325.49,28182.79,0.384688
1601762400000,0.382,0.3821,0.3752,0.3762,108068.59,40925.66,0.378553
1601769600000,0.3762,0.378,0.3678,0.3682,637295.45,236971.23,0.373027
1601776800000,0.3682,0.3709,0.364,0.369,173226.05,63528.13,0.367446
1601784000000,0.369,0.3753,0.369,0.373,95602.05,35598.25,0.372279
1601791200000,0.373,0.3802,0.373,0.3793,185305.81,70000.47,0.376707
1601798400000,0.3794,0.3811,0.3748,0.3761,146245.89,55260.68,0.377965
1601805600000,0.3753,0.3779,0.3728,0.3771,111613.09,41872.31,0.375323
1601812800000,0.3773,0.3807,0.3738,0.3781,183240.33,69291.73,0.377248
1601820000000,0.3786,0.3788,0.37,0.3703,432766.9,161753.06,0.374386
1601827200000,0.3701,0.3745,0.3675,0.3729,181783.24,67485.71,0.370979
1601834400000,0.3729,0.3781,0.3729,0.3755,295337.74,110932.72,0.375587
1601841600000,0.3768,0.3795,0.3743,0.3764,203235.9,76617.74,0.3769
1601848800000,0.3761,0.3793,0.3747,0.3764,67478.42,25449.95,0.377001
1601856000000,0.3761,0.3806,0.3752,0.3787,239624.72,90629.08,0.377931
1601863200000,0.3783,0.3811,0.3763,0.3775,161766.7,61279.7,0.378706
1601870400000,0.3775,0.3784,0.375,0.3769,88449.13,33307.5,0.376696
1601877600000,0.3769,0.3769,0.3701,0.3735,203503.13,75765.16,0.373387
1601884800000,0.3739,0.3742,0.3707,0.3724,82049.52,30565.37,0.372416
1601892000000,0.3722,0.3765,0.3709,0.373,180722.73,67507.99,0.373706
1601899200000,0.3729,0.3793,0.3717,0.377,329014.59,123435.12,0.375543
1601906400000,0.3772,0.38,0.3746,0.3764,193352.19,72840.65,0.377303
1601913600000,0.3764,0.3781,0.3731,0.3731,151559.65,56984.38,0.375704
1601920800000,0.3731,0.3762,0.3707,0.3723,167697.76,62598.45,0.373454
1601928000000,0.3732,0.3752,0.3724,0.373,107249.54,40117.33,0.373801
1601935200000,0.3732,0.3787,0.3732,0.3766,167738.76,63139.89,0.376061
1601942400000,0.3768,0.3779,0.3717,0.3721,113200.43,42411.23,0.374859
1601949600000,0.372,0.3747,0.3715,0.3732,101499.1,37835.94,0.373118
1601956800000,0.3741,0.3754,0.37,0.3705,118907.99,44280.17,0.37275
1601964000000,0.3705,0.3705,0.3647,0.3652,343149.05,126207.4,0.367534
1601971200000,0.3652,0.3668,0.3618,0.3654,283782.15,103385.21,0.3643
1601978400000,0.3648,0.365,0.3536,0.357,444439.44,158963.51,0.359088
1601985600000,0.3575,0.3657,0.3555,0.3621,336437.45,121520.39,0.360643
1601992800000,0.3622,0.3743,0.3571,0.3704,862985.61,314662.52,0.365664
1602000000000,0.3703,0.3724,0.3624,0.3632,287264.11,105552.4,0.367494
1602007200000,0.3631,0.3652,0.3515,0.3534,626700.63,223740.57,0.358364
1602014400000,0.3531,0.3533,0.3484,0.3495,320920.35,112559.04,0.35078
1602021600000,0.3491,0.3519,0.3486,0.3518,178428.86,62476.23,0.35021
1602028800000,0.3515,0.3517,0.3406,0.3472,484326.5,168329.12,0.346025
1602036000000,0.3475,0.3503,0.3438,0.3438,355035.22,123293.73,0.347173
1602043200000,0.344,0.3468,0.3418,0.345,766784.4,264154.12,0.344298
1602050400000,0.3451,0.3476,0.3429,0.3448,370430.28,127759.58,0.34525
1602057600000,0.3448,0.3458,0.3367,0.3379,529991.98,180527.2,0.341233
1602064800000,0.3374,0.3417,0.336,0.3403,459284.87,155289.34,0.33885
1602072000000,0.3408,0.3509,0.3404,0.3495,360106.29,124841.54,0.345754
1602079200000,0.3487,0.3555,0.3469,0.3521,400247.42,140564.67,0.351233
1602086400000,0.3522,0.3523,0.3481,0.3509,368202.43,128913.99,0.350167
1602093600000,0.3514,0.3578,0.3505,0.3566,388639.51,137719.51,0.354172
1602100800000,0.3566,0.359,0.3544,0.3551,220786.79,78704.99,0.356723
1602108000000,0.3555,0.3579,0.3541,0.3568,185434.71,65996.75,0.355995
1602115200000,0.357,0.3576,0.3501,0.352,122444.22,43293.29,0.353769
1602122400000,0.3518,0.3531,0.3499,0.3501,99277.74,34873.17,0.351542
1602129600000,0.3498,0.3524,0.346,0.346,217074.13,75889.23,0.349326
1602136800000,0.3462,0.3483,0.3372,0.3416,311912.19,106462.36,0.342698
1602144000000,0.3416,0.3443,0.338,0.3439,238077.94,81250.6,0.341095
1602151200000,0.3439,0.35,0.3433,0.3485,203133.52,70627.07,0.34671
1602158400000,0.3482,0.3602,0.3468,0.3576,516083.12,183781.81,0.353584
1602165600000,0.3579,0.3681,0.3558,0.3647,777181.24,282139.17,0.362004
1602172800000,0.3652,0.3691,0.3638,0.3646,294268.56,107728.77,0.366455
1602180000000,0.3651,0.3672,0.3621,0.366,171576.83,62696.81,0.364643
1602187200000,0.3655,0.3719,0.3644,0.3701,231131.21,85297.01,0.368186
1602194400000,0.3701,0.3729,0.3655,0.3674,247392.66,91340.6,0.369215
1602201600000,0.3675,0.3684,0.3624,0.3656,264557.85,96401.57,0.36537
1602208800000,0.3657,0.3676,0.3639,0.3647,279732.37,102444.75,0.36576
1602216000000,0.3642,0.3655,0.3624,0.3631,127677.04,46480.26,0.36396
1602223200000,0.3624,0.3694,0.3612,0.3681,239417.69,87630.23,0.365307
1602230400000,0.3686,0.3734,0.3672,0.3729,231660.51,85752.98,0.370238
1602237600000,0.3729,0.385,0.371,0.3821,737831.66,280086.91,0.378061
1602244800000,0.3826,0.3854,0.3807,0.384,248401.4,95101.4,0.383044
1602252000000,0.3845,0.388,0.3831,0.3874,426923.47,164526.66,0.385512
1602259200000,0.3879,0.3949,0.3844,0.3924,459297.72,179401.18,0.389626
1602266400000,0.3927,0.3927,0.384,0.3861,229595.7,88803.76,0.388174
1602273600000,0.3857,0.3886,0.3844,0.388,235735.18,91025.38,0.386472
1602280800000,0.388,0.392,0.3876,0.3896,139233.08,54233.07,0.389834
1602288000000,0.3893,0.395,0.389,0.3948,173203.73,67846.97,0.391987
1602295200000,0.3945,0.4066,0.3934,0.4052,513267.23,205880.42,0.400029
1602302400000,0.405,0.4071,0.4006,0.401,246659.25,99727.87,0.403939
1602309600000,0.401,0.4019,0.3971,0.4009,243644.89,97338.65,0.3995
1602316800000,0.4009,0.404,0.3973,0.3992,237024.48,95133.69,0.40066
1602324000000,0.3987,0.3987,0.3923,0.3969,235913.11,93361.57,0.395454
1602331200000,0.3969,0.3999,0.394,0.3978,155517.32,61697.77,0.396948
1602338400000,0.3978,0.4019,0.3952,0.3971,241930.23,96559.69,0.398553
1602345600000,0.3966,0.3987,0.394,0.3974,295577.66,117176.02,0.396345
1602352800000,0.3974,0.4026,0.3968,0.4014,138016.73,55264.95,0.39974
1602360000000,0.4013,0.4044,0.3994,0.403,230528.07,92666.84,0.401893
1602367200000,0.4027,0.4028,0.393,0.3951,222611.98,88424.3,0.397723
1602374400000,0.3942,0.3962,0.3896,0.3921,242503.96,95114.35,0.392894
1602381600000,0.3921,0.3935,0.3857,0.3869,154740.43,60224.2,0.389612
1602388800000,0.3873,0.3902,0.3858,0.3899,141110.32,54756.1,0.387943
1602396000000,0.39,0.3916,0.3893,0.3905,71293.62,27833.71,0.390452
1602403200000,0.3902,0.3931,0.3894,0.3909,226157.61,88456.1,0.391256
1602410400000,0.3909,0.3953,0.3896,0.3913,293513.36,115237.37,0.392452
1602417600000,0.3912,0.3918,0.3871,0.3877,197191.51,76587.05,0.38945
1602424800000,0.3874,0.3909,0.3871,0.3897,247512.37,96289.41,0.389045
1602432000000,0.3894,0.3977,0.3875,0.3962,225140.26,88426.74,0.392575
1602439200000,0.3964,0.3969,0.3894,0.3902,328839.61,129452.31,0.393119
1602446400000,0.3905,0.3925,0.3886,0.3896,143120.33,55853.26,0.390557
1602453600000,0.3901,0.3911,0.3881,0.3905,83322.67,32476.35,0.389597
1602460800000,0.3904,0.3937,0.389,0.3934,69461.88,27152.38,0.391288
1602468000000,0.393,0.3939,0.3914,0.3914,109705.12,43078.89,0.392701
1602475200000,0.391,0.3916,0.3884,0.3895,127446.1,49647.06,0.389985
1602482400000,0.389,0.39,0.3811,0.387,254607.83,97993.8,0.385519
1602489600000,0.3871,0.3894,0.384,0.3878,201838.52,78179.25,0.386697
1602496800000,0.388,0.3883,0.38,0.38,331976.72,126738.02,0.384195
1602504000000,0.38,0.3897,0.3796,0.3884,317662.48,121998.84,0.384744
1602511200000,0.3881,0.3933,0.3871,0.3922,307775.15,120058.7,0.390206
1602518400000,0.3927,0.4015,0.3914,0.401,354940.34,141138.63,0.396369
1602525600000,0.4008,0.4042,0.4,0.4001,384219.44,154520.3,0.402112
1602532800000,0.4,0.4094,0.3992,0.4081,388902.59,157495.87,0.404347
1602540000000,0.4086,0.4091,0.3939,0.3954,563441.71,225548.21,0.401384
1602547200000,0.3955,0.396,0.3916,0.3948,178137.06,70142.8,0.393791
1602554400000,0.3947,0.3949,0.3903,0.3913,159351.0,62466.32,0.392537
1602561600000,0.3912,0.3975,0.3912,0.3975,144899.35,57133.03,0.39435
1602568800000,0.3975,0.3977,0.3924,0.3933,244996.82,96910.02,0.394985
1602576000000,0.3932,0.4062,0.3932,0.4056,415204.06,166553.5,0.399788
1602583200000,0.4057,0.418,0.405,0.4119,937962.1,387266.14,0.411663
1602590400000,0.4119,0.4132,0.4016,0.4031,727401.73,297197.16,0.407383
1602597600000,0.4031,0.428,0.4023,0.4193,2393137.28,1002271.11,0.415586
1602604800000,0.4193,0.4215,0.4091,0.4115,922995.22,383947.94,0.415289
1602612000000,0.4111,0.4202,0.4099,0.417,420216.99,174037.64,0.415139
1602619200000,0.417,0.4224,0.415,0.4206,239432.47,100344.14,0.418694
1602626400000,0.4209,0.4216,0.4169,0.4182,209513.3,87668.35,0.419223
1602633600000,0.4182,0.4336,0.4168,0.4334,1241408.5,530193.62,0.425046
1602640800000,0.4334,0.4349,0.4232,0.4232,832971.04,357561.11,0.429226
1602648000000,0.4232,0.4243,0.4139,0.4176,919604.85,385141.57,0.418998
1602655200000,0.4174,0.4199,0.4113,0.4148,767622.0,318392.96,0.415588
1602662400000,0.4147,0.4181,0.4117,0.4117,308643.32,128316.36,0.414999
1602669600000,0.4125,0.4125,0.3985,0.4,1264563.77,509225.95,0.405313
1602676800000,0.3994,0.4123,0.3991,0.411,456096.08,185532.52,0.40582
1602684000000,0.411,0.4116,0.3935,0.3942,687687.68,276440.88,0.402536
1602691200000,0.3941,0.3968,0.3871,0.3904,558715.38,218746.57,0.391939
1602698400000,0.3904,0.3919,0.3868,0.3888,146893.23,57200.39,0.389344
1602705600000,0.3889,0.3912,0.3708,0.3815,2738725.81,1041216.86,0.380857
1602712800000,0.3819,0.3884,0.3815,0.3867,410773.3,158524.8,0.385039
1602720000000,0.3867,0.387,0.3804,0.382,328414.65,125872.61,0.383606
1602727200000,0.3816,0.3821,0.3766,0.3776,429371.02,162724.38,0.379312
1602734400000,0.3776,0.3833,0.3773,0.3816,373841.76,142174.87,0.380388
1602741600000,0.3815,0.387,0.3803,0.3839,211019.13,81114.24,0.383681
1602748800000,0.3843,0.3855,0.3664,0.3681,903174.3,336908.31,0.375895
1602756000000,0.3679,0.3737,0.3679,0.369,300631.67,111401.28,0.370821
1602763200000,0.369,0.3793,0.3672,0.3792,326211.7,122369.98,0.373066
1602770400000,0.3793,0.3823,0.3771,0.382,189412.01,71902.89,0.379631
1602777600000,0.3823,0.3865,0.3793,0.3854,408003.54,156258.06,0.382854
1602784800000,0.3854,0.3882,0.383,0.3882,222085.82,85667.71,0.385506
1602792000000,0.3881,0.3917,0.3874,0.3903,333096.28,129829.54,0.389575
1602799200000,0.3903,0.3978,0.39,0.3974,376023.31,148230.85,0.393913
1602806400000,0.3977,0.4,0.3927,0.3995,571285.44,226671.77,0.396315
1602813600000,0.3995,0.4103,0.3989,0.4041,633575.75,256264.28,0.404719
1602820800000,0.4037,0.4055,0.3786,0.3985,1547408.1,608258.3,0.391965
1602828000000,0.3985,0.3988,0.391,0.3914,326606.8,128843.21,0.394887
1602835200000,0.3914,0.4036,0.3878,0.3987,927183.43,367872.34,0.395737
1602842400000,0.3987,0.4069,0.3977,0.404,915329.64,368575.96,0.402386
1602849600000,0.404,0.4047,0.3959,0.3974,373000.38,149414.64,0.400235
1602856800000,0.3975,0.4006,0.393,0.395,221784.9,87866.49,0.396815
1602864000000,0.395,0.4011,0.3946,0.3968,337083.46,134101.19,0.397888
1602871200000,0.3967,0.4019,0.3954,0.3955,212833.62,85157.58,0.398672
1602878400000,0.3954,0.3956,0.3914,0.3928,239049.82,94043.08,0.393436
1602885600000,0.3926,0.3928,0.3888,0.3898,171798.87,67188.86,0.390744
1602892800000,0.3897,0.3908,0.3807,0.3867,442825.04,170357.17,0.385695
1602900000000,0.3867,0.3892,0.3847,0.3889,112987.48,43663.0,0.386896
1602907200000,0.3892,0.3898,0.3831,0.387,117785.7,45422.51,0.386404
1602914400000,0.3866,0.3892,0.3847,0.3875,153845.18,59514.1,0.386949
1602921600000,0.3877,0.3957,0.3847,0.3862,573071.15,223749.04,0.390215
1602928800000,0.3867,0.3881,0.3861,0.3867,63207.01,24481.15,0.3871
1602936000000,0.3867,0.3868,0.3818,0.3823,116413.29,44720.67,0.384252
1602943200000,0.3823,0.388,0.3758,0.377,651097.49,247537.83,0.382011
1602950400000,0.3771,0.3799,0.3733,0.3788,503447.06,189533.14,0.376577
1602957600000,0.3787,0.389,0.377,0.3806,571008.27,218187.08,0.383021
1602964800000,0.3797,0.3879,0.3796,0.3835,241767.37,92854.44,0.383869
1602972000000,0.3835,0.3845,0.3818,0.3841,74565.17,28538.77,0.383142
1602979200000,0.384,0.3961,0.3828,0.3933,517437.07,202212.69,0.389561
1602986400000,0.3931,0.3937,0.3898,0.3906,119365.27,46722.08,0.391739
1602993600000,0.3905,0.3918,0.3885,0.3903,122850.95,47847.94,0.39015
1603000800000,0.3903,0.3977,0.3903,0.3941,217287.61,85624.93,0.394127
1603008000000,0.3941,0.3961,0.3914,0.3914,71510.45,28147.13,0.39384
1603015200000,0.3914,0.3914,0.3889,0.3897,115918.66,45214.26,0.390098
1603022400000,0.3894,0.3926,0.3892,0.3922,55224.94,21570.36,0.39092
1603029600000,0.3922,0.3953,0.3885,0.3892,124083.58,48705.14,0.391961
1603036800000,0.3892,0.3898,0.3869,0.3889,53160.83,20639.98,0.388348
1603044000000,0.3895,0.3902,0.3872,0.3875,23503.47,9133.72,0.388725
1603051200000,0.3873,0.3874,0.3859,0.3859,121127.13,46845.14,0.386664
1603058400000,0.3864,0.389,0.3857,0.3887,129280.48,50096.13,0.387322
1603065600000,0.389,0.3934,0.3874,0.3876,231380.93,90400.92,0.390429
1603072800000,0.3877,0.3879,0.3833,0.3833,134785.17,51989.65,0.38563
1603080000000,0.3833,0.3843,0.3829,0.3836,57350.49,22003.14,0.383602
1603087200000,0.3835,0.3851,0.3832,0.3844,46271.05,17781.62,0.384162
1603094400000,0.3848,0.3863,0.3832,0.386,110972.71,42663.92,0.384725
1603101600000,0.3863,0.3884,0.3857,0.3876,90257.12,34897.31,0.387056
1603108800000,0.3875,0.4003,0.3875,0.3934,465577.1,184031.95,0.394094
1603116000000,0.3934,0.3975,0.3926,0.3954,224464.62,88571.3,0.395078
1603123200000,0.3958,0.3977,0.3921,0.3944,262153.43,103814.66,0.394897
1603130400000,0.3943,0.3987,0.3917,0.3923,681680.23,269330.8,0.39524
1603137600000,0.3923,0.3929,0.3901,0.3906,138464.95,54144.27,0.391505
1603144800000,0.3902,0.3902,0.3873,0.3895,213725.24,83073.75,0.388734
1603152000000,0.3895,0.3895,0.3851,0.3861,77004.36,29813.1,0.387212
1603159200000,0.3858,0.3866,0.3835,0.3838,214147.01,82340.92,0.385079
1603166400000,0.384,0.3843,0.3774,0.3823,524758.57,199905.34,0.380815
1603173600000,0.3822,0.383,0.3722,0.3744,223337.32,84626.12,0.377495
1603180800000,0.3745,0.383,0.373,0.3813,549376.81,208544.04,0.378013
1603188000000,0.3816,0.3832,0.37,0.3708,364144.04,137057.74,0.37668
1603195200000,0.3708,0.3809,0.3602,0.3714,1541036.53,566448.9,0.37055
1603202400000,0.3719,0.3722,0.3635,0.366,354652.7,130206.01,0.367707
1603209600000,0.3661,0.3664,0.355,0.356,780395.05,281124.72,0.360615
1603216800000,0.356,0.3648,0.3542,0.3621,503412.51,181787.26,0.359541
1603224000000,0.3621,0.3691,0.3604,0.3683,460164.75,167779.44,0.364685
1603231200000,0.3684,0.3689,0.3606,0.364,133587.39,48707.28,0.36464
1603238400000,0.364,0.3704,0.3629,0.3681,114372.46,42057.39,0.366698
1603245600000,0.3686,0.3742,0.3663,0.3731,221524.43,81915.78,0.370197
1603252800000,0.3731,0.3748,0.3679,0.3699,313297.36,116234.14,0.371341
1603260000000,0.3702,0.3716,0.368,0.3688,129525.97,47884.45,0.369812
1603267200000,0.3688,0.371,0.3678,0.3706,67194.33,24822.96,0.369374
1603274400000,0.3706,0.3755,0.3701,0.3741,243226.29,90603.09,0.372853
1603281600000,0.3741,0.3794,0.3703,0.3784,360584.74,135181.15,0.374767
1603288800000,0.3787,0.3849,0.3756,0.3846,576670.83,219321.67,0.380093
1603296000000,0.3847,0.3861,0.3786,0.382,457569.24,174631.75,0.382317
1603303200000,0.3818,0.3833,0.3759,0.377,246669.77,93588.61,0.379624
1603310400000,0.3773,0.3803,0.3759,0.3784,189152.78,71602.51,0.378104
1603317600000,0.3777,0.3801,0.3727,0.3752,307674.45,115816.73,0.376399
1603324800000,0.375,0.3827,0.375,0.3816,169263.65,64244.18,0.378974
1603332000000,0.3815,0.3816,0.3761,0.3765,157799.79,59740.46,0.378811
1603339200000,0.3764,0.3786,0.3744,0.3785,87976.35,33164.03,0.376437
1603346400000,0.3784,0.3796,0.3778,0.3792,149993.43,56814.89,0.378695
1603353600000,0.3793,0.3841,0.3791,0.3825,318428.99,121521.86,0.38168
1603360800000,0.3823,0.3935,0.3817,0.3881,634828.09,245705.99,0.387754
1603368000000,0.3889,0.389,0.3848,0.3888,280342.71,108563.42,0.3869
1603375200000,0.3888,0.391,0.3848,0.3888,338662.97,131438.77,0.3879
1603382400000,0.389,0.3906,0.3844,0.3862,486877.15,188585.62,0.387495
1603389600000,0.3864,0.3874,0.3856,0.3856,162193.22,62668.16,0.386526
1603396800000,0.3857,0.3869,0.3805,0.3863,314310.22,120872.71,0.383695
1603404000000,0.3863,0.389,0.3784,0.381,565641.29,216627.98,0.383703
1603411200000,0.3809,0.3831,0.3763,0.3814,520690.84,197490.85,0.379698
1603418400000,0.3809,0.3848,0.3804,0.3816,157877.32,60432.3,0.382609
1603425600000,0.3814,0.3879,0.3806,0.3878,211829.34,81299.06,0.384167
1603432800000,0.3879,0.3879,0.3838,0.3844,145554.98,56099.81,0.385783
1603440000000,0.3843,0.3857,0.3822,0.383,224085.32,86027.32,0.383961
1603447200000,0.3832,0.3872,0.3832,0.3843,218289.23,84044.44,0.385228
1603454400000,0.3841,0.3886,0.3835,0.3856,247186.86,95506.86,0.386077
1603461600000,0.3851,0.3871,0.3768,0.3772,453373.92,173035.33,0.382088
1603468800000,0.3769,0.3813,0.3701,0.3761,757088.64,283492.97,0.375699
1603476000000,0.3761,0.3789,0.3727,0.3742,530788.3,199173.51,0.375816
1603483200000,0.3742,0.3779,0.3741,0.3755,196673.3,73857.6,0.376035
1603490400000,0.3755,0.377,0.3733,0.3757,225698.78,84611.54,0.37515
1603497600000,0.3756,0.3757,0.373,0.3756,81412.65,30493.42,0.37435
1603504800000,0.3753,0.3772,0.3752,0.3758,64137.22,24129.81,0.37621
1603512000000,0.376,0.379,0.3741,0.3761,214115.61,80514.01,0.37655
1603519200000,0.3758,0.3761,0.3735,0.3746,77349.74,28971.0,0.374778
1603526400000,0.3746,0.3749,0.3726,0.374,93633.12,35008.57,0.37374
1603533600000,0.3746,0.379,0.3737,0.378,224315.35,84556.97,0.376356
1603540800000,0.3781,0.3787,0.3769,0.3785,184157.17,69564.43,0.377794
1603548000000,0.3787,0.3828,0.3766,0.3795,573854.27,218020.83,0.379703
1603555200000,0.3796,0.3839,0.3777,0.3834,243796.24,92868.48,0.380727
1603562400000,0.3835,0.3844,0.3812,0.3816,91499.9,35062.91,0.382824
1603569600000,0.3817,0.3822,0.3765,0.3769,131270.56,49785.38,0.379361
1603576800000,0.3774,0.3794,0.377,0.3789,106292.95,40242.51,0.378205
1603584000000,0.3792,0.3792,0.3762,0.3768,134571.21,50724.37,0.377643
1603591200000,0.377,0.3778,0.3734,0.3758,367787.09,138168.49,0.375585
1603598400000,0.3762,0.3763,0.3678,0.3689,409022.58,152562.17,0.371937
1603605600000,0.3686,0.3728,0.3678,0.3725,354035.9,131162.35,0.370255
1603612800000,0.3725,0.3727,0.37,0.3709,120339.64,44668.57,0.371316
1603620000000,0.3708,0.3709,0.3664,0.3682,278987.25,102821.96,0.368573
1603627200000,0.3681,0.3719,0.3678,0.3706,100734.23,37295.06,0.369901
1603634400000,0.3699,0.3723,0.3693,0.3697,96621.12,35792.91,0.370801
1603641600000,0.3693,0.3724,0.366,0.3716,261280.81,96637.47,0.369158
1603648800000,0.3714,0.372,0.3694,0.372,55079.66,20406.13,0.370687
1603656000000,0.3717,0.3719,0.3688,0.3691,28232.99,10461.81,0.370339
1603663200000,0.3691,0.3697,0.3662,0.3687,90724.15,33396.0,0.367947
1603670400000,0.3687,0.3765,0.3667,0.3748,259314.13,96528.6,0.371584
1603677600000,0.3749,0.3799,0.3744,0.3794,288780.88,108953.92,0.37715
1603684800000,0.3796,0.3829,0.3769,0.3777,370850.28,140931.61,0.379932
1603692000000,0.3784,0.3786,0.3741,0.3747,158157.11,59477.66,0.376309
1603699200000,0.3747,0.3806,0.3722,0.3791,228746.96,86317.43,0.376363
1603706400000,0.3791,0.3794,0.3757,0.3767,100484.35,37931.69,0.377509
1603713600000,0.3765,0.3789,0.3742,0.3772,307332.14,115646.58,0.376548
1603720800000,0.3767,0.3769,0.3591,0.3611,798116.08,292896.33,0.367786
1603728000000,0.3612,0.3637,0.3518,0.3566,1118785.83,400143.24,0.357705
1603735200000,0.3567,0.3598,0.3544,0.3589,329476.21,117906.73,0.35707
1603742400000,0.359,0.3606,0.356,0.3577,188329.63,67587.73,0.358299
1603749600000,0.358,0.3595,0.3569,0.3572,120612.06,43194.67,0.358215
1603756800000,0.3569,0.3643,0.3564,0.3621,262572.41,94788.21,0.360453
1603764000000,0.3622,0.3642,0.3617,0.3631,232037.41,84225.17,0.36296
1603771200000,0.3632,0.3672,0.3627,0.3629,144804.31,52716.38,0.364952
1603778400000,0.3629,0.3632,0.3601,0.3611,192614.99,69664.98,0.361618
1603785600000,0.3611,0.3613,0.3572,0.3592,220778.35,79245.65,0.359199
1603792800000,0.3592,0.3665,0.3583,0.366,321945.79,117167.25,0.362358
1603800000000,0.366,0.3715,0.3657,0.3707,507493.85,187137.55,0.368649
1603807200000,0.3707,0.3715,0.3652,0.3668,404835.14,148805.42,0.368308
1603814400000,0.3667,0.3689,0.3647,0.3647,217047.01,79673.86,0.366866
1603821600000,0.3649,0.3656,0.3594,0.3639,334885.11,121519.45,0.362488
1603828800000,0.3637,0.3639,0.36,0.3601,180518.23,65350.5,0.361964
1603836000000,0.3595,0.3621,0.3588,0.3609,197918.54,71243.7,0.360462
1603843200000,0.3608,0.3646,0.3593,0.3632,324672.99,117653.33,0.361947
1603850400000,0.3626,0.364,0.3598,0.3598,122462.27,44274.49,0.361987
1603857600000,0.3599,0.3609,0.3563,0.3577,148536.82,53231.64,0.358588
1603864800000,0.3575,0.3586,0.3473,0.3497,777404.48,273434.77,0.352862
1603872000000,0.3496,0.3528,0.3471,0.3479,761673.04,266207.19,0.349977
1603879200000,0.3477,0.3524,0.344,0.3464,583347.91,202821.09,0.348207
1603886400000,0.3461,0.3514,0.344,0.3448,367853.07,128044.08,0.347717
1603893600000,0.3446,0.3471,0.34,0.3454,610901.91,210626.93,0.343545
1603900800000,0.3453,0.3453,0.3339,0.335,1777707.1,600876.62,0.339459
1603908000000,0.3351,0.3376,0.3337,0.3338,315129.84,105694.37,0.335684
1603915200000,0.334,0.3357,0.3303,0.3348,608678.72,202339.62,0.332992
1603922400000,0.3348,0.3385,0.3348,0.3366,309606.99,104136.48,0.33671
1603929600000,0.3368,0.3435,0.336,0.3432,252888.98,85869.12,0.339694
1603936800000,0.3434,0.3446,0.3396,0.3446,180247.32,61677.38,0.342072
1603944000000,0.3445,0.3455,0.3439,0.345,234368.2,80763.21,0.344699
1603951200000,0.3453,0.3459,0.3407,0.3407,223115.33,76532.03,0.343373
1603958400000,0.3409,0.3427,0.3387,0.3399,178401.45,60738.55,0.340705
1603965600000,0.34,0.34,0.3327,0.333,242251.15,81270.09,0.336305
1603972800000,0.3328,0.3351,0.3273,0.3338,513618.91,170131.87,0.331191
1603980000000,0.3337,0.3407,0.3337,0.3387,355911.92,120434.39,0.337346
1603987200000,0.3391,0.3406,0.3353,0.3367,202972.35,68617.19,0.337953
1603994400000,0.3367,0.3392,0.3357,0.3357,159472.42,53749.99,0.337476
1604001600000,0.3357,0.3432,0.3353,0.3381,579442.74,196084.58,0.339306
1604008800000,0.338,0.3381,0.3313,0.3369,129969.02,43546.83,0.334682
1604016000000,0.337,0.3434,0.3338,0.3375,94762.12,32147.56,0.338601
1604023200000,0.3379,0.3379,0.3281,0.3289,226639.42,75322.86,0.332893
1604030400000,0.3289,0.3311,0.3236,0.3244,382953.19,125338.23,0.327419
1604037600000,0.3241,0.3269,0.3188,0.324,585484.3,189155.14,0.32285
1604044800000,0.3245,0.3269,0.315,0.3212,444677.7,142086.32,0.320913
1604052000000,0.3213,0.323,0.3187,0.3219,272233.98,87349.44,0.320846
1604059200000,0.3218,0.3253,0.3207,0.3208,179254.41,57948.44,0.32302
1604066400000,0.3208,0.3239,0.3199,0.3235,208074.79,66994.76,0.321868
1604073600000,0.3238,0.3248,0.3205,0.323,362630.53,117149.33,0.322643
1604080800000,0.3234,0.3266,0.3226,0.3265,176311.8,57169.85,0.324538
1604088000000,0.3265,0.3276,0.3221,0.3262,209436.36,68205.72,0.324849
1604095200000,0.3261,0.3277,0.3246,0.326,126464.51,41235.83,0.32615
1604102400000,0.3254,0.3309,0.3237,0.3307,194138.02,63601.31,0.327182
1604109600000,0.3309,0.3323,0.3256,0.3279,306679.26,100782.19,0.328926
1604116800000,0.3279,0.3291,0.327,0.327,93384.62,30622.86,0.328079
1604124000000,0.3265,0.3296,0.326,0.3289,175301.8,57700.09,0.327812
1604131200000,0.3288,0.3336,0.3288,0.3328,212313.09,70297.85,0.331284
1604138400000,0.3329,0.3347,0.3284,0.3304,314293.14,103991.47,0.331546
1604145600000,0.3304,0.3361,0.3299,0.3328,311321.17,103679.24,0.333054
1604152800000,0.3321,0.3321,0.3284,0.3298,234292.31,77337.0,0.330175
1604160000000,0.3301,0.3302,0.3273,0.3284,149578.31,49133.33,0.328703
1604167200000,0.3281,0.3288,0.3263,0.3276,161947.71,53069.16,0.327547
1604174400000,0.3276,0.3285,0.3238,0.3239,185879.69,60641.6,0.326223
1604181600000,0.3238,0.3246,0.3209,0.3219,169401.02,54650.06,0.322743
1604188800000,0.3214,0.3291,0.3204,0.3278,375820.09,122125.09,0.324773
1604196000000,0.3277,0.3281,0.3245,0.3253,102137.57,33272.76,0.326275
1604203200000,0.3255,0.3276,0.3219,0.3262,404401.67,131048.64,0.324746
1604210400000,0.3262,0.328,0.3249,0.3278,93230.19,30438.48,0.326411
1604217600000,0.3282,0.3287,0.3251,0.3251,50537.39,16537.94,0.326957
1604224800000,0.3252,0.3273,0.3247,0.3261,77557.47,25273.91,0.326011
1604232000000,0.3262,0.3313,0.3261,0.331,151562.32,49992.36,0.328727
1604239200000,0.3313,0.3344,0.3311,0.3334,341369.56,113617.14,0.332795
1604246400000,0.3333,0.3345,0.3323,0.3341,105685.43,35226.65,0.33339
1604253600000,0.334,0.3351,0.3332,0.3343,125960.92,42109.47,0.33415
1604260800000,0.3347,0.3396,0.3343,0.3387,234169.86,78996.75,0.336992
1604268000000,0.3391,0.3395,0.3354,0.338,107442.36,36307.43,0.33743
1604275200000,0.338,0.3534,0.3379,0.3481,705037.6,246018.93,0.345959
1604282400000,0.3483,0.3505,0.3433,0.3458,240238.1,83216.99,0.346895
1604289600000,0.3454,0.3498,0.3453,0.3476,216567.75,75268.98,0.347617
1604296800000,0.3473,0.35,0.3468,0.3499,126968.44,44329.61,0.34836
1604304000000,0.3499,0.35,0.3383,0.3413,415329.12,142448.4,0.343924
1604311200000,0.3413,0.3413,0.3361,0.3378,269206.61,91018.5,0.338591
1604318400000,0.3376,0.3441,0.3324,0.3425,516298.47,174979.23,0.338167
1604325600000,0.3425,0.3466,0.3397,0.3463,260749.01,89729.24,0.343047
1604332800000,0.3464,0.3477,0.3373,0.3386,368287.03,125951.84,0.3425
1604340000000,0.3384,0.3387,0.3353,0.336,191607.51,64511.71,0.336972
1604347200000,0.3358,0.3375,0.3352,0.3352,149517.31,50310.41,0.336365
1604354400000,0.3353,0.3354,0.328,0.3287,489698.78,162123.54,0.331626
1604361600000,0.3286,0.3297,0.3267,0.329,138128.75,45273.32,0.328197
1604368800000,0.3291,0.3296,0.3198,0.3214,509996.49,165336.44,0.3246
1604376000000,0.3216,0.3275,0.3198,0.3233,438634.76,141885.49,0.323665
1604383200000,0.3228,0.3263,0.3207,0.3252,149700.45,48561.76,0.323476
1604390400000,0.325,0.3271,0.3239,0.3265,222623.38,72454.23,0.325485
1604397600000,0.3266,0.3275,0.3231,0.3255,313168.59,101816.74,0.325288
1604404800000,0.3255,0.3267,0.32,0.3251,233881.76,75636.09,0.323348
1604412000000,0.3253,0.3266,0.3197,0.3211,313376.24,101466.16,0.323145
1604419200000,0.3211,0.322,0.3199,0.3203,180889.1,58075.34,0.320959
1604426400000,0.3205,0.3263,0.3205,0.3236,256295.35,83007.61,0.323504
1604433600000,0.3236,0.3249,0.323,0.3243,105261.36,34086.9,0.32395
1604440800000,0.3243,0.3289,0.3195,0.3256,530419.62,172277.69,0.324196
1604448000000,0.3257,0.3257,0.3198,0.3207,384181.46,123954.42,0.322652
1604455200000,0.3207,0.322,0.3191,0.3201,225942.26,72396.66,0.320552
1604462400000,0.3201,0.3212,0.319,0.319,124653.06,39883.07,0.320137
1604469600000,0.319,0.3202,0.3102,0.3124,365335.17,115247.69,0.315139
1604476800000,0.3128,0.3138,0.3108,0.3116,142000.85,44356.6,0.312304
1604484000000,0.3116,0.3142,0.3091,0.3106,207071.67,64270.57,0.311655
1604491200000,0.3106,0.3147,0.3104,0.3106,397728.86,124238.96,0.31255
1604498400000,0.3107,0.3107,0.3057,0.3069,289763.57,89100.57,0.308099
1604505600000,0.3072,0.3206,0.3057,0.3174,1002097.15,316722.19,0.313263
1604512800000,0.3178,0.32,0.3168,0.3177,377440.09,120083.02,0.3184
1604520000000,0.3181,0.3184,0.3128,0.3166,170014.84,53763.15,0.315568
1604527200000,0.3167,0.32,0.3155,0.3174,123890.46,39400.15,0.317754
1604534400000,0.3175,0.3227,0.3174,0.3218,331892.01,106324.68,0.320129
1604541600000,0.322,0.3239,0.3208,0.3229,205747.17,66377.03,0.322348
1604548800000,0.3231,0.3246,0.3221,0.3233,214148.99,69226.35,0.32335
1604556000000,0.3233,0.324,0.321,0.3216,206989.97,66766.29,0.322504
1604563200000,0.3215,0.3238,0.3153,0.3181,320808.25,102307.03,0.31954
1604570400000,0.3182,0.3196,0.3165,0.3184,279601.32,88988.9,0.31805
1604577600000,0.3187,0.3211,0.3141,0.3191,463904.75,147158.71,0.317599
1604584800000,0.3187,0.331,0.318,0.3293,636336.77,208532.09,0.3246
1604592000000,0.3296,0.3344,0.328,0.3307,665536.62,220542.32,0.331208
1604599200000,0.3313,0.3401,0.3308,0.3383,1048603.23,352901.15,0.335557
1604606400000,0.3386,0.3445,0.3374,0.3426,491289.57,167999.76,0.34098
1604613600000,0.3426,0.348,0.3413,0.3474,515651.89,177979.51,0.344598
1604620800000,0.3476,0.3547,0.3449,0.3545,678305.03,237750.83,0.349623
1604628000000,0.354,0.3648,0.353,0.3591,1499651.27,538981.58,0.359015
1604635200000,0.3589,0.3664,0.3582,0.3582,707673.29,256821.54,0.362307
1604642400000,0.3582,0.3667,0.3582,0.3656,570253.97,206892.17,0.362579
1604649600000,0.3663,0.3664,0.3592,0.3642,659202.0,238869.64,0.362747
1604656800000,0.3642,0.3722,0.3641,0.3721,615500.63,227661.83,0.36815
1604664000000,0.3722,0.3788,0.3658,0.378,674837.08,250418.42,0.372153
1604671200000,0.3779,0.3792,0.3632,0.3645,822329.08,305694.46,0.3712
1604678400000,0.3645,0.3717,0.3636,0.3678,501862.72,185020.09,0.367715
1604685600000,0.3679,0.3712,0.3665,0.3682,469759.61,173252.05,0.368851
1604692800000,0.3682,0.3726,0.362,0.3724,428158.65,157107.55,0.367177
1604700000000,0.3724,0.3784,0.3711,0.3769,576259.69,216577.96,0.37476
1604707200000,0.3769,0.3979,0.3763,0.3968,1267653.97,492033.58,0.387167
1604714400000,0.397,0.3998,0.3841,0.3862,829593.49,325601.05,0.391997
1604721600000,0.3868,0.389,0.3824,0.384,368848.17,141986.15,0.385714
1604728800000,0.384,0.3907,0.3831,0.3891,416540.23,161458.19,0.386944
1604736000000,0.3891,0.3915,0.3857,0.3892,521878.56,202837.69,0.3886
1604743200000,0.3895,0.3967,0.3882,0.3957,293942.4,115459.97,0.392427
1604750400000,0.3957,0.399,0.3857,0.3924,718162.35,283801.2,0.392323
1604757600000,0.3921,0.3922,0.358,0.3737,1947405.08,723392.85,0.374492
1604764800000,0.3737,0.3747,0.36,0.3605,868581.48,318580.45,0.367413
1604772000000,0.3605,0.3626,0.3405,0.3452,1409164.98,491643.83,0.351373
1604779200000,0.3445,0.352,0.339,0.3482,578712.93,200431.42,0.345482
1604786400000,0.3485,0.3521,0.3447,0.3489,255420.69,89137.56,0.3484
1604793600000,0.3486,0.355,0.345,0.3548,459888.72,161134.83,0.349819
1604800800000,0.3544,0.3553,0.3504,0.3504,116236.94,41009.36,0.35294
1604808000000,0.3505,0.355,0.349,0.3541,115308.13,40490.15,0.35197
1604815200000,0.3546,0.3548,0.3505,0.3512,225629.94,79459.26,0.352604
1604822400000,0.3514,0.3604,0.3514,0.3602,243641.56,86891.55,0.355931
1604829600000,0.3603,0.3685,0.3579,0.3684,340857.94,123617.67,0.363003
1604836800000,0.3684,0.3705,0.365,0.3673,328781.78,120954.82,0.367749
1604844000000,0.3682,0.375,0.3668,0.3725,355380.93,131862.67,0.370941
1604851200000,0.3725,0.3758,0.3701,0.3758,333050.26,124101.2,0.37284
1604858400000,0.3758,0.3774,0.3695,0.3713,387000.19,144210.8,0.373441
1604865600000,0.371,0.3728,0.3613,0.3627,449115.93,164508.87,0.36708
1604872800000,0.3622,0.3673,0.3621,0.3668,172195.58,62907.18,0.364749
1604880000000,0.3667,0.3694,0.3642,0.3658,253962.57,93122.23,0.366804
1604887200000,0.3653,0.3664,0.3618,0.3618,166572.8,60582.87,0.364193
1604894400000,0.3618,0.3618,0.3563,0.3595,482723.56,173480.96,0.358977
1604901600000,0.3595,0.3614,0.3552,0.3552,244806.53,87622.21,0.35843
1604908800000,0.3552,0.3623,0.3528,0.3609,316590.11,113324.31,0.357501
1604916000000,0.3616,0.3685,0.3612,0.3666,318849.21,116416.25,0.36495
1604923200000,0.367,0.367,0.3526,0.3541,599791.25,215707.41,0.359612
1604930400000,0.3539,0.3552,0.3454,0.3484,716316.61,250601.55,0.350227
1604937600000,0.3474,0.3528,0.3432,0.3523,507330.85,176525.0,0.347871
1604944800000,0.3525,0.3546,0.3508,0.3546,204521.53,72163.13,0.35263
1604952000000,0.3541,0.3594,0.354,0.3566,156399.54,55751.08,0.356776
1604959200000,0.3564,0.3568,0.3522,0.3543,198236.36,70110.17,0.354453
1604966400000,0.3544,0.3664,0.3529,0.3657,416809.85,149632.15,0.359565
1604973600000,0.3657,0.3715,0.3657,0.3712,474701.1,174703.17,0.368644
1604980800000,0.3712,0.384,0.3692,0.3716,1389139.01,522904.66,0.376601
1604988000000,0.3719,0.3785,0.3682,0.3776,765083.31,285676.18,0.373234
1604995200000,0.3776,0.3864,0.3775,0.3833,671190.33,256487.97,0.382121
1605002400000,0.3835,0.3835,0.375,0.3787,415766.25,157800.01,0.37909
1605009600000,0.3788,0.3912,0.3773,0.3912,639058.93,246166.86,0.384064
1605016800000,0.3911,0.3912,0.3757,0.3776,1164936.93,446122.07,0.383239
1605024000000,0.3784,0.3854,0.3781,0.3797,593037.51,226186.49,0.381772
1605031200000,0.3796,0.3836,0.3765,0.3822,188416.32,71501.74,0.380021
1605038400000,0.3824,0.3843,0.3818,0.3842,141136.73,54068.54,0.383013
1605045600000,0.3845,0.3895,0.3845,0.3879,404404.07,156597.98,0.387105
1605052800000,0.3878,0.395,0.3853,0.3875,942127.03,367684.37,0.390151
1605060000000,0.3874,0.388,0.3791,0.3841,737940.62,283297.1,0.383472
1605067200000,0.3842,0.3849,0.3749,0.3784,366644.75,138948.19,0.379771
1605074400000,0.3785,0.3871,0.3779,0.3866,437116.62,167302.36,0.382488
1605081600000,0.3862,0.3865,0.3727,0.3745,563293.63,213050.92,0.379436
1605088800000,0.3749,0.378,0.371,0.3718,427327.51,159831.74,0.374559
1605096000000,0.3721,0.3738,0.3694,0.3694,565166.27,209878.88,0.371688
1605103200000,0.3697,0.378,0.3691,0.3755,360044.3,134943.92,0.373663
1605110400000,0.3752,0.3824,0.3748,0.3767,302356.99,114311.69,0.378626
1605117600000,0.3767,0.3814,0.3713,0.3761,664072.25,249866.85,0.37635
1605124800000,0.3765,0.3767,0.3676,0.3731,341590.49,126917.41,0.372054
1605132000000,0.3734,0.3734,0.3633,0.3651,425767.11,156735.14,0.368167
1605139200000,0.3652,0.3692,0.361,0.369,423415.0,154123.94,0.364987
1605146400000,0.3691,0.3734,0.3674,0.3713,274494.72,101703.12,0.370407
1605153600000,0.3715,0.3725,0.3709,0.3714,160774.09,59770.3,0.3717
1605160800000,0.3714,0.373,0.3705,0.3729,151178.76,56188.41,0.37171
1605168000000,0.3729,0.3746,0.3686,0.3693,303553.49,112768.31,0.371649
1605175200000,0.3693,0.3734,0.3648,0.3698,494167.5,182168.76,0.3691
1605182400000,0.3694,0.3706,0.3645,0.3657,410531.89,150767.81,0.36755
1605189600000,0.366,0.368,0.3628,0.3649,192413.9,70210.0,0.365399
1605196800000,0.3642,0.3642,0.3583,0.3584,204930.83,73895.98,0.361234
1605204000000,0.3583,0.3637,0.3578,0.359,280058.91,100942.63,0.360757
1605211200000,0.3591,0.3611,0.359,0.36,73332.06,26411.11,0.360074
1605218400000,0.36,0.3614,0.3592,0.3605,146971.61,52970.65,0.360301
1605225600000,0.3603,0.3671,0.3587,0.365,339398.35,123007.68,0.362921
1605232800000,0.3651,0.3707,0.3629,0.3672,260807.95,95827.63,0.366812
1605240000000,0.3673,0.3676,0.3627,0.3634,158677.85,57895.07,0.365112
1605247200000,0.3641,0.3666,0.3636,0.3666,155272.04,56655.52,0.365047
1605254400000,0.3663,0.3755,0.3652,0.3699,479629.66,177648.02,0.370421
1605261600000,0.3698,0.3815,0.367,0.379,721126.28,269751.95,0.374233
1605268800000,0.3789,0.3798,0.3726,0.3777,407406.24,153256.02,0.376185
1605276000000,0.3778,0.3822,0.3734,0.3777,486011.75,183745.51,0.3778
1605283200000,0.3781,0.3802,0.37,0.3755,315010.21,118058.92,0.375072
1605290400000,0.3762,0.3797,0.3742,0.3785,421008.23,158355.5,0.376932
1605297600000,0.3786,0.3858,0.3763,0.3845,264709.24,101133.17,0.380997
1605304800000,0.3846,0.3872,0.3818,0.3864,239240.5,91957.13,0.384471
1605312000000,0.3866,0.3866,0.3778,0.379,342863.7,130772.22,0.382062
1605319200000,0.3789,0.3834,0.3755,0.3768,187567.54,71016.3,0.379479
1605326400000,0.3763,0.3763,0.3711,0.373,205545.74,76747.63,0.373594
1605333600000,0.373,0.3746,0.3673,0.3692,259110.34,95831.29,0.370939
1605340800000,0.3686,0.3703,0.3594,0.3616,830191.63,301739.55,0.364821
1605348000000,0.361,0.3675,0.3596,0.3655,559302.03,203932.71,0.363576
1605355200000,0.3648,0.3718,0.3641,0.3693,719920.91,265322.44,0.368034
1605362400000,0.3694,0.3721,0.3693,0.37,233755.3,86637.72,0.370712
1605369600000,0.3698,0.3746,0.3636,0.3718,400330.82,147425.25,0.369086
1605376800000,0.3716,0.3731,0.3697,0.3713,180177.61,67022.79,0.3714
1605384000000,0.3705,0.3753,0.3684,0.3737,145709.53,54424.52,0.371836
1605391200000,0.3737,0.3759,0.3712,0.3741,210206.17,78556.19,0.373549
1605398400000,0.3743,0.3776,0.3726,0.3751,277882.35,104328.91,0.375103
1605405600000,0.3754,0.3777,0.3705,0.3714,347209.73,129649.01,0.374159
1605412800000,0.3712,0.3721,0.3688,0.3704,149531.28,55413.16,0.370445
1605420000000,0.3703,0.3779,0.3698,0.3769,287419.89,107883.97,0.3739
1605427200000,0.3775,0.3791,0.3749,0.3752,213920.83,80650.76,0.377053
1605434400000,0.3754,0.3774,0.3671,0.3679,454159.13,168433.0,0.372342
1605441600000,0.3677,0.3713,0.3663,0.3707,393199.96,145020.17,0.36876
1605448800000,0.371,0.3747,0.37,0.3739,227489.27,84819.0,0.372339
1605456000000,0.3741,0.375,0.3594,0.3609,1004380.68,367810.47,0.367135
1605463200000,0.3605,0.3638,0.352,0.3581,939884.85,335482.2,0.357885
1605470400000,0.3581,0.36,0.3557,0.3561,199882.45,71475.57,0.357893
1605477600000,0.3564,0.3598,0.35,0.3592,287209.76,101940.62,0.35484
1605484800000,0.3596,0.3613,0.3561,0.3582,116655.5,41873.89,0.358696
1605492000000,0.3583,0.3631,0.3572,0.3617,186255.78,67044.07,0.360164
1605499200000,0.3622,0.3648,0.3617,0.364,226158.09,82123.79,0.363264
1605506400000,0.364,0.3665,0.3629,0.3636,300737.57,109581.4,0.364703
1605513600000,0.3637,0.3647,0.3617,0.3637,142630.18,51825.27,0.3632
1605520800000,0.3638,0.3654,0.3611,0.3637,227239.84,82467.21,0.36325
1605528000000,0.3638,0.3782,0.3638,0.376,1051165.67,391650.94,0.371241
1605535200000,0.3762,0.3818,0.3762,0.3787,681435.07,258459.51,0.379081
1605542400000,0.3789,0.3797,0.3713,0.3746,689880.94,258830.75,0.375412
1605549600000,0.3746,0.3753,0.3687,0.3688,416784.58,155093.37,0.372072
1605556800000,0.369,0.3721,0.3668,0.3697,399604.97,147802.46,0.36945
1605564000000,0.3696,0.3736,0.3691,0.3717,220373.26,81811.33,0.37139
1605571200000,0.3719,0.3781,0.3712,0.3772,459229.8,172264.33,0.374667
1605578400000,0.3771,0.3792,0.3723,0.3745,352939.84,132710.14,0.375748
1605585600000,0.3743,0.3793,0.3741,0.3757,429276.6,161715.07,0.376731
1605592800000,0.3759,0.3849,0.3747,0.3829,516133.51,196596.91,0.379853
1605600000000,0.3834,0.3875,0.3794,0.382,682127.78,262163.23,0.383456
1605607200000,0.3819,0.39,0.3819,0.3848,735892.74,285163.86,0.386036
1605614400000,0.3854,0.3896,0.3803,0.3803,600772.2,231891.56,0.385121
1605621600000,0.3803,0.3858,0.3761,0.3788,602261.52,229492.57,0.380958
1605628800000,0.3789,0.3801,0.3723,0.3734,658311.53,247351.76,0.376207
1605636000000,0.3735,0.3807,0.3727,0.3807,428917.4,161711.66,0.376598
1605643200000,0.3806,0.3825,0.3756,0.3777,420953.32,159886.57,0.379045
1605650400000,0.3777,0.3839,0.375,0.3827,295623.93,112100.39,0.379386
1605657600000,0.3826,0.385,0.3786,0.3806,385257.86,147011.72,0.381805
1605664800000,0.3803,0.3816,0.3776,0.3809,356276.76,135262.8,0.379594
1605672000000,0.3807,0.3851,0.355,0.3649,1584543.33,590248.02,0.369847
1605679200000,0.3652,0.37,0.3637,0.3667,1004600.95,368938.04,0.366863
1605686400000,0.3669,0.369,0.3635,0.3665,599168.14,219461.94,0.366249
1605693600000,0.3666,0.3684,0.3649,0.3666,218819.4,80247.78,0.36665
1605700800000,0.3669,0.3686,0.3612,0.3629,410728.71,149853.89,0.3649
1605708000000,0.3629,0.3657,0.3534,0.3595,1460549.83,524516.78,0.359518
1605715200000,0.3595,0.3652,0.3576,0.3625,458412.14,165637.28,0.361416
1605722400000,0.3628,0.3635,0.3595,0.3608,217159.75,78548.44,0.36148
1605729600000,0.3607,0.3624,0.3583,0.3606,249905.01,89974.89,0.36035
1605736800000,0.3604,0.3664,0.3604,0.3647,274258.16,99640.89,0.363525
1605744000000,0.3654,0.3696,0.3629,0.3684,309252.55,113369.9,0.366216
1605751200000,0.3687,0.3703,0.3656,0.3673,559805.73,205945.43,0.367949
1605758400000,0.3668,0.3677,0.3646,0.3651,227352.38,83208.62,0.366166
1605765600000,0.3652,0.3663,0.3604,0.3611,383505.23,139120.63,0.363377
1605772800000,0.3612,0.3627,0.3552,0.3572,373726.33,134220.28,0.358931
1605780000000,0.3569,0.3641,0.3564,0.3631,406128.49,146050.37,0.360298
1605787200000,0.3638,0.3692,0.362,0.3686,304749.8,111634.57,0.365525
1605794400000,0.3685,0.3693,0.3663,0.3686,325836.27,119778.9,0.3678
1605801600000,0.3691,0.3751,0.3652,0.3714,740183.23,275107.09,0.370149
1605808800000,0.3716,0.372,0.3664,0.3669,331889.8,122482.98,0.369189
1605816000000,0.367,0.3685,0.3637,0.3648,221314.41,81170.46,0.366111
1605823200000,0.3647,0.368,0.3614,0.3649,235670.91,85863.63,0.3647
1605830400000,0.3656,0.3717,0.3651,0.3716,209453.66,77069.0,0.368348
1605837600000,0.3713,0.3752,0.3706,0.3743,410829.42,153564.49,0.372912
1605844800000,0.3746,0.3756,0.3717,0.3741,174557.1,65241.4,0.373647
1605852000000,0.3743,0.3768,0.371,0.3752,445464.76,166655.28,0.373895
1605859200000,0.3753,0.3791,0.3737,0.3759,674932.82,254254.88,0.376402
1605866400000,0.376,0.3804,0.3757,0.3781,901682.03,340667.59,0.378103
1605873600000,0.3783,0.3799,0.3733,0.3794,684887.73,257629.44,0.376584
1605880800000,0.3795,0.3821,0.3703,0.3748,671985.62,253193.87,0.376161
1605888000000,0.3755,0.3816,0.3739,0.3813,339467.83,128303.43,0.377643
1605895200000,0.3816,0.3821,0.3762,0.3779,208119.21,78890.17,0.379085
1605902400000,0.3779,0.3793,0.3736,0.3741,289070.83,108522.84,0.376506
1605909600000,0.3738,0.3754,0.3697,0.375,383559.66,142914.4,0.372529
1605916800000,0.3746,0.3826,0.3738,0.3822,743930.03,281587.18,0.378154
1605924000000,0.3822,0.4077,0.3814,0.3986,3070174.93,1221361.15,0.394997
1605931200000,0.3989,0.4015,0.3915,0.3987,1252565.45,494972.4,0.3965
1605938400000,0.3984,0.4043,0.3968,0.4013,770609.14,308335.64,0.400577
1605945600000,0.4015,0.4153,0.3997,0.4028,1301175.75,529344.42,0.407509
1605952800000,0.4028,0.4066,0.3924,0.3954,993381.39,396489.58,0.399529
1605960000000,0.3956,0.4067,0.3919,0.4061,1040728.72,417590.76,0.399077
1605967200000,0.406,0.417,0.405,0.4152,1208666.83,495287.3,0.411069
1605974400000,0.4153,0.423,0.402,0.4109,1657290.07,683732.28,0.412493
1605981600000,0.4108,0.4127,0.4032,0.4043,540512.47,220764.9,0.408003
1605988800000,0.4043,0.4064,0.3999,0.4056,465544.49,187201.17,0.403132
1605996000000,0.4056,0.4178,0.4014,0.4174,736803.55,301489.7,0.409318
1606003200000,0.4168,0.428,0.3934,0.398,2314045.87,947733.72,0.410963
1606010400000,0.3976,0.4037,0.3946,0.403,663710.64,265244.72,0.399039
1606017600000,0.4029,0.4033,0.3948,0.3961,545735.26,217720.76,0.398964
1606024800000,0.396,0.399,0.3858,0.3949,879352.64,344219.59,0.392395
1606032000000,0.394,0.3982,0.3858,0.3975,999615.71,390719.75,0.391924
1606039200000,0.3978,0.3995,0.3833,0.3905,1446461.51,566152.14,0.391253
1606046400000,0.3905,0.3979,0.3877,0.394,619438.02,243623.25,0.392817
1606053600000,0.3938,0.397,0.3905,0.3962,346212.27,136686.11,0.393706
1606060800000,0.3962,0.4058,0.3944,0.4033,736981.27,296321.35,0.400138
1606068000000,0.403,0.4092,0.4028,0.408,563858.74,229047.34,0.40609
1606075200000,0.408,0.4092,0.4017,0.404,401025.41,162789.64,0.405408
1606082400000,0.4035,0.4041,0.3944,0.3973,882518.02,353080.59,0.399119
1606089600000,0.3978,0.401,0.3913,0.3959,655463.47,259187.52,0.396143
1606096800000,0.3957,0.4017,0.3948,0.3986,429866.4,171311.92,0.398301
1606104000000,0.3982,0.4077,0.3982,0.406,752019.23,303884.92,0.403122
1606111200000,0.4061,0.4197,0.402,0.4181,875103.5,359139.7,0.410688
1606118400000,0.4185,0.4262,0.413,0.424,1612462.07,677798.31,0.419525
1606125600000,0.4238,0.4313,0.4196,0.427,898309.84,381773.2,0.425451
1606132800000,0.4268,0.4318,0.4179,0.4252,1125040.1,477774.95,0.424846
1606140000000,0.4247,0.4289,0.4112,0.4141,1558555.48,656487.08,0.420114
1606147200000,0.4136,0.4222,0.4074,0.4219,951938.14,395113.21,0.414548
1606154400000,0.4219,0.4332,0.4171,0.4331,752209.16,319357.63,0.424827
1606161600000,0.4331,0.4373,0.4252,0.4351,810803.84,350260.14,0.43123
1606168800000,0.4346,0.4391,0.4242,0.4381,800177.96,345711.15,0.431584
1606176000000,0.4381,0.4566,0.4291,0.4539,1971719.39,882101.13,0.442567
1606183200000,0.4542,0.4574,0.4468,0.4499,1655614.57,749775.42,0.452102
1606190400000,0.4497,0.4736,0.4491,0.4626,1901561.68,882513.26,0.461737
1606197600000,0.4622,0.4622,0.432,0.457,2700487.45,1204799.13,0.447007
1606204800000,0.4576,0.4772,0.4425,0.4451,2541635.59,1175438.09,0.460135
1606212000000,0.4459,0.4464,0.4164,0.4307,2708479.18,1170640.0,0.430927
1606219200000,0.4309,0.4346,0.4143,0.434,1593351.77,676280.56,0.424403
1606226400000,0.4331,0.4403,0.4268,0.4397,852149.84,369560.95,0.433369
1606233600000,0.4398,0.4756,0.4376,0.4752,2232709.2,1023879.99,0.456351
1606240800000,0.4752,0.4762,0.4595,0.4626,940810.6,439872.89,0.467676
1606248000000,0.4622,0.465,0.4463,0.4493,1406707.98,641270.0,0.455636
1606255200000,0.4495,0.4655,0.4477,0.4644,626378.67,287287.48,0.456526
1606262400000,0.4652,0.4942,0.4602,0.4825,2620758.06,1265043.85,0.477432
1606269600000,0.4825,0.4854,0.4547,0.462,1879181.43,891044.52,0.469774
1606276800000,0.461,0.4699,0.4554,0.4675,964807.16,446716.33,0.462565
1606284000000,0.4671,0.4853,0.4669,0.4815,1455934.48,696727.76,0.476425
1606291200000,0.4815,0.5236,0.4815,0.5231,2651910.01,1330667.61,0.502631
1606298400000,0.523,0.5285,0.5006,0.5078,2234073.97,1145990.13,0.514482
1606305600000,0.5078,0.5185,0.4837,0.4925,2436133.13,1220903.01,0.501148
1606312800000,0.4925,0.5217,0.488,0.508,2060503.57,1041534.51,0.505107
1606320000000,0.508,0.5146,0.488,0.4985,1645897.84,820357.91,0.501236
1606327200000,0.4985,0.5008,0.4848,0.4858,887900.49,439732.88,0.492922
1606334400000,0.4856,0.4883,0.4519,0.4651,2848583.68,1332205.89,0.469648
1606341600000,0.4648,0.4671,0.4226,0.4423,2587509.84,1146997.03,0.444256
1606348800000,0.4425,0.4574,0.435,0.4528,1503800.23,676718.1,0.446119
1606356000000,0.4511,0.4511,0.382,0.4055,3116507.86,1287596.54,0.415114
1606363200000,0.405,0.416,0.3932,0.4155,2869985.83,1161311.81,0.404284
1606370400000,0.4151,0.4177,0.3907,0.3992,2026407.5,820643.4,0.40392
1606377600000,0.3999,0.3999,0.3653,0.397,4155980.38,1603416.63,0.382572
1606384800000,0.3974,0.4051,0.3888,0.393,1850314.55,739120.89,0.396982
1606392000000,0.3924,0.4053,0.3898,0.3912,1207917.29,480771.12,0.397559
1606399200000,0.3911,0.4095,0.3838,0.4064,1733106.11,684492.24,0.396446
1606406400000,0.4065,0.4094,0.3736,0.3865,2652123.74,1028969.28,0.391077
1606413600000,0.3864,0.3992,0.3817,0.3947,1028976.39,399436.82,0.390444
1606420800000,0.3946,0.4095,0.3944,0.4003,1060122.6,425993.84,0.402116
1606428000000,0.401,0.4083,0.3967,0.4074,554389.94,223090.1,0.40236
1606435200000,0.4078,0.4219,0.4002,0.4142,1122281.19,463096.28,0.411051
1606442400000,0.4144,0.4176,0.398,0.4022,662403.53,268379.18,0.407746
1606449600000,0.4027,0.4237,0.4017,0.4216,441689.51,182999.1,0.412824
1606456800000,0.422,0.4236,0.4042,0.4069,535442.8,221780.47,0.413802
1606464000000,0.4071,0.4121,0.3879,0.3945,2093908.4,833424.32,0.399942
1606471200000,0.3943,0.3993,0.389,0.3904,428147.09,168796.18,0.394217
1606478400000,0.3909,0.3999,0.3909,0.3947,414799.29,164037.0,0.395521
1606485600000,0.3939,0.3959,0.3845,0.3857,901106.44,351653.85,0.390259
1606492800000,0.3857,0.394,0.3825,0.3931,479849.1,186511.61,0.388117
1606500000000,0.3934,0.3959,0.3897,0.3913,202645.04,79657.84,0.392813
1606507200000,0.3912,0.4,0.3907,0.399,320609.71,127645.82,0.395403
1606514400000,0.3994,0.4041,0.3942,0.4034,194386.68,77465.01,0.399054
1606521600000,0.403,0.4088,0.3988,0.4068,410689.17,166332.69,0.403759
1606528800000,0.4061,0.4063,0.3993,0.4001,164217.65,66130.4,0.402732
1606536000000,0.4007,0.402,0.3953,0.3985,141319.12,56205.24,0.398624
1606543200000,0.3979,0.4007,0.3965,0.3976,360108.87,143320.77,0.398601
1606550400000,0.3972,0.3989,0.3926,0.393,226423.76,89252.48,0.395831
1606557600000,0.393,0.4022,0.3921,0.4018,484751.64,193070.23,0.397091
1606564800000,0.402,0.4177,0.401,0.4147,1278339.41,524064.91,0.409519
1606572000000,0.4144,0.4217,0.411,0.4191,1671169.94,697352.59,0.41633
1606579200000,0.4192,0.4245,0.4101,0.4165,1039612.92,436501.98,0.417295
1606586400000,0.4166,0.4287,0.4159,0.4284,870339.77,368532.49,0.422246
1606593600000,0.4288,0.4288,0.4191,0.4204,427754.96,181007.23,0.4238
1606600800000,0.4209,0.4231,0.4138,0.4158,419301.69,175481.13,0.418458
1606608000000,0.4159,0.4172,0.4046,0.4075,839753.96,344403.77,0.4108
1606615200000,0.4072,0.4148,0.4063,0.4144,283018.37,116592.19,0.410495
1606622400000,0.4143,0.4145,0.4116,0.4131,102487.67,42347.21,0.413021
1606629600000,0.4133,0.4146,0.409,0.4142,272896.25,112387.4,0.411787
1606636800000,0.4138,0.4197,0.4137,0.4167,372139.48,155353.27,0.41679
1606644000000,0.4165,0.419,0.41,0.412,338444.83,140526.16,0.414517
1606651200000,0.4123,0.4126,0.4064,0.4112,309516.67,126682.34,0.409482
1606658400000,0.4122,0.4145,0.4071,0.4088,357802.37,146981.57,0.410817
1606665600000,0.4092,0.4123,0.403,0.4105,384577.74,156696.51,0.407639
1606672800000,0.4107,0.4107,0.4062,0.4065,190108.57,77650.76,0.408408
1606680000000,0.4063,0.4164,0.4063,0.4145,335919.2,138216.73,0.411537
1606687200000,0.4146,0.4166,0.4109,0.4151,281436.34,116442.46,0.413748
1606694400000,0.4155,0.4247,0.4155,0.4201,448558.89,188718.09,0.420253
1606701600000,0.421,0.425,0.4171,0.4241,350654.5,147223.31,0.42099
1606708800000,0.4244,0.425,0.4172,0.4185,200639.37,84533.68,0.421042
1606716000000,0.4193,0.4212,0.4172,0.419,112860.68,47310.45,0.4192
1606723200000,0.4191,0.4191,0.4046,0.41,646299.97,264709.75,0.411555
1606730400000,0.4098,0.4166,0.4093,0.4136,263168.41,108764.82,0.413041
1606737600000,0.4134,0.42,0.411,0.4189,521942.99,216547.29,0.415433
1606744800000,0.4194,0.4246,0.4147,0.4178,1642661.75,688844.73,0.419657
1606752000000,0.4177,0.4325,0.4162,0.4252,1225226.9,519508.26,0.424512
1606759200000,0.4247,0.4273,0.4202,0.4234,498781.16,211478.89,0.423747
1606766400000,0.4235,0.4243,0.4199,0.4215,403055.81,169893.59,0.422078
1606773600000,0.4215,0.4296,0.4183,0.4292,542412.67,229602.53,0.423766
1606780800000,0.4294,0.4297,0.4207,0.4228,413411.22,175723.37,0.42506
1606788000000,0.4233,0.4291,0.4233,0.4247,269970.69,115182.7,0.426233
1606795200000,0.4239,0.4313,0.4233,0.4304,537201.62,229175.58,0.42733
1606802400000,0.4302,0.4472,0.4294,0.4447,1176039.79,515239.61,0.438469
1606809600000,0.4455,0.4471,0.4394,0.4453,582039.42,257346.2,0.44325
1606816800000,0.4457,0.4483,0.4277,0.4309,1237906.76,541952.56,0.437956
1606824000000,0.4309,0.4328,0.3869,0.4058,2909424.21,1173250.72,0.409163
1606831200000,0.4056,0.4195,0.4027,0.4138,1046456.7,431779.35,0.411189
1606838400000,0.414,0.4167,0.3993,0.4063,588638.83,238987.73,0.407889
1606845600000,0.4059,0.4093,0.3982,0.4071,450373.64,182001.82,0.403742
1606852800000,0.4071,0.4098,0.4025,0.408,324672.66,131960.06,0.406145
1606860000000,0.4082,0.4119,0.3975,0.3994,432156.62,174207.11,0.404793
1606867200000,0.3991,0.4135,0.3939,0.4124,539491.49,217922.62,0.403433
1606874400000,0.4128,0.4132,0.4045,0.4053,407616.44,166626.46,0.408804
1606881600000,0.4053,0.4077,0.4005,0.4069,371093.5,149696.69,0.404075
1606888800000,0.4062,0.4188,0.4056,0.4187,618361.9,255659.75,0.412128
1606896000000,0.4182,0.4237,0.4159,0.4179,613139.48,257167.0,0.419801
1606903200000,0.4179,0.424,0.4174,0.4215,278083.41,117230.91,0.42078
1606910400000,0.4215,0.4231,0.4127,0.4224,559987.03,233690.54,0.417892
1606917600000,0.4222,0.4254,0.4171,0.4219,422578.31,178209.39,0.42125
1606924800000,0.4227,0.4246,0.4173,0.4239,422743.51,178025.61,0.420934
1606932000000,0.4245,0.4318,0.4243,0.4285,450791.38,192936.08,0.428169
1606939200000,0.4281,0.4289,0.4237,0.4256,233615.02,99611.16,0.426266
1606946400000,0.4252,0.428,0.4239,0.427,214259.23,91261.18,0.425942
1606953600000,0.4265,0.4337,0.4259,0.4275,522609.05,224654.39,0.429812
1606960800000,0.4274,0.4336,0.4271,0.4308,226940.26,97479.58,0.430442
1606968000000,0.4308,0.4329,0.4214,0.4231,286975.05,122544.48,0.427175
1606975200000,0.4232,0.4259,0.4186,0.4228,380759.27,160660.0,0.422249
1606982400000,0.4226,0.4284,0.4206,0.4256,316669.62,134159.22,0.424515
1606989600000,0.425,0.4288,0.4241,0.4282,399332.04,170412.26,0.42643
1606996800000,0.4287,0.429,0.4236,0.4262,232307.7,98916.75,0.426235
1607004000000,0.4262,0.4337,0.4262,0.4331,425614.21,183710.19,0.430031
1607011200000,0.4337,0.4355,0.4254,0.4322,345895.48,148981.58,0.430436
1607018400000,0.4325,0.4348,0.4285,0.4286,184634.43,79513.45,0.431767
1607025600000,0.4286,0.429,0.4261,0.4284,181388.12,77566.3,0.427549
1607032800000,0.4286,0.4334,0.4275,0.4306,219774.18,94553.25,0.430475
1607040000000,0.4304,0.4377,0.4299,0.4326,761949.44,331164.18,0.433847
1607047200000,0.4326,0.4346,0.4153,0.417,863695.04,368435.13,0.424979
1607054400000,0.4164,0.4327,0.4145,0.4276,785413.7,334644.07,0.423767
1607061600000,0.4279,0.4308,0.4271,0.4276,239456.6,102786.74,0.428952
1607068800000,0.4272,0.4355,0.4271,0.4313,626563.35,271355.81,0.43143
1607076000000,0.431,0.4311,0.4082,0.409,1068219.47,445452.4,0.419545
1607083200000,0.409,0.4152,0.4064,0.4106,699102.01,287096.05,0.410808
1607090400000,0.4113,0.4164,0.4068,0.4113,357380.55,147621.94,0.4116
1607097600000,0.4108,0.4111,0.4036,0.407,394749.33,160713.45,0.407244
1607104800000,0.4068,0.4118,0.4065,0.4111,210411.5,86118.14,0.409189
1607112000000,0.4114,0.4117,0.3975,0.4001,393486.84,158982.53,0.404384
1607119200000,0.4001,0.4013,0.3876,0.3928,969886.56,382142.01,0.394297
1607126400000,0.393,0.3981,0.389,0.3914,551176.04,217298.05,0.393561
1607133600000,0.3921,0.4025,0.3921,0.4011,279724.14,111726.15,0.397461
1607140800000,0.4016,0.4058,0.4,0.4055,166550.72,67056.37,0.402817
1607148000000,0.4057,0.4081,0.4037,0.4062,192882.94,78306.18,0.4059
1607155200000,0.4065,0.4128,0.4065,0.4123,299956.77,122967.3,0.409717
1607162400000,0.4127,0.4128,0.4071,0.409,179842.36,73692.34,0.409844
1607169600000,0.4092,0.411,0.4044,0.4061,220407.74,89814.35,0.407703
1607176800000,0.4068,0.4111,0.4063,0.4089,147209.45,60159.96,0.408743
1607184000000,0.4085,0.4123,0.408,0.4104,104986.88,43020.41,0.410186
1607191200000,0.4105,0.4114,0.4086,0.4094,165620.8,67830.62,0.410002
1607198400000,0.4095,0.4096,0.406,0.406,194846.69,79510.93,0.407815
1607205600000,0.4059,0.4081,0.4047,0.4081,152109.84,61763.86,0.40633
1607212800000,0.4082,0.4114,0.4075,0.4085,223550.65,91501.71,0.409452
1607220000000,0.4086,0.4086,0.402,0.403,189698.38,76846.46,0.40519
1607227200000,0.4025,0.4048,0.3997,0.4019,218905.52,88094.67,0.40225
1607234400000,0.4015,0.4058,0.4007,0.4058,153458.31,61846.88,0.403164
1607241600000,0.4057,0.406,0.3989,0.4023,430047.46,173182.77,0.402356
1607248800000,0.4025,0.4036,0.3994,0.4036,257012.26,103114.81,0.401473
1607256000000,0.4036,0.4036,0.3941,0.3966,201176.95,80244.05,0.398654
1607263200000,0.3966,0.4014,0.3962,0.4002,140856.66,56279.18,0.398854
1607270400000,0.4004,0.4035,0.3977,0.4003,114544.47,45792.15,0.4006
1607277600000,0.4005,0.4005,0.396,0.3989,274469.68,109305.38,0.398203
1607284800000,0.3988,0.4001,0.3974,0.3995,229628.52,91521.09,0.398743
1607292000000,0.3999,0.4012,0.3939,0.3999,388082.16,154451.08,0.39755
1607299200000,0.4005,0.4015,0.3975,0.3991,150304.02,60108.05,0.399491
1607306400000,0.3994,0.4006,0.3978,0.4,271681.74,108569.99,0.399194
1607313600000,0.4001,0.4022,0.3986,0.4022,121547.36,48721.24,0.40033
1607320800000,0.4022,0.4066,0.4019,0.4066,207989.8,84082.72,0.404208
1607328000000,0.4065,0.4065,0.4033,0.4041,192807.48,78046.29,0.404835
1607335200000,0.4041,0.4051,0.4,0.4003,163777.81,65962.32,0.402606
1607342400000,0.4004,0.4134,0.4003,0.412,531027.12,217752.68,0.407008
1607349600000,0.4118,0.4127,0.409,0.4109,269488.07,110640.86,0.410842
1607356800000,0.4106,0.4121,0.41,0.4106,184602.36,75913.19,0.41105
1607364000000,0.4104,0.4109,0.4012,0.4021,323004.81,130579.96,0.406005
1607371200000,0.4023,0.4048,0.402,0.4037,95004.61,38340.78,0.403427
1607378400000,0.4035,0.405,0.4027,0.4047,133845.7,54055.57,0.403832
1607385600000,0.4047,0.4053,0.4009,0.4047,163698.28,65965.78,0.4031
1607392800000,0.4052,0.4057,0.4023,0.4026,197322.13,79731.78,0.404017
1607400000000,0.4025,0.4069,0.4025,0.4069,76959.95,31117.43,0.4047
1607407200000,0.4065,0.4065,0.3976,0.3992,223379.34,89805.61,0.401888
1607414400000,0.399,0.3999,0.3819,0.3829,701289.21,273504.54,0.390887
1607421600000,0.3829,0.3875,0.3801,0.3847,532378.48,204772.99,0.3838
1607428800000,0.3844,0.3896,0.3795,0.389,514066.58,197066.84,0.384432
1607436000000,0.3893,0.3919,0.3877,0.3894,239099.62,93211.81,0.3898
1607443200000,0.3896,0.3944,0.3855,0.3938,180060.45,70322.79,0.389847
1607450400000,0.3931,0.3932,0.3868,0.3871,224925.59,87839.58,0.389972
1607457600000,0.387,0.3881,0.3786,0.3827,350203.72,133556.57,0.383269
1607464800000,0.3832,0.3848,0.3704,0.3797,714655.62,270289.64,0.377542
1607472000000,0.3796,0.382,0.3727,0.3751,481919.54,181909.53,0.37735
1607479200000,0.3754,0.3792,0.3735,0.3788,212424.23,79955.69,0.376277
1607486400000,0.379,0.3794,0.3722,0.3755,223472.71,83899.7,0.375709
1607493600000,0.376,0.3776,0.3654,0.3658,393627.92,146328.14,0.371627
1607500800000,0.3657,0.3703,0.3564,0.3698,749013.9,271675.21,0.363252
1607508000000,0.37,0.3774,0.3673,0.3758,200272.11,74668.33,0.372301
1607515200000,0.3753,0.3777,0.3719,0.3774,259482.3,97251.77,0.374747
1607522400000,0.3779,0.3799,0.3735,0.3757,311675.84,117547.69,0.376697
1607529600000,0.3762,0.3821,0.3714,0.379,456365.5,172550.43,0.376735
1607536800000,0.3789,0.3803,0.3759,0.3764,80163.93,30268.58,0.37814
1607544000000,0.3771,0.3841,0.375,0.3818,235607.07,89736.71,0.379557
1607551200000,0.3815,0.384,0.381,0.3811,155530.39,59555.26,0.382505
1607558400000,0.3812,0.3826,0.3761,0.3785,174579.87,66238.97,0.379327
1607565600000,0.3785,0.3799,0.3756,0.376,73042.72,27553.77,0.377796
1607572800000,0.376,0.3792,0.3732,0.3745,121891.52,45777.11,0.376215
1607580000000,0.3741,0.3751,0.3694,0.3722,246244.81,91540.61,0.372224
1607587200000,0.3719,0.3745,0.3688,0.3692,188671.37,70187.35,0.371715
1607594400000,0.369,0.3705,0.3657,0.3684,285081.74,104952.34,0.368098
1607601600000,0.3678,0.3713,0.3646,0.3703,143938.66,53003.39,0.36791
1607608800000,0.37,0.3709,0.3632,0.3694,439846.56,160668.46,0.367046
1607616000000,0.369,0.3727,0.3677,0.3717,210700.62,77904.45,0.370188
1607623200000,0.3718,0.373,0.3712,0.3726,142166.58,52924.2,0.372095
1607630400000,0.3729,0.375,0.372,0.3724,134561.66,50276.81,0.373506
1607637600000,0.3727,0.3733,0.3684,0.3698,255067.02,94589.65,0.370812
1607644800000,0.3705,0.3714,0.3594,0.362,428975.39,156045.93,0.365278
1607652000000,0.3626,0.3639,0.3568,0.3607,385623.07,138999.81,0.360326
1607659200000,0.3606,0.3621,0.3576,0.3586,252351.95,90694.36,0.359863
1607666400000,0.3586,0.3602,0.3502,0.3553,579024.62,205130.43,0.355151
1607673600000,0.3559,0.3589,0.3498,0.3523,487873.59,172920.42,0.35436
1607680800000,0.3523,0.3547,0.3474,0.3483,318067.11,111284.4,0.351111
1607688000000,0.3478,0.3561,0.3473,0.3559,346284.76,121760.61,0.35166
1607695200000,0.3554,0.3607,0.3547,0.3597,332291.42,118970.64,0.357722
1607702400000,0.3594,0.3598,0.3545,0.3562,235991.96,84367.6,0.357085
1607709600000,0.3561,0.3578,0.355,0.3559,60931.82,21717.43,0.356401
1607716800000,0.3563,0.3628,0.3551,0.3624,206996.33,74508.59,0.358876
1607724000000,0.3626,0.3634,0.3556,0.3558,197227.23,70868.52,0.35957
1607731200000,0.3561,0.3705,0.3557,0.3702,516610.76,188533.44,0.363085
1607738400000,0.3705,0.3734,0.3702,0.3721,208657.38,77573.94,0.371833
1607745600000,0.3723,0.3746,0.3715,0.3722,154061.61,57500.41,0.37305
1607752800000,0.3723,0.3762,0.372,0.3758,182917.88,68526.24,0.374111
1607760000000,0.3759,0.3828,0.3752,0.3808,586024.49,222474.26,0.379075
1607767200000,0.3806,0.3902,0.3802,0.39,620206.32,238191.89,0.385172
1607774400000,0.39,0.4022,0.3869,0.3968,1628331.64,642260.51,0.39461
1607781600000,0.3968,0.3983,0.3844,0.3921,932625.43,365465.54,0.391259
1607788800000,0.3923,0.3995,0.392,0.3967,769929.63,305692.39,0.395868
1607796000000,0.3966,0.3991,0.3943,0.3956,607722.82,240799.24,0.396707
1607803200000,0.3956,0.3983,0.3922,0.3982,319346.04,125968.81,0.395171
1607810400000,0.3981,0.3995,0.3905,0.3921,258564.46,102212.17,0.394988
1607817600000,0.3918,0.3943,0.3879,0.3886,247178.76,96398.04,0.39116
1607824800000,0.3885,0.3901,0.3863,0.3872,110724.7,42978.66,0.388211
1607832000000,0.3874,0.3892,0.3857,0.3873,155727.46,60364.85,0.38745
1607839200000,0.3877,0.393,0.3871,0.3929,180611.35,70487.05,0.38999
1607846400000,0.393,0.3956,0.3864,0.3905,679026.1,264750.08,0.390986
1607853600000,0.3909,0.3926,0.389,0.3905,196268.13,76761.25,0.3908
1607860800000,0.3905,0.3993,0.3894,0.399,506662.49,200090.89,0.39426
1607868000000,0.3993,0.4049,0.3918,0.3948,808683.22,321678.3,0.39839
1607875200000,0.3948,0.4035,0.3948,0.3996,570287.34,228077.75,0.399311
1607882400000,0.3996,0.4005,0.397,0.3984,341345.13,135963.13,0.398742
1607889600000,0.3986,0.399,0.395,0.3974,175872.12,69727.69,0.396977
1607896800000,0.3978,0.3978,0.3921,0.3961,315686.43,124609.01,0.394905
1607904000000,0.3959,0.396,0.3905,0.3911,145523.67,57138.55,0.393191
1607911200000,0.3907,0.3944,0.3907,0.3934,218332.64,85896.63,0.392627
1607918400000,0.3935,0.3993,0.388,0.3947,582524.27,228735.03,0.393649
1607925600000,0.3948,0.3955,0.3902,0.3921,265123.9,104071.46,0.392808
1607932800000,0.3921,0.395,0.3919,0.3946,88583.73,34885.44,0.393469
1607940000000,0.3947,0.3952,0.3882,0.3888,161522.67,63161.52,0.391689
1607947200000,0.3888,0.3905,0.3826,0.3855,474826.15,182980.98,0.386523
1607954400000,0.3855,0.388,0.3817,0.3871,178994.76,68970.81,0.384826
1607961600000,0.3872,0.3875,0.384,0.3846,94264.14,36297.56,0.385726
1607968800000,0.3847,0.3865,0.384,0.3854,228185.44,87893.31,0.385254
1607976000000,0.3851,0.3882,0.3847,0.3882,166406.23,64363.63,0.386401
1607983200000,0.3882,0.3898,0.3863,0.3868,204063.48,79183.81,0.388073
1607990400000,0.3878,0.3945,0.387,0.3937,220056.52,86207.93,0.39075
1607997600000,0.3935,0.3959,0.3918,0.3948,200866.13,79196.7,0.393842
1608004800000,0.3948,0.395,0.3855,0.3879,284138.93,110534.07,0.390083
1608012000000,0.3877,0.3892,0.387,0.3889,134103.13,52033.19,0.388084
1608019200000,0.389,0.3921,0.387,0.3911,224477.58,87592.53,0.389528
1608026400000,0.3911,0.398,0.3894,0.3969,412888.1,162679.7,0.393662
1608033600000,0.3971,0.4022,0.396,0.3987,437383.62,174531.7,0.39912
1608040800000,0.3992,0.4007,0.3957,0.3995,218125.64,86753.99,0.398199
1608048000000,0.3995,0.4014,0.3983,0.4014,285612.62,114252.84,0.399788
1608055200000,0.4012,0.4015,0.397,0.3982,165116.24,65961.2,0.399194
1608062400000,0.3981,0.3981,0.3932,0.3946,156104.82,61771.83,0.395548
1608069600000,0.3947,0.3947,0.3913,0.3915,132763.48,52166.5,0.392972
1608076800000,0.3914,0.3916,0.3825,0.387,383313.65,148215.1,0.386917
1608084000000,0.3871,0.3884,0.3821,0.3847,183271.24,70643.85,0.385226
1608091200000,0.3846,0.387,0.3833,0.3845,174403.69,67075.18,0.38515
1608098400000,0.3843,0.3873,0.3832,0.3854,156756.45,60337.61,0.385257
1608105600000,0.3855,0.3873,0.3843,0.386,116896.05,45065.69,0.3858
1608112800000,0.3857,0.3872,0.3827,0.3841,214233.48,82567.22,0.384952
1608120000000,0.3843,0.3917,0.382,0.3913,450686.39,173882.15,0.386708
1608127200000,0.3908,0.4048,0.3907,0.403,1223723.97,487132.32,0.397946
1608134400000,0.403,0.4103,0.403,0.4064,857927.42,348992.37,0.406762
1608141600000,0.4066,0.4089,0.405,0.4082,251435.86,102298.56,0.40693
1608148800000,0.4085,0.4147,0.4049,0.4101,586978.34,240472.87,0.409803
1608156000000,0.4104,0.4159,0.4062,0.4143,857414.04,352668.87,0.410995
1608163200000,0.4144,0.4186,0.4143,0.4152,457499.4,190533.1,0.416464
1608170400000,0.415,0.4157,0.4075,0.4076,442567.71,182122.67,0.411677
1608177600000,0.4077,0.4099,0.4035,0.4065,541812.89,220066.4,0.406696
1608184800000,0.4058,0.4084,0.4045,0.4063,365100.22,148261.05,0.406452
1608192000000,0.406,0.4093,0.398,0.404,1295630.51,523742.77,0.403639
1608199200000,0.404,0.4189,0.404,0.4134,1231908.39,508766.44,0.411754
1608206400000,0.4138,0.4241,0.4113,0.4191,1052445.57,441972.37,0.417756
1608213600000,0.4199,0.4199,0.4132,0.4159,1004606.77,418735.76,0.416418
1608220800000,0.4163,0.4261,0.4136,0.4136,888929.5,374803.49,0.419908
1608228000000,0.4141,0.4185,0.407,0.4111,851734.95,351938.09,0.412753
1608235200000,0.4109,0.4136,0.3991,0.4048,588396.95,238631.43,0.406281
1608242400000,0.4051,0.4081,0.4001,0.4072,472947.71,191621.45,0.404064
1608249600000,0.4073,0.4088,0.3987,0.4077,353752.84,142716.51,0.403749
1608256800000,0.4075,0.4127,0.407,0.4092,365322.98,149922.22,0.409884
1608264000000,0.41,0.41,0.4049,0.4092,272391.12,111052.93,0.407437
1608271200000,0.4086,0.4123,0.4083,0.4123,174393.38,71548.85,0.410259
1608278400000,0.4126,0.4197,0.4105,0.4186,585254.51,242908.43,0.415041
1608285600000,0.4187,0.4276,0.4152,0.4219,1200449.24,505746.58,0.421419
1608292800000,0.4222,0.4298,0.416,0.417,1040208.18,442292.11,0.423021
1608300000000,0.4163,0.4191,0.4104,0.4112,1009135.94,417782.12,0.414844
1608307200000,0.4116,0.4141,0.4077,0.4134,268883.22,110630.91,0.410868
1608314400000,0.4139,0.4186,0.4139,0.416,271081.4,112949.76,0.416318
1608321600000,0.417,0.4198,0.4138,0.4169,336261.81,140182.68,0.4168
1608328800000,0.4165,0.4169,0.4091,0.4128,650869.2,268245.44,0.412902
1608336000000,0.4128,0.422,0.4117,0.4171,788729.17,329541.03,0.416937
1608343200000,0.4174,0.43,0.4169,0.4296,625547.17,265728.82,0.423436
1608350400000,0.4296,0.4312,0.4269,0.428,417447.0,179057.53,0.429059
1608357600000,0.4278,0.4278,0.4229,0.4234,415066.41,176482.41,0.425287
1608364800000,0.4233,0.4256,0.4217,0.4253,367623.37,155952.94,0.423604
1608372000000,0.4251,0.432,0.4251,0.4281,422145.11,181188.82,0.428647
1608379200000,0.4279,0.434,0.4277,0.431,663896.33,286544.43,0.43094
1608386400000,0.4316,0.4325,0.4234,0.4284,959069.68,409750.42,0.427885
1608393600000,0.4283,0.43,0.4247,0.4252,703533.68,300907.0,0.427406
1608400800000,0.4251,0.4253,0.4214,0.4227,318427.49,134613.65,0.423292
1608408000000,0.4233,0.4245,0.422,0.4238,150348.82,63669.26,0.423247
1608415200000,0.4233,0.4242,0.4189,0.4236,412083.04,173609.03,0.421548
1608422400000,0.4234,0.4234,0.416,0.4169,318431.11,133286.82,0.419592
1608429600000,0.4164,0.4188,0.413,0.4137,285093.25,118539.3,0.415949
1608436800000,0.4132,0.4135,0.4067,0.411,435121.67,177971.04,0.410046
1608444000000,0.4111,0.4139,0.409,0.4114,426992.99,175582.73,0.41145
1608451200000,0.4113,0.418,0.4113,0.4153,385678.73,160029.67,0.414782
1608458400000,0.4154,0.4154,0.4094,0.4099,297732.39,122653.9,0.412334
1608465600000,0.4099,0.41,0.402,0.4067,538838.7,218572.7,0.405904
1608472800000,0.4067,0.4144,0.4063,0.4125,271559.56,111573.3,0.41046
1608480000000,0.4125,0.4139,0.4089,0.4093,220711.2,90871.02,0.411457
1608487200000,0.4093,0.4102,0.4072,0.4073,168129.82,68727.84,0.40875
1608494400000,0.4072,0.4139,0.4023,0.4023,674732.13,275412.49,0.408256
1608501600000,0.4023,0.4023,0.3866,0.3953,1128148.04,444691.58,0.394223
1608508800000,0.3959,0.4051,0.3945,0.4038,849977.93,339940.55,0.399792
1608516000000,0.4036,0.4053,0.3997,0.4003,373786.23,150342.79,0.402552
1608523200000,0.4002,0.4024,0.3974,0.3978,373276.07,149200.91,0.399955
1608530400000,0.3974,0.4036,0.395,0.4035,348517.15,139161.26,0.399135
1608537600000,0.403,0.4039,0.3918,0.3933,450802.92,178799.17,0.397793
1608544800000,0.3933,0.3933,0.3731,0.3762,1560465.41,594441.3,0.382862
1608552000000,0.3766,0.3802,0.369,0.3792,490059.82,183375.93,0.374555
1608573600000,0.3785,0.384,0.3762,0.3801,277339.4,105368.41,0.380109
1608580800000,0.38,0.3851,0.3793,0.3837,174606.31,66759.61,0.38224
1608588000000,0.3838,0.3861,0.3766,0.3779,292333.95,111990.82,0.381403
1608595200000,0.3771,0.3809,0.3725,0.3744,355813.98,133976.49,0.376725
1608602400000,0.3746,0.3809,0.3744,0.3788,181725.32,68861.62,0.377761
1608609600000,0.3791,0.3836,0.3718,0.3731,258403.49,97739.77,0.377811
1608616800000,0.3736,0.3744,0.3626,0.3655,764651.4,281747.7,0.36836
1608624000000,0.3655,0.3686,0.3578,0.3678,583423.1,211420.63,0.36316
1608631200000,0.3685,0.3739,0.3655,0.3725,412010.43,152296.12,0.369652
1608638400000,0.3725,0.3798,0.3721,0.379,351593.3,132030.35,0.375993
1608645600000,0.379,0.386,0.3783,0.382,446887.98,170748.06,0.382215
1608652800000,0.3822,0.386,0.3768,0.3786,363290.85,138005.12,0.38144
1608660000000,0.3801,0.3807,0.3751,0.3761,246178.22,92828.61,0.377871
1608667200000,0.3764,0.3789,0.3692,0.3713,376317.6,140480.17,0.374065
1608674400000,0.3711,0.3755,0.3681,0.3751,279471.79,103854.87,0.371698
1608681600000,0.3747,0.383,0.3695,0.3704,692055.57,261417.89,0.376346
1608688800000,0.3697,0.3717,0.3665,0.3705,378234.75,139567.72,0.369094
1608696000000,0.3704,0.3704,0.36,0.3617,412800.01,150723.98,0.36502
1608703200000,0.362,0.3643,0.3585,0.3618,521730.38,188712.52,0.3614
1608710400000,0.3612,0.364,0.3554,0.359,493145.36,177404.52,0.359693
1608717600000,0.3591,0.3601,0.3368,0.3423,1272944.34,440207.6,0.348114
1608724800000,0.342,0.3592,0.3401,0.3584,1430755.81,505791.91,0.349526
1608732000000,0.3584,0.3608,0.3518,0.3541,460703.49,164729.45,0.356303
1608739200000,0.3538,0.3563,0.3479,0.3525,511490.1,179768.25,0.352094
1608746400000,0.3525,0.3575,0.3525,0.3557,252760.42,89795.35,0.355103
1608753600000,0.3561,0.3564,0.3396,0.3404,706265.68,243658.32,0.34793
1608760800000,0.3406,0.3413,0.31,0.3311,1961627.46,641389.84,0.32541
1608768000000,0.3313,0.3349,0.322,0.3342,969300.13,317743.11,0.328395
1608775200000,0.3346,0.3346,0.3204,0.325,750256.46,244937.55,0.327203
1608782400000,0.3252,0.3331,0.3223,0.3314,324639.57,106643.4,0.327646
1608789600000,0.3318,0.334,0.3254,0.3326,527007.13,173583.97,0.329695
1608796800000,0.3333,0.342,0.3304,0.3417,596111.75,199878.62,0.336004
1608804000000,0.342,0.3448,0.3358,0.3439,762954.69,259787.91,0.34027
1608811200000,0.3435,0.3537,0.3373,0.3529,681872.2,234215.53,0.345258
1608818400000,0.3532,0.3549,0.3485,0.3538,383692.58,134848.07,0.351696
1608825600000,0.3542,0.3568,0.348,0.3525,496293.92,174812.75,0.352391
1608832800000,0.3526,0.3575,0.3522,0.3564,235923.82,83845.66,0.354902
1608840000000,0.357,0.365,0.3549,0.364,399049.75,143969.68,0.359875
1608847200000,0.3638,0.3704,0.36,0.3641,821117.88,300395.26,0.3652
1608854400000,0.364,0.3667,0.3605,0.366,386683.25,140626.34,0.363563
1608861600000,0.365,0.3654,0.3621,0.3629,77145.88,28044.51,0.363727
1608868800000,0.3626,0.3655,0.3607,0.3637,195862.79,71189.31,0.363099
1608876000000,0.364,0.3679,0.3624,0.3673,267312.89,97773.54,0.365101
1608883200000,0.3669,0.3738,0.3669,0.3728,310209.22,114825.19,0.370462
1608890400000,0.3728,0.3789,0.3708,0.3773,523476.85,196466.69,0.374833
1608897600000,0.3776,0.3781,0.3684,0.3703,486721.94,181548.93,0.373135
1608904800000,0.3699,0.3706,0.3611,0.362,415318.24,151926.62,0.365829
1608912000000,0.362,0.3679,0.3533,0.3585,901359.99,324124.88,0.360605
1608919200000,0.3582,0.3611,0.3555,0.3603,490144.05,175728.28,0.358265
1608926400000,0.3603,0.3612,0.3571,0.3579,401141.09,144090.0,0.359155
1608933600000,0.3582,0.3594,0.3539,0.3588,361650.3,129045.37,0.356644
1608940800000,0.3591,0.3603,0.357,0.3581,212355.5,76181.86,0.358651
1608948000000,0.3588,0.3638,0.3572,0.3631,276503.05,99795.73,0.360447
1608955200000,0.3629,0.3676,0.3629,0.3638,240474.13,87894.46,0.365268
1608962400000,0.3638,0.3638,0.358,0.3619,438484.68,158657.04,0.360846
1608969600000,0.3619,0.3667,0.3597,0.3603,212684.58,77263.86,0.363228
1608976800000,0.3606,0.3614,0.354,0.359,275924.35,98628.07,0.357675
1608984000000,0.3591,0.3604,0.3526,0.3534,437267.51,156297.62,0.356539
1608991200000,0.3535,0.357,0.35,0.3519,277120.9,97776.25,0.353511
1608998400000,0.3517,0.367,0.3502,0.3632,924169.05,334397.18,0.358753
1609005600000,0.3628,0.3671,0.3618,0.362,303329.06,110470.06,0.364462
1609012800000,0.3624,0.3624,0.3557,0.3583,578356.7,207047.49,0.358916
1609020000000,0.3581,0.3585,0.351,0.3539,542512.47,192391.21,0.354644
1609027200000,0.3544,0.4021,0.3544,0.3943,10594896.44,4117599.71,0.379077
1609034400000,0.3945,0.4242,0.3945,0.4043,4237501.95,1747337.91,0.409628
1609041600000,0.4051,0.4223,0.4039,0.4124,1799882.93,742105.21,0.413278
1609048800000,0.4125,0.4272,0.4042,0.4097,2410382.14,1001736.79,0.415717
1609056000000,0.4096,0.4112,0.3862,0.3879,2968196.6,1173916.22,0.398688
1609063200000,0.3879,0.3944,0.3673,0.3776,2273359.28,867311.69,0.380779
1609070400000,0.3771,0.3804,0.365,0.3796,1735414.31,648113.13,0.372663
1609077600000,0.3796,0.4007,0.3777,0.3945,2693142.41,1050727.23,0.389452
1609084800000,0.3954,0.3991,0.3761,0.3798,1423855.0,552367.17,0.3876
1609092000000,0.3799,0.3834,0.3779,0.3822,311494.08,118556.34,0.380632
1609099200000,0.3824,0.3828,0.3619,0.3717,1148363.76,425931.61,0.37202
1609106400000,0.372,0.3801,0.3682,0.3738,742708.4,277516.91,0.374157
1609113600000,0.3739,0.383,0.3674,0.381,932557.52,352228.76,0.375077
1609120800000,0.3807,0.3842,0.3772,0.382,599973.88,228489.89,0.380694
1609128000000,0.3818,0.3821,0.3764,0.3799,529257.46,200645.59,0.379204
1609135200000,0.3794,0.3887,0.377,0.387,695327.08,266209.73,0.382809
1609142400000,0.3872,0.3944,0.3835,0.392,863987.33,336420.47,0.388917
1609149600000,0.3923,0.3958,0.3867,0.3933,681347.98,266463.27,0.391245
1609156800000,0.3935,0.394,0.3823,0.3876,740941.45,287272.84,0.387987
1609164000000,0.3884,0.3915,0.3854,0.3861,318325.16,123688.08,0.388494
1609171200000,0.3864,0.392,0.3844,0.3893,473047.68,184045.53,0.388213
1609178400000,0.3894,0.3929,0.3844,0.3852,737749.78,286435.15,0.388738
1609185600000,0.3852,0.3886,0.3769,0.3784,702407.82,267676.67,0.382838
1609192800000,0.3787,0.3858,0.3685,0.3771,1403351.45,527082.47,0.377148
1609200000000,0.3775,0.384,0.3602,0.3672,1273021.26,472911.78,0.372088
1609207200000,0.367,0.3693,0.359,0.3601,730059.22,265447.67,0.364226
1609214400000,0.3604,0.3674,0.3571,0.3644,821934.67,297355.24,0.362244
1609221600000,0.3637,0.3676,0.3595,0.3636,368819.95,134168.62,0.36355
1609228800000,0.3638,0.3692,0.3631,0.3668,415107.39,152127.3,0.366205
1609236000000,0.3664,0.3704,0.3585,0.364,877419.24,320235.6,0.364442
1609243200000,0.3641,0.3692,0.3633,0.3672,606504.43,222222.38,0.366294
1609250400000,0.3673,0.3673,0.353,0.354,873428.89,314279.66,0.360012
1609257600000,0.3546,0.3575,0.3481,0.3571,885238.16,311327.29,0.352745
1609264800000,0.3572,0.3638,0.3558,0.3612,480820.13,173145.16,0.35984
1609272000000,0.3613,0.3618,0.3584,0.3595,381558.14,137301.08,0.360077
1609279200000,0.3592,0.3691,0.3586,0.3652,452814.12,164772.48,0.363997
1609286400000,0.3655,0.3728,0.361,0.3654,866868.96,317550.09,0.3669
1609293600000,0.3654,0.367,0.3595,0.3601,654555.13,238328.56,0.363321
1609300800000,0.36,0.3616,0.3554,0.3569,368808.69,131932.92,0.358503
1609308000000,0.3568,0.3587,0.3523,0.3534,465061.78,165084.32,0.35553
1609315200000,0.3529,0.3556,0.3483,0.3525,594723.06,209330.35,0.351949
1609322400000,0.3522,0.3592,0.352,0.3571,814920.1,290018.65,0.355724
1609329600000,0.3572,0.359,0.3542,0.357,294983.36,105202.4,0.3566
1609336800000,0.3567,0.3615,0.3565,0.361,290494.76,104508.36,0.359034
1609344000000,0.3611,0.3626,0.3565,0.3574,368345.47,132262.91,0.35958
1609351200000,0.3574,0.3591,0.3547,0.3574,243252.38,86626.4,0.3569
1609358400000,0.3579,0.3581,0.3528,0.3546,319303.95,113583.04,0.355364
1609365600000,0.3545,0.3607,0.3533,0.3595,454273.05,161953.82,0.357
1609372800000,0.3598,0.3601,0.3499,0.3543,753419.66,266129.86,0.354839
1609380000000,0.3541,0.3557,0.3523,0.3545,199714.91,70747.85,0.353999
1609387200000,0.3545,0.3555,0.3525,0.3529,246885.94,87378.45,0.354023
1609394400000,0.353,0.3708,0.353,0.3661,1112970.53,404060.62,0.362268
1609401600000,0.3657,0.3665,0.3547,0.3594,887753.81,320120.31,0.36045
1609408800000,0.3591,0.3651,0.3584,0.3598,599730.68,216943.05,0.361756
1609416000000,0.3598,0.3619,0.3487,0.3538,886638.71,315451.21,0.355218
1609423200000,0.3539,0.3558,0.3512,0.3541,309294.08,109367.16,0.3535
1609430400000,0.3539,0.3578,0.3526,0.3555,266584.89,94766.32,0.355212
1609437600000,0.3556,0.3559,0.3536,0.3543,228423.65,81072.61,0.354733
1609444800000,0.3546,0.3548,0.3501,0.3507,341517.41,120221.93,0.352408
1609452000000,0.3509,0.3556,0.3502,0.3548,268150.66,94628.92,0.352907
1609459200000,0.355,0.3614,0.3513,0.3609,740750.9,263894.7,0.356201
1609466400000,0.3608,0.3627,0.3577,0.3605,659576.37,237789.38,0.3602
1609473600000,0.3607,0.3614,0.3584,0.3589,456429.52,164236.75,0.35991
1609480800000,0.3588,0.3605,0.3547,0.3557,257026.88,91733.55,0.357627
1609488000000,0.3559,0.3559,0.3509,0.3555,308644.77,109235.56,0.353396
1609495200000,0.3553,0.3631,0.3553,0.3607,584429.51,210212.94,0.359363
1609502400000,0.3605,0.3722,0.3605,0.3692,983910.02,361084.92,0.366591
1609509600000,0.3695,0.3749,0.3643,0.3682,822551.67,304864.99,0.369603
1609516800000,0.3682,0.3714,0.3604,0.3645,961683.23,351181.25,0.365887
1609524000000,0.3642,0.3674,0.3571,0.361,677970.47,245357.92,0.362241
1609531200000,0.3607,0.3669,0.3603,0.3646,374577.96,136380.05,0.363691
1609538400000,0.3648,0.3747,0.3631,0.3744,440569.49,162483.92,0.368755
1609545600000,0.3744,0.375,0.362,0.3667,670557.08,246277.58,0.368303
1609552800000,0.3666,0.3853,0.3663,0.3817,1349649.59,510881.08,0.376109
1609560000000,0.3817,0.39,0.3769,0.3899,924846.64,355185.22,0.383195
1609567200000,0.3899,0.397,0.3807,0.3826,1496032.9,583278.13,0.388987
1609574400000,0.3825,0.385,0.3728,0.3744,905959.88,342114.15,0.378956
1609581600000,0.3741,0.3797,0.3729,0.3771,462013.57,174029.86,0.376336
1609588800000,0.3774,0.3828,0.3714,0.3741,1168373.46,441170.35,0.377129
1609596000000,0.3745,0.3752,0.3678,0.3695,772388.09,286698.02,0.371436
1609603200000,0.3702,0.3728,0.3632,0.3703,1167880.13,430909.41,0.368
1609610400000,0.3703,0.3747,0.366,0.3695,881455.24,327264.34,0.370351
1609617600000,0.3694,0.37,0.3574,0.3607,1176794.77,427228.4,0.363517
1609624800000,0.3606,0.3618,0.3574,0.3604,524533.95,188743.8,0.3596
1609632000000,0.3603,0.3615,0.3573,0.3584,527280.46,189363.51,0.359403
1609639200000,0.3585,0.3655,0.3576,0.3628,371619.83,134554.24,0.361622
1609646400000,0.3622,0.3631,0.3598,0.361,281812.15,101760.44,0.361445
1609653600000,0.3607,0.378,0.3596,0.3718,2679210.91,994648.81,0.369055
1609660800000,0.3718,0.3789,0.3672,0.3734,1816528.89,677111.26,0.373052
1609668000000,0.3738,0.3906,0.3733,0.3807,2292378.83,876658.78,0.382145
1609675200000,0.3808,0.3849,0.3749,0.3803,1678707.19,636603.95,0.3799
1609682400000,0.3804,0.385,0.373,0.3778,1331145.09,506358.25,0.378999
1609689600000,0.3782,0.3904,0.3779,0.3824,1647470.3,632885.04,0.384262
1609696800000,0.3828,0.3832,0.3723,0.3747,1412468.56,530611.81,0.37759
1609704000000,0.3747,0.3827,0.3716,0.3811,1067169.51,401371.71,0.377082
1609711200000,0.3812,0.3955,0.3798,0.3923,1267279.43,489643.82,0.387779
1609718400000,0.3923,0.4087,0.3894,0.401,1953410.14,777779.27,0.399178
1609725600000,0.401,0.4036,0.3946,0.3996,931820.01,371482.64,0.399093
1609732800000,0.3997,0.4127,0.3978,0.4081,1335866.39,543789.17,0.405367
1609740000000,0.4082,0.419,0.3785,0.3845,2535541.5,1011279.31,0.398975
1609747200000,0.3848,0.39,0.37,0.3776,3542789.41,1339508.12,0.37996
1609754400000,0.3773,0.38,0.3638,0.3755,2091784.48,777389.8,0.371886
1609761600000,0.3758,0.383,0.374,0.3824,933943.24,353738.48,0.378407
1609768800000,0.3827,0.39,0.3815,0.3878,1005940.83,388276.5,0.385799
1609776000000,0.3878,0.3897,0.3769,0.38,962612.14,368055.6,0.383239
1609783200000,0.3798,0.3906,0.3795,0.3899,418736.53,161021.96,0.385102
1609790400000,0.3898,0.3966,0.3827,0.3847,2074050.18,806388.42,0.389734
1609797600000,0.3847,0.3957,0.3827,0.3948,693763.2,269497.94,0.389102
1609804800000,0.3952,0.41,0.3952,0.4088,2392129.65,964402.64,0.402761
1609812000000,0.409,0.4126,0.3893,0.3893,1579211.41,632061.95,0.401342
1609819200000,0.3898,0.3993,0.3847,0.3865,1341384.19,526368.9,0.39205
1609826400000,0.3862,0.3905,0.3821,0.3866,684738.0,265193.58,0.3863
1609833600000,0.3873,0.4059,0.3873,0.404,1061757.06,424842.39,0.39684
1609840800000,0.4049,0.4167,0.4029,0.4148,1665722.53,683688.41,0.409793
1609848000000,0.4146,0.426,0.408,0.4198,2073971.62,866508.37,0.416996
1609855200000,0.4202,0.45,0.4074,0.4469,4407678.52,1897965.52,0.428172
1609862400000,0.4467,0.4508,0.4342,0.4425,3152210.0,1392374.78,0.442466
1609869600000,0.4429,0.4433,0.4249,0.4374,1843934.99,799612.98,0.433962
1609876800000,0.4373,0.4507,0.4285,0.4471,2563641.83,1131079.87,0.439467
1609884000000,0.4472,0.4544,0.443,0.4447,1378643.5,619495.73,0.448733
1609891200000,0.4451,0.488,0.444,0.4671,4945693.33,2307839.57,0.46666
1609898400000,0.4672,0.4749,0.4579,0.4603,2456149.86,1141552.33,0.466514
1609905600000,0.4599,0.488,0.4582,0.4707,2323372.58,1096330.75,0.473365
1609912800000,0.4703,0.4724,0.4485,0.457,2071100.08,957212.68,0.460181
1609920000000,0.457,0.4724,0.4529,0.4589,2103647.78,970672.68,0.462661
1609927200000,0.4589,0.4759,0.4583,0.4663,1770634.71,829944.84,0.467308
1609934400000,0.4666,0.4928,0.4639,0.4927,3262294.78,1561335.55,0.478017
1609941600000,0.4922,0.4961,0.4649,0.4684,2668527.96,1273766.37,0.480534
1609948800000,0.4688,0.4773,0.4604,0.4643,1652813.93,773572.85,0.468892
1609956000000,0.4645,0.4695,0.445,0.448,2640708.62,1215330.99,0.457378
1609963200000,0.448,0.4607,0.4302,0.4592,2370504.78,1055913.11,0.445166
1609970400000,0.4596,0.4741,0.4578,0.4618,1705460.96,797981.11,0.465974
1609977600000,0.4618,0.4739,0.4489,0.4697,1993975.49,920789.57,0.461289
1609984800000,0.4698,0.4811,0.4622,0.4754,896059.84,423320.5,0.471629
1609992000000,0.4754,0.4791,0.4667,0.4735,1169822.47,553515.62,0.472891
1609999200000,0.4737,0.4882,0.4649,0.4654,1750190.39,838715.08,0.476779
1610006400000,0.4657,0.4741,0.4481,0.4737,2725176.32,1261087.01,0.460892
1610013600000,0.4737,0.4899,0.4698,0.4775,2141469.88,1027046.64,0.479888
1610020800000,0.4779,0.49,0.4734,0.4821,1198596.0,575104.13,0.481728
1610028000000,0.4811,0.4822,0.4676,0.4799,1410292.71,670724.76,0.474891
1610035200000,0.48,0.4821,0.465,0.467,1177398.9,556939.07,0.473558
1610042400000,0.4676,0.4683,0.4268,0.4544,2181204.39,979618.56,0.447201
1610049600000,0.4544,0.4564,0.4445,0.4495,1269124.28,572987.29,0.450384
1610056800000,0.449,0.4538,0.4328,0.4386,1293315.69,572113.8,0.443267
1610064000000,0.439,0.4594,0.4231,0.4295,2240364.4,986170.5,0.441372
1610071200000,0.4297,0.4327,0.4,0.4268,2176255.33,906963.96,0.416327
1610078400000,0.4267,0.4334,0.4199,0.4223,760778.42,324418.59,0.426709
1610085600000,0.4221,0.4446,0.4179,0.4443,786728.56,338292.3,0.430843
1610092800000,0.4437,0.4536,0.4365,0.4532,905731.22,401298.89,0.444766
1610100000000,0.4534,0.4602,0.4484,0.4521,1425925.97,650524.94,0.454305
1610107200000,0.4521,0.4543,0.4394,0.4485,1226500.46,548932.77,0.446799
1610114400000,0.4485,0.4516,0.4306,0.4434,1977055.99,879414.92,0.441027
1610121600000,0.4447,0.4498,0.4421,0.4459,664319.67,296843.36,0.445954
1610128800000,0.4465,0.4467,0.4337,0.4342,945329.08,415626.64,0.440157
1610136000000,0.434,0.4349,0.4182,0.4253,1537837.92,654056.65,0.426324
1610143200000,0.426,0.4406,0.4233,0.44,1029770.13,444725.44,0.431744
1610150400000,0.44,0.4413,0.4255,0.4289,899607.54,389470.0,0.433252
1610157600000,0.4292,0.4508,0.4273,0.4504,1095499.94,483125.19,0.438858
1610164800000,0.4502,0.4645,0.4419,0.453,1741514.71,788103.28,0.453206
1610172000000,0.4529,0.4575,0.4431,0.4562,945747.6,425096.75,0.450243
1610179200000,0.4563,0.4731,0.4503,0.4713,1421218.5,660930.67,0.461445
1610186400000,0.4716,0.4779,0.4674,0.4692,1052150.61,496444.28,0.47268
1610193600000,0.47,0.4765,0.4678,0.4758,845545.48,398889.67,0.472056
1610200800000,0.4761,0.5419,0.4752,0.5317,9991231.67,5177713.16,0.509528
1610208000000,0.5322,0.62,0.5231,0.5518,21638938.27,12475108.58,0.571855
1610215200000,0.5518,0.5881,0.5299,0.5467,12701946.47,7055148.14,0.559019
1610222400000,0.547,0.5742,0.5437,0.5541,4435432.42,2467615.49,0.559065
1610229600000,0.553,0.5698,0.534,0.5405,2739299.3,1521563.77,0.552062
1610236800000,0.5405,0.585,0.5399,0.5534,4347197.36,2435121.14,0.562774
1610244000000,0.5541,0.558,0.5328,0.5457,2097132.1,1144419.02,0.545271
1610251200000,0.546,0.5555,0.5333,0.5346,1972631.55,1074355.27,0.544689
1610258400000,0.534,0.553,0.529,0.5503,2142314.87,1162816.42,0.54085
1610265600000,0.5504,0.5714,0.5373,0.5597,2731033.82,1521314.5,0.554337
1610272800000,0.5588,0.5597,0.4965,0.5097,6636169.17,3460366.77,0.527007
1610280000000,0.5097,0.534,0.501,0.5286,2986096.75,1561651.98,0.517353
1610287200000,0.5283,0.5284,0.498,0.5094,2202484.81,1125483.18,0.512596
1610294400000,0.5092,0.5104,0.4765,0.4985,2958135.11,1456922.15,0.493184
1610301600000,0.4979,0.5034,0.48,0.4838,1328563.01,654539.19,0.491785
1610308800000,0.484,0.5277,0.4585,0.5129,5040765.82,2518394.36,0.492856
1610316000000,0.5124,0.534,0.5045,0.5276,2682263.41,1391344.73,0.519197
1610323200000,0.5281,0.529,0.4857,0.4924,2276474.0,1144299.1,0.506756
1610330400000,0.4926,0.4946,0.4325,0.4616,3174511.51,1464607.99,0.46265
1610337600000,0.4618,0.47,0.4455,0.4525,1885606.06,866824.86,0.457772
1610344800000,0.4512,0.4518,0.425,0.45,1798816.48,788114.08,0.438394
1610352000000,0.45,0.4726,0.4463,0.4713,1474227.15,681867.69,0.459215
1610359200000,0.4711,0.4781,0.4491,0.4508,1418292.64,656243.46,0.46397
1610366400000,0.4512,0.4554,0.4228,0.4247,2532384.46,1114936.26,0.439328
1610373600000,0.4246,0.435,0.3962,0.411,2804589.52,1169920.81,0.41553
1610380800000,0.4112,0.4168,0.3814,0.41,3908556.7,1550746.12,0.399097
1610388000000,0.4095,0.4184,0.3975,0.4064,875050.92,357646.08,0.40795
1610395200000,0.406,0.4274,0.3996,0.4235,912416.82,379648.55,0.413363
1610402400000,0.4236,0.4379,0.4189,0.4365,880246.07,377556.7,0.428185
1610409600000,0.4362,0.4388,0.4162,0.4204,927872.64,393898.24,0.427389
1610416800000,0.4208,0.4428,0.417,0.4378,1005946.36,430886.81,0.429973
1610424000000,0.4383,0.4563,0.4327,0.4554,1130439.61,502122.6,0.444145
1610431200000,0.4554,0.4607,0.4465,0.4552,1647712.55,747861.8,0.4536
1610438400000,0.4558,0.4559,0.436,0.442,899056.64,399896.5,0.445547
1610445600000,0.4414,0.4425,0.4252,0.4331,1257527.52,543227.7,0.433642
1610452800000,0.4331,0.439,0.4129,0.4134,1074022.22,458346.86,0.426398
1610460000000,0.4136,0.4318,0.41,0.427,1170887.19,492455.23,0.420963
1610467200000,0.4273,0.4459,0.4259,0.4422,1408821.55,618427.8,0.436085
1610474400000,0.4423,0.4457,0.4254,0.4311,875416.8,381252.06,0.435455
1610481600000,0.4307,0.4342,0.422,0.4312,1085284.08,462572.63,0.428099
1610488800000,0.432,0.4362,0.4202,0.4272,791049.49,337585.93,0.428168
1610496000000,0.4281,0.4686,0.4281,0.4547,6544849.24,2940028.99,0.44919
1610503200000,0.4552,0.4611,0.4487,0.4556,1366363.52,620948.19,0.4549
1610510400000,0.4557,0.4562,0.4398,0.4445,840799.43,376247.05,0.447723
1610517600000,0.4445,0.4653,0.4443,0.4623,828395.94,376765.83,0.455107
1610524800000,0.4618,0.4743,0.4585,0.4705,1432768.86,668821.26,0.466421
1610532000000,0.4701,0.5022,0.4696,0.4814,2918202.4,1423294.39,0.486214
1610539200000,0.4818,0.541,0.475,0.5264,8005024.39,4121409.15,0.508503
1610546400000,0.526,0.5338,0.5081,0.5176,6984937.71,3657418.54,0.520927
1610553600000,0.5183,0.5211,0.5004,0.5063,2466106.01,1256001.49,0.510608
1610560800000,0.5068,0.5235,0.5064,0.5067,1972837.58,1015594.44,0.51495
1610568000000,0.5072,0.5234,0.503,0.5158,1775424.69,910510.79,0.513279
1610575200000,0.5157,0.5214,0.5014,0.506,1509788.9,770392.28,0.511434
1610582400000,0.5053,0.5079,0.4849,0.4877,1756167.27,870020.56,0.496383
1610589600000,0.4878,0.4939,0.484,0.4863,1053613.07,514501.54,0.488961
1610596800000,0.4852,0.4932,0.4804,0.4898,829456.2,403767.98,0.486777
1610604000000,0.4895,0.4988,0.4888,0.4939,925509.44,458338.71,0.493907
1610611200000,0.4939,0.4976,0.4832,0.4844,783703.84,383640.25,0.490553
1610618400000,0.4847,0.5015,0.4836,0.4971,927983.08,458101.56,0.492775
1610625600000,0.4971,0.5037,0.4916,0.5012,876980.33,436969.34,0.497606
1610632800000,0.5008,0.5229,0.5008,0.5132,2427991.56,1247123.04,0.512264
1610640000000,0.5141,0.5193,0.5005,0.5132,1579923.19,803145.86,0.509898
1610647200000,0.5131,0.5186,0.5087,0.5115,675805.96,347055.17,0.513659
1610654400000,0.5117,0.5118,0.4858,0.493,1311446.17,653641.64,0.498273
1610661600000,0.493,0.5054,0.4833,0.504,905504.36,446112.91,0.494076
1610668800000,0.5044,0.5212,0.4957,0.5123,1690680.6,859842.78,0.508452
1610676000000,0.5124,0.5241,0.4891,0.4946,2003769.79,1014586.46,0.506814
1610683200000,0.4944,0.5036,0.4873,0.4881,1453316.73,719437.21,0.495613
1610690400000,0.4875,0.4999,0.4833,0.4999,1047958.61,514337.14,0.49126
1610697600000,0.4999,0.5352,0.497,0.5283,2714934.36,1404393.57,0.516421
1610704800000,0.5283,0.5419,0.5122,0.5306,2912809.54,1540404.8,0.527046
1610712000000,0.5308,0.5588,0.505,0.5417,4253399.68,2275972.55,0.531855
1610719200000,0.5421,0.5511,0.483,0.4886,4298103.55,2225277.72,0.51736
1610726400000,0.4907,0.5,0.4601,0.4894,2566686.52,1241538.81,0.480047
1610733600000,0.4885,0.5033,0.4803,0.4851,1048173.59,514179.85,0.491827
1610740800000,0.485,0.5065,0.4812,0.5047,680859.11,334693.04,0.493671
1610748000000,0.5049,0.52,0.4947,0.5154,1524307.52,776267.03,0.507224
1610755200000,0.5158,0.532,0.5158,0.5176,1689872.01,886651.79,0.523922
1610762400000,0.5173,0.5389,0.5172,0.535,2550378.55,1352030.84,0.528429
1610769600000,0.5359,0.5521,0.5245,0.5324,3000369.37,1619082.08,0.538317
1610776800000,0.5324,0.5523,0.5323,0.5441,1361476.4,742836.84,0.542679
1610784000000,0.5441,0.5498,0.536,0.549,1129263.75,611120.57,0.542781
1610791200000,0.549,0.5625,0.5385,0.5618,1649277.0,901215.25,0.550125
1610798400000,0.5622,0.5657,0.5402,0.5483,2259467.85,1249977.64,0.552765
1610805600000,0.5477,0.558,0.5399,0.5534,1583834.29,872368.06,0.548909
1610812800000,0.5538,0.5565,0.5325,0.5343,1203009.31,651244.4,0.544589
1610820000000,0.5343,0.5369,0.5214,0.5295,1346790.25,714673.02,0.529082
1610827200000,0.5293,0.536,0.5111,0.5158,1097919.02,575935.5,0.523629
1610834400000,0.5162,0.5303,0.5013,0.5272,1469402.81,758204.99,0.51558
1610841600000,0.5272,0.5395,0.5166,0.5373,1529766.0,809327.6,0.527835
1610848800000,0.5374,0.5691,0.5324,0.5628,3457903.48,1916556.42,0.550838
1610856000000,0.563,0.57,0.5342,0.5402,2304450.82,1271273.1,0.552156
1610863200000,0.5404,0.5429,0.5186,0.5221,1958584.23,1041872.72,0.530667
1610870400000,0.5222,0.5365,0.5139,0.5179,1828947.23,959205.94,0.525247
1610877600000,0.5177,0.56,0.5106,0.5509,2154850.03,1157884.65,0.535427
1610884800000,0.551,0.5681,0.5311,0.5546,2684496.92,1470942.93,0.549592
1610892000000,0.5552,0.6083,0.5398,0.5917,4302748.71,2466528.83,0.574096
1610899200000,0.5917,0.6141,0.5795,0.5898,3733312.54,2227690.33,0.596805
1610906400000,0.5904,0.6052,0.5752,0.5813,1956702.83,1156850.38,0.590302
1610913600000,0.5817,0.6054,0.5808,0.6036,1318555.39,779384.1,0.593211
1610920800000,0.6029,0.631,0.5914,0.5942,3560267.7,2182894.23,0.611355
1610928000000,0.5942,0.5991,0.5879,0.5901,1361467.03,807803.75,0.593547
1610935200000,0.5898,0.6093,0.565,0.5725,2375770.47,1390587.3,0.587388
1610942400000,0.5721,0.5913,0.5698,0.5864,1173773.74,681767.96,0.580712
1610949600000,0.5865,0.6077,0.5859,0.6,1085424.98,649312.73,0.597176
1610956800000,0.5995,0.6252,0.5951,0.612,1624145.39,988543.06,0.610348
1610964000000,0.6123,0.629,0.5994,0.6068,2021783.49,1243959.15,0.61424
1610971200000,0.6067,0.6094,0.5861,0.5864,1615974.96,964107.76,0.598031
1610978400000,0.5869,0.6027,0.5866,0.6008,1360126.38,810490.21,0.594833
1610985600000,0.601,0.6074,0.5835,0.5898,1243011.92,737864.39,0.595453
1610992800000,0.5911,0.5931,0.5844,0.5868,506976.89,298153.22,0.588737
1611000000000,0.587,0.5934,0.5866,0.592,463182.63,273250.2,0.590078
1611007200000,0.5921,0.5932,0.5798,0.5847,699654.76,409776.71,0.586343
1611014400000,0.5847,0.5999,0.5766,0.5788,2016649.77,1185564.3,0.588356
1611021600000,0.5793,0.5885,0.5762,0.5843,815666.64,474188.98,0.582374
1611028800000,0.5845,0.5863,0.563,0.5643,1103244.87,633750.53,0.574708
1611036000000,0.5638,0.5763,0.5588,0.5712,991988.86,564316.83,0.567552
1611043200000,0.5713,0.5816,0.5686,0.5805,835374.95,479942.19,0.574985
1611050400000,0.5807,0.583,0.5728,0.5819,827294.91,478554.22,0.577888
1611057600000,0.5819,0.5822,0.5712,0.5744,796307.13,458500.55,0.576509
1611064800000,0.5753,0.5794,0.5685,0.5729,815050.73,467498.98,0.573948
1611072000000,0.5729,0.5746,0.5669,0.5696,759974.44,432950.29,0.570726
1611079200000,0.5696,0.5698,0.5446,0.5471,1577642.41,877639.11,0.556914
1611086400000,0.5467,0.5628,0.5433,0.562,709644.69,393163.37,0.552814
1611093600000,0.5619,0.5685,0.5385,0.5422,2107396.49,1156183.34,0.553675
1611100800000,0.5413,0.5589,0.5328,0.5467,1714151.98,937822.28,0.54587
1611108000000,0.5467,0.5569,0.5276,0.53,1671528.94,908805.94,0.542595
1611115200000,0.5304,0.5373,0.5239,0.5325,829107.72,441453.13,0.530595
1611122400000,0.5321,0.5436,0.5267,0.5408,944720.64,505272.42,0.535058
1611129600000,0.5407,0.5433,0.5182,0.5203,1008132.33,536785.9,0.530799
1611136800000,0.5201,0.5231,0.5009,0.5069,1335777.65,684785.68,0.511855
1611144000000,0.5067,0.5262,0.4979,0.5257,1012598.68,517913.93,0.511523
1611151200000,0.5257,0.5267,0.5098,0.5123,787552.28,409569.5,0.51811
1611158400000,0.512,0.5291,0.5011,0.5281,1432593.81,739180.73,0.514654
1611165600000,0.5282,0.542,0.5268,0.5393,862200.95,460487.78,0.5345
1611172800000,0.5409,0.5455,0.5303,0.538,738735.08,397888.71,0.537886
1611180000000,0.5381,0.5608,0.5356,0.5582,1190624.78,652328.66,0.548209
1611187200000,0.5583,0.5619,0.5354,0.5382,1156331.46,630525.52,0.548717
1611194400000,0.5382,0.5389,0.5286,0.531,412726.77,220404.74,0.533632
1611201600000,0.5305,0.5347,0.5194,0.5278,668467.63,351914.75,0.527034
1611208800000,0.5282,0.5427,0.5282,0.5407,611532.29,327745.77,0.535678
1611216000000,0.5415,0.5421,0.503,0.5092,1988362.72,1028775.98,0.521974
1611223200000,0.5096,0.5153,0.4985,0.5022,1087726.94,551320.57,0.506951
1611230400000,0.5019,0.5131,0.4874,0.5047,1409757.02,706275.72,0.500241
1611237600000,0.5045,0.5066,0.4903,0.4951,1099657.49,547535.86,0.498328
1611244800000,0.4945,0.5027,0.4792,0.4892,1174432.98,574893.55,0.490938
1611252000000,0.4899,0.5034,0.4812,0.5027,512835.58,251994.31,0.491937
1611259200000,0.5013,0.5016,0.4798,0.4837,661368.04,323404.44,0.49035
1611266400000,0.4838,0.4857,0.4579,0.465,2118519.95,997470.25,0.471464
1611273600000,0.4651,0.4682,0.4337,0.4553,2413099.39,1077772.58,0.45076
1611280800000,0.4552,0.4791,0.4505,0.477,1382131.33,642961.17,0.464579
1611288000000,0.4766,0.49,0.4712,0.4841,846110.84,407804.08,0.48061
1611295200000,0.4841,0.4899,0.4754,0.4803,643244.71,311148.47,0.482658
1611302400000,0.4819,0.4884,0.4733,0.4857,755445.79,363518.58,0.480803
1611309600000,0.486,0.495,0.4855,0.4935,747116.14,366915.7,0.490342
1611316800000,0.4945,0.5075,0.4945,0.5052,847358.14,424879.09,0.501234
1611324000000,0.5062,0.5172,0.5038,0.5118,859347.15,438936.67,0.510568
1611331200000,0.5119,0.5307,0.5065,0.5259,1199706.19,626017.57,0.518573
1611338400000,0.5269,0.5353,0.5232,0.5306,967128.6,513382.04,0.529262
1611345600000,0.5306,0.5314,0.5128,0.514,961821.58,500771.9,0.52205
1611352800000,0.5134,0.5185,0.5066,0.5106,503260.07,257854.59,0.512558
1611360000000,0.51,0.5219,0.5034,0.5156,783795.31,400089.41,0.512646
1611367200000,0.5157,0.5218,0.5067,0.5213,572254.65,293559.14,0.514099
1611374400000,0.5205,0.5253,0.5189,0.5243,465215.41,243121.2,0.522071
1611381600000,0.5246,0.5321,0.5224,0.5307,776333.38,409816.59,0.527206
1611388800000,0.5311,0.5335,0.5228,0.525,663375.85,351504.26,0.528159
1611396000000,0.525,0.527,0.4973,0.4997,889014.02,453802.51,0.512106
1611403200000,0.4997,0.5153,0.4975,0.5114,836494.09,424223.52,0.506503
1611410400000,0.5116,0.526,0.5071,0.5197,1216222.39,629673.92,0.516593
1611417600000,0.5191,0.527,0.5159,0.5241,634350.73,331608.12,0.521442
1611424800000,0.5251,0.5337,0.5221,0.5317,893114.89,472859.85,0.527856
1611432000000,0.533,0.5535,0.5304,0.5451,1639497.6,889923.46,0.542164
1611439200000,0.5453,0.5799,0.5394,0.562,3009860.26,1698835.16,0.559916
1611446400000,0.562,0.572,0.5526,0.5704,1339299.83,751430.76,0.562108
1611453600000,0.5704,0.5715,0.543,0.5513,1866344.54,1033790.81,0.556795
1611460800000,0.5516,0.5654,0.5499,0.5611,1386722.16,770733.22,0.557785
1611468000000,0.5615,0.5757,0.558,0.5644,1386752.29,788248.44,0.566876
1611475200000,0.5648,0.5719,0.561,0.5678,468544.21,264767.74,0.566453
1611482400000,0.5678,0.5748,0.5616,0.5737,605561.69,344442.47,0.568066
1611489600000,0.5736,0.5739,0.5396,0.5475,1534760.01,849089.69,0.556107
1611496800000,0.5478,0.558,0.5377,0.5501,1262895.01,691340.86,0.547846
1611504000000,0.5502,0.552,0.5295,0.5399,1169066.45,630520.73,0.540512
1611511200000,0.5394,0.5439,0.5226,0.5287,933136.03,495525.79,0.533196
1611518400000,0.5279,0.542,0.5269,0.5401,825756.86,442223.06,0.534538
1611525600000,0.5399,0.5484,0.5389,0.5483,568309.06,309086.9,0.543541
1611532800000,0.5482,0.5607,0.5464,0.5556,1406185.26,779209.72,0.553668
1611540000000,0.5558,0.5592,0.5502,0.5547,762848.63,423110.34,0.554698
1611547200000,0.555,0.5581,0.5487,0.5533,455983.64,251993.46,0.553394
1611554400000,0.5533,0.5643,0.5533,0.5579,1254453.93,699332.25,0.558946
1611561600000,0.5583,0.561,0.5448,0.5459,836042.98,463050.98,0.553037
1611568800000,0.5448,0.5589,0.5429,0.555,552673.46,304147.06,0.551013
1611576000000,0.5554,0.5611,0.547,0.5508,1100751.47,611601.84,0.554076
1611583200000,0.5507,0.5545,0.5458,0.5518,593832.95,326584.53,0.550146
1611590400000,0.5519,0.5532,0.538,0.5405,834579.22,453810.66,0.545502
1611597600000,0.5404,0.5412,0.5313,0.5335,602159.89,323017.2,0.536153
1611604800000,0.5336,0.5342,0.5202,0.5262,822020.56,433528.38,0.526997
1611612000000,0.5264,0.5277,0.5134,0.5207,991921.72,516457.98,0.520426
1611619200000,0.5208,0.532,0.5164,0.5296,851028.77,447437.48,0.524114
1611626400000,0.5293,0.5295,0.5091,0.5119,681855.13,353813.71,0.519011
1611633600000,0.5118,0.5215,0.5113,0.5196,384411.33,198301.04,0.51652
1611640800000,0.5191,0.5191,0.5067,0.5142,538468.05,275547.16,0.512748
1611648000000,0.5143,0.5218,0.5099,0.5147,531060.63,274179.6,0.51585
1611655200000,0.5147,0.53,0.514,0.52,572654.17,299043.91,0.522131
1611662400000,0.5193,0.5217,0.5019,0.5056,898566.54,457949.96,0.511712
1611669600000,0.5056,0.5097,0.4957,0.5057,623600.18,313726.85,0.5027
1611676800000,0.5057,0.5149,0.5001,0.5142,507760.93,258764.5,0.50728
1611684000000,0.5146,0.538,0.5102,0.5288,2848619.31,1505772.38,0.524267
1611691200000,0.5294,0.5514,0.5289,0.5468,1802144.58,975335.93,0.54051
1611698400000,0.5469,0.5524,0.5412,0.5435,1120645.84,613444.8,0.546838
1611705600000,0.5433,0.5694,0.5364,0.5629,2435383.34,1355195.51,0.552881
1611712800000,0.5625,0.6022,0.5592,0.5762,5685317.31,3322274.88,0.580996
1611720000000,0.576,0.5796,0.5592,0.5602,1803596.36,1025394.23,0.569629
1611727200000,0.56,0.5854,0.5593,0.5803,1961709.08,1125591.98,0.572742
1611734400000,0.58,0.5803,0.5351,0.5472,3000319.45,1656688.71,0.556806
1611741600000,0.547,0.554,0.5301,0.5306,1891493.42,1030059.1,0.542484
1611748800000,0.5311,0.5468,0.5282,0.5347,1543133.35,830369.23,0.537543
1611756000000,0.5347,0.546,0.5098,0.5448,3116437.89,1648745.09,0.527665
1611763200000,0.545,0.5641,0.5406,0.5512,2827809.41,1565235.49,0.552425
1611770400000,0.5516,0.555,0.5401,0.5517,1044358.84,572762.31,0.54755
1611777600000,0.5515,0.56,0.548,0.5504,1012970.47,560169.56,0.554006
1611784800000,0.5504,0.5985,0.5483,0.5832,5186785.11,3006586.51,0.574189
1611792000000,0.583,0.6273,0.5773,0.6097,5268587.49,3187322.58,0.602757
1611799200000,0.6099,0.6186,0.585,0.6096,2936381.56,1766689.05,0.6018
1611806400000,0.6095,0.6167,0.5907,0.6037,1967315.64,1179490.66,0.603663
1611813600000,0.604,0.629,0.5948,0.6004,2961351.83,1813118.1,0.611927
1611820800000,0.6004,0.6088,0.5861,0.5999,1355245.83,807115.53,0.59745
1611828000000,0.6002,0.6028,0.5834,0.5918,1427814.84,847602.87,0.592957
1611835200000,0.5917,0.6258,0.5872,0.6253,2979404.29,1800391.75,0.606033
1611842400000,0.6252,0.6573,0.6088,0.6478,5177555.7,3297129.57,0.632852
1611849600000,0.6476,0.674,0.6308,0.66,3756181.92,2446831.88,0.652371
1611856800000,0.66,0.6778,0.6483,0.6533,2685076.88,1775966.77,0.663134
1611864000000,0.6534,0.6675,0.6429,0.6527,1959794.93,1282814.96,0.6552
1611871200000,0.6529,0.6631,0.6011,0.6086,5475286.59,3404509.52,0.632298
1611878400000,0.6082,0.6222,0.6024,0.6101,2664886.84,1629818.02,0.612307
1611885600000,0.6098,0.6144,0.5871,0.5917,1938938.61,1164967.14,0.60075
1611892800000,0.5919,0.5946,0.5791,0.5882,2504633.08,1463634.05,0.586804
1611900000000,0.5886,0.6083,0.5853,0.5967,2012833.05,1198855.99,0.596933
1611907200000,0.5969,0.6024,0.5806,0.5904,2480574.38,1467719.0,0.591451
1611914400000,0.5906,0.6113,0.5861,0.6067,1358097.51,813569.63,0.598706
1611921600000,0.6062,0.6128,0.58,0.5898,3730238.38,2208985.61,0.596293
1611928800000,0.5899,0.5948,0.5802,0.5923,1288416.08,760388.55,0.587476
1611936000000,0.5927,0.5941,0.5735,0.5872,1800825.89,1051963.8,0.583688
1611943200000,0.5882,0.6117,0.5851,0.5931,1698333.82,1016873.29,0.598466
1611950400000,0.5933,0.61,0.591,0.6075,928103.16,557987.8,0.600516
1611957600000,0.6083,0.6101,0.5928,0.6009,926972.57,556662.94,0.601299
1611964800000,0.6009,0.6048,0.5898,0.5905,728759.54,435937.68,0.597519
1611972000000,0.5912,0.5948,0.583,0.5835,642271.14,378639.51,0.589085
1611979200000,0.5834,0.5877,0.5767,0.58,1004136.16,583742.7,0.582212
1611986400000,0.58,0.5894,0.5763,0.5857,586001.17,342307.45,0.58285
1611993600000,0.5863,0.5993,0.5843,0.5954,620250.01,366670.07,0.591896
1612000800000,0.5956,0.5988,0.5877,0.5921,785912.31,466344.82,0.593235
1612008000000,0.5913,0.6188,0.5891,0.6131,1647488.96,1001023.21,0.604222
1612015200000,0.6126,0.6405,0.6108,0.6196,2092823.67,1307789.34,0.625784
1612022400000,0.6196,0.6236,0.6008,0.618,2222627.52,1361269.08,0.612192
1612029600000,0.618,0.6214,0.6108,0.6178,631313.18,388753.87,0.6161
1612036800000,0.6182,0.6371,0.6182,0.6292,1421838.08,894055.32,0.628015
1612044000000,0.6301,0.659,0.6202,0.6542,3022357.63,1941634.36,0.639328
1612051200000,0.654,0.7313,0.6276,0.725,9678865.48,6637375.37,0.678116
1612058400000,0.7262,0.8,0.6871,0.7119,31043584.11,22783514.29,0.743649
1612065600000,0.7129,0.7366,0.6944,0.7017,6226480.79,4433855.19,0.715647
1612072800000,0.7016,0.704,0.6757,0.6821,3225131.04,2221693.77,0.689581
1612080000000,0.682,0.7033,0.6683,0.6715,3013610.86,2069478.06,0.686008
1612087200000,0.6717,0.6993,0.6584,0.6901,2770592.91,1878253.69,0.678741
1612094400000,0.6898,0.7397,0.6885,0.6936,4928270.2,3509400.56,0.714131
1612101600000,0.6941,0.7085,0.6494,0.6672,4751260.82,3254102.4,0.678857
1612108800000,0.6681,0.6823,0.6551,0.6568,2000153.74,1336380.89,0.668982
1612116000000,0.6568,0.6693,0.6453,0.6577,1895223.41,1241948.65,0.6573
1612123200000,0.6568,0.6737,0.6424,0.6628,1598045.08,1048307.89,0.658034
1612130400000,0.6636,0.7078,0.661,0.7064,2298097.3,1570162.38,0.684241
1612137600000,0.7064,0.7085,0.667,0.6911,2195167.24,1490902.35,0.687363
1612144800000,0.6905,0.6965,0.6695,0.6712,994916.76,680807.6,0.683315
1612152000000,0.6716,0.6776,0.6649,0.6696,787469.83,527863.94,0.671254
1612159200000,0.6695,0.6737,0.6517,0.665,1289956.53,857018.28,0.662652
1612166400000,0.6649,0.6671,0.648,0.6651,1360098.97,892640.68,0.65755
1612173600000,0.6655,0.6671,0.6531,0.6545,1194140.95,787286.12,0.660118
1612180800000,0.6545,0.6713,0.65,0.6505,1407051.26,928769.02,0.660722
1612188000000,0.65,0.6608,0.6426,0.6559,1050691.98,685713.03,0.651666
1612195200000,0.6558,0.671,0.6558,0.6587,915957.34,608447.45,0.663456
1612202400000,0.6583,0.6973,0.6571,0.6934,1378600.65,936882.27,0.677518
1612209600000,0.6932,0.6941,0.6838,0.6851,511173.29,351895.93,0.688913
1612216800000,0.6857,0.6931,0.6816,0.6865,646959.78,444685.47,0.687352
1612224000000,0.6865,0.6931,0.6647,0.673,1371490.58,930092.0,0.678849
1612231200000,0.6724,0.6747,0.6654,0.6677,477241.01,319701.85,0.67005
1612238400000,0.6678,0.6861,0.666,0.6772,807077.33,544687.34,0.676255
1612245600000,0.6772,0.6836,0.675,0.6804,495232.13,336513.95,0.679318
1612252800000,0.6809,0.6848,0.668,0.6701,1093578.67,739197.38,0.676504
1612260000000,0.6704,0.675,0.6683,0.6732,544882.17,366074.54,0.671643
1612267200000,0.6724,0.6765,0.6663,0.672,738681.45,495974.57,0.6714
1612274400000,0.6724,0.6765,0.6677,0.6737,636497.25,427840.89,0.672095
1612281600000,0.674,0.674,0.6581,0.6631,1144235.1,759268.02,0.665717
1612288800000,0.6629,0.6699,0.6601,0.6647,589908.73,392079.43,0.66501
1612296000000,0.6647,0.6749,0.6623,0.6672,680497.47,453809.16,0.668626
1612303200000,0.6673,0.6848,0.667,0.6837,498688.69,336457.23,0.676008
1612310400000,0.6836,0.6897,0.6705,0.6745,669188.92,452826.54,0.680162
1612317600000,0.6745,0.6838,0.672,0.6775,734133.17,497678.61,0.677931
1612324800000,0.678,0.7,0.6738,0.6935,899251.94,618363.98,0.68701
1612332000000,0.6945,0.7016,0.6849,0.7002,822884.58,571210.33,0.693127
1612339200000,0.7,0.703,0.689,0.7027,1187248.72,825612.18,0.69595
1612346400000,0.7027,0.7162,0.7023,0.706,1321654.4,937379.48,0.70932
1612353600000,0.7049,0.7092,0.6916,0.6935,1077554.59,753697.06,0.700541
1612360800000,0.6941,0.7112,0.6934,0.7043,1309914.5,919791.69,0.702577
1612368000000,0.7041,0.7206,0.6936,0.7185,1380142.87,975092.6,0.706778
1612375200000,0.719,0.7435,0.7125,0.7152,1925463.05,1404228.36,0.728041
1612382400000,0.7152,0.7296,0.7115,0.7264,692182.57,497848.47,0.720524
1612389600000,0.7269,0.77,0.7201,0.7658,2028186.57,1515323.86,0.744817
1612396800000,0.7669,0.7877,0.7425,0.7741,3862674.63,2956180.71,0.765066
1612404000000,0.774,0.7761,0.7473,0.7484,1500380.86,1141448.7,0.761823
1612411200000,0.7481,0.7788,0.7386,0.7712,1305488.59,987371.04,0.758615
1612418400000,0.7711,0.8269,0.7706,0.7778,4593053.61,3658770.06,0.798836
1612425600000,0.7781,0.8061,0.7161,0.759,4053627.7,3120450.75,0.761015
1612432800000,0.7597,0.7766,0.7577,0.7673,1252622.22,961002.6,0.767304
1612440000000,0.7671,0.828,0.7623,0.8244,4123038.14,3340377.36,0.795009
1612447200000,0.824,0.8671,0.7832,0.8215,6150268.37,5109475.46,0.825151
1612454400000,0.8208,0.9487,0.8206,0.9049,9517521.55,8538662.78,0.887283
1612461600000,0.9046,0.9887,0.8785,0.9783,9025532.01,8507972.79,0.932612
1612468800000,0.9783,1.1653,0.9769,1.0053,29832664.63,31676255.86,1.071509
1612476000000,1.0073,1.1017,0.918,1.0351,21725970.81,22006439.32,1.009785
1612483200000,1.0339,1.1782,1.0011,1.1603,14219844.33,15463881.25,1.088563
1612490400000,1.1612,1.3495,1.1126,1.2027,28837183.01,35725090.78,1.23143
1612497600000,1.2014,1.3518,1.1881,1.3434,12723369.8,15884278.23,1.269382
1612504800000,1.3434,1.4899,1.3059,1.3921,25604063.36,35947632.51,1.398437
1612512000000,1.3921,1.427,1.2759,1.3281,17399342.98,23442990.93,1.351044
1612519200000,1.3281,1.3814,1.2862,1.341,10566135.41,14025088.72,1.333797
1612526400000,1.34,1.5978,1.3303,1.527,22577062.84,33258354.54,1.468302
1612533600000,1.5257,1.99,1.4851,1.7059,52552883.57,92159444.98,1.741555
1612540800000,1.7059,1.8807,1.5643,1.6338,30000511.13,51043812.74,1.723192
1612548000000,1.6345,1.6542,1.5024,1.6499,14360475.31,22600577.66,1.578135
1612555200000,1.6499,1.79,1.5193,1.7457,15546202.42,25602280.65,1.653255
1612562400000,1.7442,1.7482,1.5705,1.5939,9840703.88,16458602.61,1.657237
1612569600000,1.5915,1.674,1.3443,1.4121,14495673.57,21674717.21,1.509738
1612576800000,1.4138,1.4962,1.3489,1.434,10955307.52,15553402.13,1.422544
1612584000000,1.4326,1.448,1.3808,1.4132,5215496.56,7354917.23,1.414219
1612591200000,1.4133,1.4969,1.392,1.4206,6706023.87,9672992.9,1.444483
1612598400000,1.4204,1.5431,1.3795,1.505,10203674.34,14971417.16,1.4612
1612605600000,1.5062,1.667,1.4732,1.4917,13599794.74,21379711.97,1.5702
1612612800000,1.4926,1.5258,1.4343,1.4373,4503287.41,6666410.46,1.481567
1612620000000,1.4384,1.4798,1.4,1.4208,4960764.36,7174183.82,1.440027
1612627200000,1.4199,1.4648,1.3918,1.4217,3199239.68,4575508.99,1.428301
1612634400000,1.4217,1.489,1.4096,1.48,3253598.22,4717516.22,1.449059
1612641600000,1.4799,1.55,1.4328,1.5063,3858592.2,5738606.41,1.491378
1612648800000,1.5072,1.5341,1.4348,1.4509,3312306.73,4885422.38,1.484922
1612656000000,1.4498,1.5009,1.3707,1.3843,3447430.4,4986306.1,1.437066
1612663200000,1.3835,1.4099,1.3146,1.3383,5170334.96,6995294.93,1.36233
1612670400000,1.3366,1.3504,1.2561,1.3059,4753041.79,6170011.62,1.30276
1612677600000,1.3074,1.3618,1.2852,1.3553,2838536.6,3738061.58,1.322649
1612684800000,1.3553,1.3978,1.3264,1.3631,3720352.87,5036424.27,1.362109
1612692000000,1.3652,1.4215,1.3521,1.365,3931526.66,5456037.19,1.3868
1612699200000,1.366,1.438,1.3617,1.3764,3314534.22,4626928.01,1.399984
1612706400000,1.3768,1.3788,1.2797,1.3125,3709626.41,4949303.55,1.327439
1612713600000,1.3112,1.3492,1.26,1.3239,2734377.72,3574301.23,1.304534
1612720800000,1.3239,1.42,1.3128,1.381,3219378.74,4414566.86,1.367465
1612728000000,1.3819,1.4164,1.3537,1.4077,2327492.6,3207394.39,1.384619
1612735200000,1.4079,1.44,1.3729,1.4099,2014418.67,2844615.18,1.406449
1612742400000,1.4104,1.4796,1.4096,1.4665,4318319.27,6259206.19,1.445776
1612749600000,1.4695,1.6432,1.4668,1.5378,12045494.9,18933820.82,1.556999
1612756800000,1.5381,1.6333,1.5166,1.6333,4650137.66,7334698.72,1.572805
1612764000000,1.6333,1.666,1.542,1.5614,6175285.55,9909780.74,1.60461
1612771200000,1.5591,1.6198,1.5543,1.5668,3402578.3,5401545.25,1.587134
1612778400000,1.5641,1.5846,1.4983,1.5246,2919797.78,4512328.37,1.54129
1612785600000,1.5244,1.547,1.4099,1.5,5414877.83,8071028.39,1.478181
1612792800000,1.5,1.5725,1.4989,1.5501,4749903.03,7301652.34,1.537095
1612800000000,1.5505,1.584,1.5113,1.5349,2875805.79,4415313.09,1.547708
1612807200000,1.5349,1.54,1.5149,1.5317,1510046.04,2308247.09,1.527426
1612814400000,1.5307,1.5518,1.5209,1.522,1683181.28,2575438.41,1.536552
1612821600000,1.522,1.53,1.4016,1.4689,3743593.88,5501596.05,1.464476
1612828800000,1.4699,1.4897,1.4257,1.458,3085498.88,4506834.08,1.457646
1612836000000,1.457,1.4845,1.4316,1.4836,2139615.74,3133614.26,1.457223
1612843200000,1.4836,1.5852,1.47,1.5764,3696555.6,5631891.36,1.527135
1612850400000,1.5764,1.5769,1.4957,1.496,3620847.05,5549464.56,1.536332
1612857600000,1.4981,1.5527,1.4967,1.5121,3174386.26,4857222.63,1.525011
1612864800000,1.5119,1.5217,1.473,1.5067,1946974.52,2923536.46,1.497316
1612872000000,1.5067,1.5208,1.4475,1.4879,2273316.56,3377495.3,1.48393
1612879200000,1.4878,1.546,1.4733,1.4954,2875482.5,4350529.29,1.509699
1612886400000,1.4952,1.5249,1.4675,1.5131,3034710.73,4543365.17,1.496002
1612893600000,1.5131,1.5511,1.4979,1.5268,3168854.34,4821675.39,1.524577
1612900800000,1.5271,1.5773,1.5054,1.5716,2740114.82,4200577.52,1.540503
1612908000000,1.5716,1.5728,1.5073,1.5111,2339545.39,3593760.98,1.539698
1612915200000,1.5103,1.5568,1.4764,1.5504,4334086.71,6594144.37,1.515688
1612922400000,1.5519,1.565,1.5219,1.5452,2339013.54,3607556.63,1.543419
1612929600000,1.5453,1.5474,1.4992,1.5337,1717582.56,2609077.12,1.523062
1612936800000,1.5344,1.645,1.5304,1.6116,5389459.34,8621460.78,1.589581
1612944000000,1.6109,1.6346,1.543,1.5481,4581724.82,7199106.83,1.590038
1612951200000,1.545,1.5725,1.5311,1.5562,2278985.14,3540817.09,1.551822
1612958400000,1.5577,1.5591,1.3613,1.5289,9225498.16,13691965.63,1.459757
1612965600000,1.5292,1.5455,1.4109,1.4463,3546341.39,5231812.43,1.477199
1612972800000,1.4465,1.4984,1.4188,1.4928,2262207.72,3317716.22,1.457579
1612980000000,1.4938,1.4967,1.4503,1.4898,1616000.82,2394371.37,1.473466
1612987200000,1.4886,1.4967,1.4514,1.4887,831916.4,1226723.51,1.47405
1612994400000,1.4884,1.5199,1.4751,1.4998,1024683.25,1532346.83,1.497556
1613001600000,1.5003,1.5092,1.4587,1.4799,1515948.49,2244656.31,1.483688
1613008800000,1.4819,1.504,1.4819,1.4998,135578.61,202905.31,1.493362
1613016000000,1.5005,1.5429,1.4988,1.5426,701428.37,1066899.63,1.520643
1613023200000,1.5426,1.5594,1.5114,1.529,2102239.08,3229365.3,1.535392
1613030400000,1.5288,1.54,1.5055,1.5174,1826303.17,2778421.74,1.52274
1613037600000,1.5174,1.6126,1.5166,1.5537,3401961.95,5319544.03,1.565677
1613044800000,1.554,1.61,1.5209,1.5704,3156375.93,4964368.91,1.565478
1613052000000,1.572,1.5945,1.5427,1.5769,1857090.94,2904444.35,1.568587
1613059200000,1.5782,1.6017,1.5352,1.581,2574067.27,4039186.22,1.568445
1613066400000,1.5795,1.7833,1.5673,1.7504,10526090.95,17710513.58,1.67722
1613073600000,1.7503,1.8341,1.6549,1.6973,9918987.92,17268882.54,1.744963
1613080800000,1.699,1.8047,1.695,1.7619,3217626.07,5620084.42,1.751587
1613088000000,1.7682,1.97,1.725,1.9057,9952966.05,18692452.8,1.848402
1613095200000,1.906,2.036,1.773,1.7808,6273796.09,11880443.04,1.90817
1613102400000,1.7821,1.8762,1.7267,1.8153,4724052.46,8495244.78,1.801484
1613109600000,1.8127,1.8532,1.7831,1.8362,3021764.13,5484606.86,1.817968
1613116800000,1.8372,1.95,1.8068,1.8486,4023718.35,7524650.65,1.878456
1613124000000,1.8486,1.8702,1.7974,1.8213,2379984.28,4363694.91,1.833758
1613131200000,1.8213,1.8578,1.8,1.8341,2269313.32,4137226.61,1.828915
1613138400000,1.8357,1.8413,1.707,1.816,4074863.27,7303162.36,1.77387
1613145600000,1.8184,1.8363,1.7368,1.7562,2143261.4,3824838.02,1.786469
1613152800000,1.7563,1.7848,1.7448,1.7623,1934518.84,3406561.98,1.764831
1613160000000,1.7624,1.8451,1.747,1.8378,2667463.26,4736207.65,1.795348
1613167200000,1.8381,1.8404,1.7912,1.8037,984803.74,1789107.07,1.81509
1613174400000,1.8053,1.8446,1.7631,1.839,1710669.15,3093966.94,1.803033
1613181600000,1.8395,1.8625,1.8304,1.8434,1672578.72,3089620.23,1.846469
1613188800000,1.8415,1.9308,1.833,1.8511,3370407.88,6354845.46,1.881986
1613196000000,1.8564,1.87,1.7835,1.7991,1869286.81,3426354.38,1.826627
1613203200000,1.798,1.8593,1.7907,1.8393,1867790.75,3427423.62,1.825633
1613210400000,1.8393,1.8393,1.6467,1.7527,3204310.92,5600198.96,1.740179
1613217600000,1.7527,1.7975,1.7152,1.7915,1429908.06,2525740.96,1.755423
1613224800000,1.7881,1.8488,1.7562,1.8218,1224388.11,2201926.19,1.802416
1613232000000,1.8261,1.8393,1.7571,1.7736,1256584.86,2247962.54,1.798013
1613239200000,1.7747,1.8155,1.7594,1.7648,967333.52,1726726.87,1.787589
1613246400000,1.7653,1.8029,1.7331,1.7993,1189307.4,2098456.76,1.767098
1613253600000,1.7969,1.9075,1.7961,1.8912,2184819.85,4058291.74,1.853491
1613260800000,1.8912,2.01,1.8492,1.9377,4640862.34,9051225.56,1.929923
1613268000000,1.9378,1.9459,1.8237,1.8367,2479345.07,4708069.12,1.884294
1613275200000,1.836,1.8719,1.768,1.8067,1511121.61,2761729.52,1.819922
1613282400000,1.8086,1.8655,1.7933,1.8301,1312200.18,2400567.69,1.829628
1613289600000,1.8327,1.8887,1.8324,1.8669,1181051.78,2199033.02,1.861642
1613296800000,1.8672,1.8686,1.7849,1.8264,1169159.86,2137966.53,1.825484
1613304000000,1.8241,1.8345,1.7423,1.7581,1708508.04,3062050.66,1.788003
1613311200000,1.7554,1.7764,1.6874,1.7052,3565417.88,6140620.36,1.732038
1613318400000,1.7052,1.7611,1.6917,1.7096,1996898.47,3433752.16,1.726419
1613325600000,1.7091,1.7544,1.6739,1.7421,1200240.87,2063388.61,1.713648
1613332800000,1.7401,1.908,1.7301,1.8151,3354488.08,6154312.74,1.820977
1613340000000,1.8108,1.8579,1.7745,1.7952,1957833.45,3550798.58,1.816316
1613347200000,1.792,1.8179,1.5796,1.6344,2600930.91,4378075.53,1.696976
1613354400000,1.6344,1.661,1.4102,1.5892,3807870.79,5842062.8,1.534976
1613361600000,1.5885,1.5902,1.4819,1.5683,1952358.87,3014587.17,1.535678
1613368800000,1.5685,1.6867,1.5652,1.66,1305047.28,2132267.54,1.627883
1613376000000,1.662,1.7079,1.6376,1.6433,1341387.23,2243398.54,1.673112
1613383200000,1.643,1.7268,1.6224,1.7064,892259.13,1496245.75,1.67459
1613390400000,1.7074,1.7309,1.6726,1.7259,818072.97,1393645.35,1.701365
1613397600000,1.727,1.735,1.684,1.7325,784979.04,1345555.34,1.709441
1613404800000,1.7329,1.7549,1.7148,1.7274,942265.24,1638041.57,1.734872
1613412000000,1.7285,1.743,1.705,1.71,630694.94,1084615.63,1.724299
1613419200000,1.7101,1.713,1.606,1.6161,1405997.21,2351329.36,1.658639
1613426400000,1.6155,1.6592,1.5701,1.6186,1321252.35,2151014.88,1.614649
1613433600000,1.6194,1.6734,1.5634,1.6688,1124365.51,1824897.31,1.617035
1613440800000,1.6667,1.69,1.6483,1.6608,584120.1,975109.31,1.669177
1613448000000,1.663,1.663,1.609,1.6289,1126873.9,1837670.62,1.634898
1613455200000,1.6282,1.65,1.6128,1.6441,804903.87,1315705.51,1.631173
1613462400000,1.6447,1.7118,1.6372,1.696,1123322.84,1881547.65,1.675056
1613469600000,1.6952,1.7036,1.62,1.6311,985605.8,1639585.16,1.661567
1613476800000,1.6295,1.6729,1.5822,1.5847,2717509.12,4385265.99,1.628878
1613484000000,1.5845,1.6446,1.5415,1.6034,1793797.87,2856173.89,1.593042
1613491200000,1.6016,1.6175,1.5231,1.5557,1786287.19,2790830.42,1.569775
1613498400000,1.5557,1.5861,1.5297,1.5483,1039577.21,1621006.73,1.557926
1613505600000,1.5473,1.5481,1.5007,1.5338,1471039.21,2244853.29,1.524066
1613512800000,1.5334,1.587,1.5283,1.5848,645223.21,1001980.74,1.557306
1613520000000,1.587,1.595,1.5226,1.5323,1189192.91,1843240.98,1.558659
1613527200000,1.5325,1.5583,1.4569,1.4686,2363407.76,3542358.91,1.508377
1613534400000,1.4683,1.489,1.419,1.4429,2435774.37,3527327.95,1.453946
1613541600000,1.4388,1.5128,1.4314,1.505,1732257.92,2548756.93,1.47214
1613548800000,1.5033,1.5113,1.4671,1.4915,1512596.81,2248986.87,1.489051
1613556000000,1.4922,1.5488,1.4903,1.535,1077190.11,1645944.9,1.520469
1613563200000,1.5354,1.5617,1.5128,1.5428,1041259.2,1600457.45,1.537239
1613570400000,1.543,1.5932,1.5345,1.5505,1553814.54,2439324.41,1.56392
1613577600000,1.5498,1.6023,1.5328,1.5922,1305278.33,2051886.93,1.567196
1613584800000,1.5901,1.5946,1.5634,1.569,1010091.03,1593349.25,1.578929
1613592000000,1.57,1.5872,1.5587,1.5838,658866.1,1036242.61,1.572704
1613599200000,1.5838,1.5921,1.5457,1.5649,792260.94,1239555.72,1.568664
1613606400000,1.5658,1.6279,1.5634,1.6279,1435148.47,2283364.05,1.595288
1613613600000,1.6279,1.6349,1.5905,1.5943,835737.45,1342487.6,1.612967
1613620800000,1.5944,1.619,1.58,1.6078,660092.37,1058185.63,1.599451
1613628000000,1.6092,1.6094,1.5726,1.5898,588201.09,935833.79,1.590365
1613635200000,1.5892,1.5999,1.5486,1.5723,836599.13,1309474.31,1.574069
1613642400000,1.5714,1.5842,1.5319,1.55,836034.97,1304979.71,1.557934
1613649600000,1.5492,1.575,1.5153,1.5643,1141857.72,1764401.44,1.544961
1613656800000,1.5654,1.5768,1.5378,1.542,1090991.95,1701917.07,1.557656
1613664000000,1.541,1.5999,1.5382,1.5837,1183600.93,1859578.84,1.569961
1613671200000,1.5848,1.599,1.55,1.5551,575864.85,905970.41,1.57496
1613678400000,1.555,1.594,1.5471,1.584,724127.96,1141288.89,1.570661
1613685600000,1.5839,1.6225,1.5684,1.6107,890789.7,1419451.65,1.595329
1613692800000,1.611,1.6368,1.5389,1.5492,1416773.78,2262023.3,1.588707
1613700000000,1.5505,1.5609,1.5061,1.5406,848693.06,1305740.87,1.533401
1613707200000,1.5413,1.5531,1.5076,1.5135,911648.0,1391952.39,1.530654
1613714400000,1.5131,1.5769,1.5131,1.5599,1005366.0,1557505.46,1.546321
1613721600000,1.5627,1.5724,1.5284,1.5565,859562.93,1335749.51,1.550354
1613728800000,1.5565,1.582,1.5531,1.5708,625148.98,978336.21,1.567804
1613736000000,1.5707,1.5973,1.5633,1.5753,851003.32,1344451.37,1.580334
1613743200000,1.5748,1.5789,1.5492,1.5523,1083458.57,1691507.58,1.564134
1613750400000,1.5531,1.5632,1.5201,1.5448,766135.4,1180266.86,1.541582
1613757600000,1.545,1.5477,1.515,1.5182,443376.02,678101.79,1.5313
1613764800000,1.5202,1.535,1.519,1.5296,775020.87,1184023.11,1.527198
1613772000000,1.5309,1.5685,1.5193,1.5594,1176723.55,1821877.42,1.543786
1613779200000,1.56,1.573,1.5149,1.5461,1831004.95,2805733.53,1.543818
1613786400000,1.5447,1.604,1.5313,1.5857,2028399.74,3199710.79,1.567862
1613793600000,1.5846,1.6158,1.5748,1.598,1002892.1,1602750.69,1.59541
1613800800000,1.5979,1.65,1.5842,1.5879,1372733.27,2227476.4,1.617241
1613808000000,1.5899,1.6976,1.5827,1.6705,2097231.53,3446466.32,1.641546
1613815200000,1.6705,1.6768,1.6384,1.6405,1362576.72,2260633.03,1.657978
1613822400000,1.6408,1.6498,1.6158,1.6351,1202208.0,1962605.03,1.632764
1613829600000,1.6348,1.6473,1.5406,1.561,2305357.03,3658768.77,1.593413
1613836800000,1.5673,1.6479,1.5628,1.6027,1706944.55,2735748.96,1.60627
1613844000000,1.6036,1.6317,1.5888,1.6045,1019935.74,1641744.12,1.610251
1613851200000,1.6045,1.6065,1.5613,1.5999,883722.94,1402581.65,1.583852
1613858400000,1.599,1.6015,1.4531,1.5306,2164695.15,3292651.78,1.525197
1613865600000,1.5286,1.5646,1.487,1.5603,1332473.67,2039751.91,1.524988
1613872800000,1.5606,1.5941,1.5547,1.5685,854666.42,1348847.84,1.5745
1613880000000,1.5688,1.5839,1.558,1.5713,688312.6,1080854.47,1.570952
1613887200000,1.5726,1.58,1.5311,1.5377,876348.54,1366251.74,1.555608
1613894400000,1.5366,1.61,1.5329,1.607,759103.3,1197221.3,1.571358
1613901600000,1.6072,1.6336,1.5996,1.6047,1483934.9,2398461.4,1.616614
1613908800000,1.6057,1.609,1.566,1.5819,1187367.25,1879833.5,1.586977
1613916000000,1.5819,1.593,1.5563,1.5631,878622.02,1385511.35,1.574801
1613923200000,1.5645,1.5748,1.55,1.5618,844035.36,1317660.77,1.562398
1613930400000,1.5625,1.6333,1.5562,1.6333,1002862.45,1601063.81,1.593909
1613937600000,1.6333,1.6424,1.5645,1.59,997238.69,1590648.86,1.602764
1613944800000,1.5895,1.755,1.5845,1.7232,5900580.03,10022268.43,1.672184
1613952000000,1.7249,1.74,1.6073,1.7313,3215000.76,5384435.14,1.673618
1613959200000,1.7313,1.8651,1.6832,1.774,5939556.08,10610422.45,1.77445
1613966400000,1.7733,1.9218,1.7485,1.7824,8048727.78,14869583.55,1.83519
1613973600000,1.7844,1.8666,1.7541,1.776,2918005.79,5245206.58,1.810392
1613980800000,1.7766,1.8065,1.6589,1.6725,3900662.54,6797822.9,1.733857
1613988000000,1.675,1.7138,1.6113,1.6559,2961618.74,4939053.33,1.662525
1613995200000,1.6559,1.6612,1.5059,1.5199,4417631.81,7050983.44,1.582518
1614002400000,1.5198,1.5597,1.293,1.5382,6684315.04,9760885.41,1.426228
1614009600000,1.5382,1.5751,1.442,1.4529,2668281.79,4032557.23,1.510038
1614016800000,1.4527,1.531,1.413,1.5244,1958593.2,2886402.86,1.470317
1614024000000,1.5219,1.5614,1.5131,1.5533,1002209.06,1540882.19,1.537209
1614031200000,1.5523,1.5649,1.4745,1.563,1665174.57,2538377.52,1.519567
1614038400000,1.5634,1.9199,1.5634,1.6934,20223642.79,36027839.41,1.745544
1614045600000,1.693,1.7499,1.5999,1.6463,7697607.58,12927939.55,1.67503
1614052800000,1.6454,1.6622,1.45,1.532,4812541.42,7515947.41,1.553594
1614060000000,1.5318,1.5925,1.4899,1.5085,2771673.1,4238927.2,1.541475
1614067200000,1.5112,1.5251,1.192,1.3667,7652629.65,10438562.64,1.354581
1614074400000,1.3649,1.4177,1.2093,1.3358,4290898.4,5729556.16,1.313319
1614081600000,1.3344,1.6497,1.2804,1.6267,5475722.22,8087021.23,1.462172
1614088800000,1.6285,1.6858,1.4607,1.5721,5183992.51,8266985.39,1.572819
1614096000000,1.5763,1.6084,1.4525,1.4699,2577990.77,3889409.1,1.531419
1614103200000,1.4698,1.51,1.3702,1.3702,2448899.1,3555929.1,1.443021
1614110400000,1.3741,1.4843,1.365,1.4723,1609356.77,2324861.98,1.424946
1614117600000,1.4715,1.6309,1.4713,1.5769,2298879.27,3592494.79,1.554392
1614124800000,1.578,1.59,1.45,1.58,3345610.07,5088945.26,1.519997
1614132000000,1.5832,1.6512,1.5601,1.6417,3031088.23,4847413.5,1.604868
1614139200000,1.6428,1.6695,1.5403,1.552,2100984.08,3343788.34,1.605957
1614146400000,1.5532,1.5708,1.4823,1.5139,2082634.25,3144836.54,1.526187
1614153600000,1.5124,1.6126,1.5036,1.5824,2889624.9,4561201.76,1.55933
1614160800000,1.5807,1.5941,1.5302,1.553,1586546.94,2476039.67,1.561918
1614168000000,1.5548,1.6111,1.4944,1.5185,3148994.23,4894844.07,1.553149
1614175200000,1.5209,1.5391,1.4551,1.5101,2351815.01,3526318.68,1.497024
1614182400000,1.5119,1.523,1.4789,1.5209,1695422.39,2546543.24,1.500787
1614189600000,1.5206,1.5417,1.4624,1.4696,1071221.73,1610497.07,1.502852
1614196800000,1.4685,1.4877,1.4271,1.4584,1627178.19,2372222.09,1.457358
1614204000000,1.4554,1.5321,1.421,1.5267,1284336.33,1910641.18,1.474886
1614211200000,1.5268,1.548,1.5047,1.5106,1179102.11,1802012.53,1.526627
1614218400000,1.5084,1.5231,1.4631,1.4813,916850.0,1369688.38,1.493006
1614225600000,1.4813,1.5021,1.46,1.5018,1533850.21,2265891.3,1.480388
1614232800000,1.4996,1.5061,1.4617,1.4666,1664045.39,2466441.94,1.484028
1614240000000,1.4662,1.4788,1.422,1.4381,1932739.63,2802136.23,1.450286
1614247200000,1.4374,1.4911,1.4374,1.4845,982055.67,1441801.65,1.465036
1614254400000,1.4827,1.5355,1.476,1.5354,1097439.93,1651340.44,1.504945
1614261600000,1.5353,1.5844,1.5182,1.5825,1683602.8,2606766.56,1.550193
1614268800000,1.5819,1.5875,1.4948,1.5028,1103339.14,1698209.17,1.540883
1614276000000,1.5039,1.5382,1.4834,1.5203,1158222.43,1744531.5,1.51077
1614283200000,1.5202,1.5229,1.4612,1.4637,1267890.61,1905401.63,1.492077
1614290400000,1.4625,1.4799,1.3744,1.3959,1430517.74,2044799.25,1.426923
1614297600000,1.3957,1.4161,1.308,1.3282,3601998.91,4871446.2,1.362061
1614304800000,1.3286,1.3771,1.3152,1.3636,1223473.23,1653262.11,1.346154
1614312000000,1.3632,1.3777,1.2877,1.2882,2281933.28,3045570.53,1.334171
1614319200000,1.2882,1.3281,1.2429,1.2711,2548501.36,3277480.17,1.28556
1614326400000,1.2735,1.3533,1.2733,1.3507,1431498.27,1889597.71,1.313664
1614333600000,1.3509,1.418,1.2996,1.3307,2654777.83,3656271.86,1.358932
1614340800000,1.3311,1.3558,1.3005,1.3069,821995.34,1092457.57,1.32861
1614348000000,1.3051,1.3885,1.3043,1.3732,1142499.32,1540767.96,1.347817
1614355200000,1.3714,1.4047,1.3632,1.3704,1108961.48,1537395.64,1.383952
1614362400000,1.3706,1.3841,1.3277,1.3384,829416.42,1126482.73,1.356024
1614369600000,1.3404,1.345,1.285,1.2935,897036.99,1180189.16,1.314648
1614376800000,1.2924,1.3227,1.2687,1.3192,1138584.94,1472183.2,1.295037
1614384000000,1.3192,1.3759,1.3086,1.3607,1252391.89,1688152.39,1.342492
1614391200000,1.3617,1.367,1.3267,1.3502,673008.28,906801.72,1.346661
1614398400000,1.353,1.3716,1.328,1.3699,644580.04,870741.67,1.349345
1614405600000,1.3699,1.3797,1.3306,1.3473,815658.62,1105026.21,1.354957
1614412800000,1.3478,1.3673,1.305,1.318,1394971.36,1851375.81,1.336347
1614420000000,1.3164,1.3947,1.3132,1.3923,1233018.35,1680842.23,1.353839
1614427200000,1.3883,1.3902,1.3483,1.3751,1597983.67,2186596.06,1.368933
1614434400000,1.3762,1.3817,1.3322,1.3386,722062.59,979900.56,1.356874
1614441600000,1.3388,1.3727,1.3333,1.3685,478881.14,649137.07,1.352892
1614448800000,1.3687,1.399,1.3687,1.3879,704543.85,978248.5,1.384469
1614456000000,1.3886,1.399,1.3547,1.3681,462891.29,639203.23,1.376765
1614463200000,1.3675,1.37,1.29,1.3328,986611.77,1308811.38,1.329005
1614470400000,1.3329,1.3448,1.3112,1.3272,650094.68,863561.96,1.327985
1614477600000,1.3276,1.3276,1.2344,1.2399,1646761.99,2096924.77,1.280218
1614484800000,1.2384,1.2679,1.2101,1.2269,1094604.11,1358007.87,1.239063
1614492000000,1.2259,1.2533,1.1959,1.2225,1273028.61,1551643.7,1.2246
1614499200000,1.2241,1.2599,1.2225,1.2451,507891.97,631809.32,1.241765
1614506400000,1.2441,1.2641,1.2293,1.2438,400344.72,498700.94,1.2467
1614513600000,1.2433,1.2576,1.1984,1.1985,528758.13,648026.52,1.229186
1614520800000,1.2001,1.2103,1.135,1.1474,1190504.38,1395623.7,1.172497
1614528000000,1.1481,1.1945,1.1324,1.1532,1672649.72,1938501.91,1.163472
1614535200000,1.1538,1.2177,1.1503,1.2144,941856.44,1110182.38,1.183975
1614542400000,1.2127,1.238,1.1952,1.2223,847416.02,1033623.49,1.216589
1614549600000,1.2237,1.2339,1.1874,1.2115,622724.87,757328.7,1.210528
1614556800000,1.2097,1.2779,1.2011,1.2681,1295855.84,1618860.61,1.239601
1614564000000,1.2682,1.2983,1.2665,1.2792,588703.42,753756.92,1.282668
1614571200000,1.2835,1.2897,1.2544,1.2578,697331.73,881589.14,1.272264
1614578400000,1.2578,1.2617,1.2272,1.2464,754057.29,936431.74,1.244235
1614585600000,1.2475,1.2961,1.2459,1.2928,867518.91,1110588.95,1.271217
1614592800000,1.2946,1.3047,1.2811,1.2912,910264.67,1177211.28,1.2929
1614600000000,1.2898,1.3277,1.2837,1.2932,866358.39,1132920.63,1.305721
1614607200000,1.2928,1.375,1.2847,1.3744,2465262.26,3294591.47,1.328888
1614614400000,1.3749,1.3842,1.3051,1.3073,2533456.7,3420818.3,1.345443
1614621600000,1.3076,1.3286,1.2894,1.3008,1339065.0,1750135.94,1.309036
1614628800000,1.3026,1.3293,1.2962,1.327,647262.98,849835.48,1.312428
1614636000000,1.3276,1.3617,1.3144,1.3565,915983.26,1228536.23,1.337638
1614643200000,1.3577,1.365,1.3131,1.3288,1109041.23,1481226.49,1.338697
1614650400000,1.3297,1.3745,1.3189,1.3684,1799881.25,2431168.39,1.346376
1614657600000,1.3695,1.3856,1.3395,1.3486,1627029.91,2216738.58,1.36274
1614664800000,1.3492,1.3662,1.32,1.3521,1085697.23,1459300.48,1.343093
1614672000000,1.3504,1.4212,1.35,1.4156,2136892.31,2983958.97,1.38629
1614679200000,1.4146,1.4307,1.387,1.4063,1123808.6,1585994.13,1.408835
1614686400000,1.4064,1.4278,1.3941,1.422,757354.41,1068807.33,1.410766
1614693600000,1.4234,1.427,1.3718,1.3863,1314098.08,1841335.27,1.398706
1614700800000,1.3864,1.4059,1.322,1.3415,1725030.95,2354720.48,1.36395
1614708000000,1.3425,1.3511,1.2844,1.3036,1383712.22,1822433.26,1.317257
1614715200000,1.3036,1.326,1.2812,1.3089,1124471.59,1466440.62,1.303591
1614722400000,1.3074,1.3671,1.3046,1.3617,735823.4,985138.69,1.336152
1614729600000,1.3614,1.3666,1.3362,1.3501,689145.62,932396.96,1.351244
1614736800000,1.3489,1.3571,1.3385,1.3505,463308.32,623908.34,1.347796
1614744000000,1.3496,1.3981,1.3493,1.3792,798677.67,1100726.35,1.374642
1614751200000,1.3793,1.4026,1.371,1.4021,755117.77,1048032.16,1.386216
1614758400000,1.4026,1.4834,1.4026,1.4646,3068034.72,4462620.66,1.444622
1614765600000,1.4665,1.47,1.4169,1.4327,913810.99,1319663.09,1.442757
1614772800000,1.4335,1.4544,1.4212,1.4266,1120746.18,1614127.75,1.437885
1614780000000,1.4266,1.427,1.3795,1.4211,1369585.6,1923448.48,1.403181
1614787200000,1.421,1.464,1.4194,1.4572,823995.43,1189500.35,1.442213
1614794400000,1.4592,1.5064,1.4451,1.4775,2212019.98,3276791.01,1.475919
1614801600000,1.478,1.5329,1.451,1.486,1633242.43,2437458.61,1.491974
1614808800000,1.4853,1.5078,1.4591,1.4635,784750.59,1162303.13,1.483927
1614816000000,1.4643,1.4981,1.4253,1.483,910750.82,1336158.87,1.4615
1614823200000,1.4825,1.4944,1.3971,1.3998,1534112.57,2211246.26,1.446764
1614830400000,1.4015,1.4394,1.3781,1.4339,1134119.24,1592463.94,1.408078
1614837600000,1.4339,1.4447,1.3949,1.4413,716882.83,1020922.84,1.419701
1614844800000,1.442,1.4559,1.3817,1.4023,964315.24,1364576.71,1.418542
1614852000000,1.4023,1.4187,1.39,1.4153,419658.21,590681.9,1.404109
1614859200000,1.4149,1.4483,1.4068,1.4482,754795.31,1076472.98,1.426783
1614866400000,1.4484,1.4757,1.4209,1.4348,1126783.78,1630362.32,1.448405
1614873600000,1.4369,1.4639,1.4,1.4038,795454.28,1144014.03,1.432784
1614880800000,1.4043,1.4059,1.3601,1.3856,768930.34,1065009.69,1.38248
1614888000000,1.3858,1.3999,1.3535,1.3785,573930.81,791594.45,1.376666
1614895200000,1.3774,1.3922,1.3623,1.3724,1167080.22,1607190.92,1.377267
1614902400000,1.3728,1.3741,1.2885,1.3038,1701255.63,2241159.94,1.329942
1614909600000,1.3039,1.3495,1.2913,1.3463,643217.5,849410.58,1.319681
1614916800000,1.3456,1.3506,1.3079,1.3505,1083796.36,1441461.16,1.329188
1614924000000,1.3499,1.3619,1.3345,1.3511,682981.59,921117.54,1.348199
1614931200000,1.3501,1.3521,1.302,1.3294,729786.29,966524.94,1.326484
1614938400000,1.3303,1.3486,1.3229,1.3472,160032.4,213717.78,1.335386
1614945600000,1.3472,1.3908,1.3277,1.3817,751991.05,1028466.34,1.35883
1614952800000,1.3813,1.3948,1.3401,1.3422,733451.62,1001173.46,1.368285
1614960000000,1.34,1.345,1.2979,1.3255,1010554.71,1335843.61,1.321176
1614967200000,1.3255,1.3448,1.3195,1.3384,622719.57,829481.89,1.332164
1614974400000,1.3395,1.36,1.3322,1.3532,374786.94,504901.11,1.346084
1614981600000,1.3543,1.3631,1.329,1.3389,531077.75,712893.09,1.34602
1614988800000,1.342,1.368,1.3364,1.3441,568190.9,768488.47,1.35221
1614996000000,1.345,1.3451,1.33,1.3328,135688.82,181174.6,1.337287
1615003200000,1.3362,1.3644,1.3226,1.3523,331232.34,443354.36,1.343471
1615010400000,1.3522,1.3806,1.3522,1.3709,402471.64,549638.97,1.36699
1615017600000,1.3712,1.4133,1.3404,1.3986,2806685.89,3909263.96,1.376555
1615024800000,1.3984,1.4077,1.358,1.3653,1256147.82,1733157.06,1.382975
1615032000000,1.3651,1.3714,1.3148,1.3266,939581.32,1254188.87,1.34274
1615039200000,1.3251,1.3447,1.3224,1.3271,376618.7,502021.72,1.333565
1615046400000,1.3277,1.3743,1.3225,1.3724,637097.98,863695.18,1.348023
1615053600000,1.374,1.3838,1.3543,1.359,552411.94,756631.88,1.369226
1615060800000,1.36,1.3645,1.3381,1.3414,563326.67,761279.59,1.351385
1615068000000,1.3414,1.38,1.3401,1.3703,482860.05,658946.1,1.360684
1615075200000,1.371,1.3991,1.3699,1.3891,996490.62,1384047.92,1.384973
1615082400000,1.3905,1.41,1.382,1.3824,589107.01,822721.94,1.396204
1615089600000,1.3814,1.3882,1.3649,1.3739,543960.14,748023.3,1.376521
1615096800000,1.3756,1.3943,1.3543,1.3915,709708.45,973941.51,1.37392
1615104000000,1.3915,1.4288,1.3854,1.4058,2118581.62,2988272.08,1.407336
1615111200000,1.4071,1.408,1.3764,1.3875,1171681.3,1630647.88,1.391657
1615118400000,1.3883,1.4143,1.3747,1.3983,971185.62,1354769.16,1.394519
1615125600000,1.3976,1.406,1.3741,1.3906,964616.7,1340201.89,1.390001
1615132800000,1.3906,1.4051,1.3882,1.403,522069.03,729737.31,1.396627
1615140000000,1.403,1.4033,1.3695,1.3766,621680.12,859657.25,1.385788
1615147200000,1.3743,1.3748,1.3532,1.372,656656.66,894680.64,1.363974
1615154400000,1.3708,1.4255,1.3685,1.4204,1287923.91,1793276.56,1.397327
1615161600000,1.4203,1.4747,1.4203,1.4365,4725800.44,6853915.66,1.447933
1615168800000,1.4359,1.4424,1.395,1.4115,839540.66,1186207.81,1.418345
1615176000000,1.4127,1.4272,1.4021,1.4245,570035.7,806534.41,1.414419
1615183200000,1.4245,1.4299,1.3615,1.3735,1210101.35,1680927.91,1.395167
1615190400000,1.375,1.3872,1.3646,1.3727,786255.22,1078523.38,1.375905
1615197600000,1.3727,1.4012,1.3678,1.3975,710933.38,985428.92,1.384404
1615204800000,1.397,1.4041,1.378,1.4029,738163.73,1026025.36,1.390935
1615212000000,1.403,1.412,1.3882,1.4053,938998.48,1315126.93,1.400091
1615219200000,1.4078,1.4113,1.387,1.3978,555462.98,776238.58,1.398989
1615226400000,1.399,1.4198,1.3963,1.4158,742816.58,1047123.32,1.408145
1615233600000,1.4158,1.4178,1.4035,1.4041,481189.4,678402.43,1.410791
1615240800000,1.405,1.4267,1.3881,1.4198,677822.02,953208.58,1.407209
1615248000000,1.4223,1.4263,1.3911,1.4054,986219.93,1385250.03,1.408385
1615255200000,1.4066,1.4215,1.3995,1.4178,907917.39,1282636.75,1.410382
1615262400000,1.4181,1.425,1.4067,1.4249,821936.73,1162194.98,1.415648
1615269600000,1.425,1.4284,1.408,1.4087,657825.88,931627.69,1.418456
1615276800000,1.41,1.4376,1.408,1.4323,846393.31,1206348.11,1.423073
1615284000000,1.4317,1.4456,1.4167,1.4393,959568.98,1375448.18,1.431073
1615291200000,1.4404,1.4408,1.4078,1.4358,663313.97,943624.82,1.424233
1615298400000,1.4363,1.4423,1.4174,1.4349,799711.53,1144094.95,1.429845
1615305600000,1.435,1.47,1.4153,1.435,1458585.85,2108452.43,1.44265
1615312800000,1.4343,1.4615,1.4265,1.4504,886741.19,1276957.53,1.444092
1615320000000,1.4511,1.4659,1.4301,1.4595,800520.54,1165039.95,1.447898
1615327200000,1.4598,1.4757,1.4504,1.4757,563653.41,823971.15,1.462535
1615334400000,1.4756,1.487,1.4088,1.4143,1788622.9,2591839.8,1.448435
1615341600000,1.4143,1.4143,1.3564,1.3835,1242803.28,1723570.0,1.384318
1615348800000,1.3831,1.4024,1.3725,1.4008,527121.01,733973.31,1.387018
1615356000000,1.4013,1.42,1.387,1.4151,716116.66,1005423.7,1.403285
1615363200000,1.4151,1.421,1.4033,1.415,475969.29,673059.86,1.41215
1615370400000,1.4154,1.4254,1.3962,1.423,1321287.11,1864646.75,1.410655
1615377600000,1.4243,1.4469,1.4184,1.4269,1224104.21,1753168.69,1.432665
1615384800000,1.4265,1.4594,1.42,1.4327,991019.01,1426805.38,1.439763
1615392000000,1.4336,1.4377,1.4201,1.435,601518.04,860104.08,1.428891
1615399200000,1.4372,1.4379,1.4039,1.4039,741924.25,1055879.23,1.42101
1615406400000,1.4046,1.4087,1.3642,1.3928,972895.84,1348654.92,1.386231
1615413600000,1.3948,1.4074,1.3806,1.3933,762962.47,1063795.17,1.394
1615420800000,1.3934,1.4049,1.3519,1.3713,997618.34,1370622.28,1.37822
1615428000000,1.3704,1.3824,1.3657,1.3815,368462.61,506501.17,1.373814
1615435200000,1.3796,1.3848,1.3616,1.3663,330024.82,452728.33,1.373222
1615442400000,1.366,1.3802,1.3583,1.3583,481048.1,659519.73,1.369476
1615449600000,1.3608,1.3666,1.3287,1.349,1091559.42,1469217.61,1.34747
1615456800000,1.3499,1.3722,1.3462,1.3686,364557.34,497184.95,1.359193
1615464000000,1.3705,1.406,1.3658,1.4036,644835.4,894089.25,1.385665
1615471200000,1.4036,1.4062,1.3621,1.3723,789532.8,1096505.25,1.383602
1615478400000,1.3733,1.3848,1.3688,1.3826,573560.42,790115.77,1.376694
1615485600000,1.3827,1.3977,1.3637,1.3684,626950.26,865876.26,1.380938
1615492800000,1.3656,1.4,1.3641,1.3767,788135.8,1090495.22,1.382317
1615500000000,1.3773,1.3848,1.3711,1.3743,518652.36,714708.33,1.377976
1615507200000,1.3745,1.3844,1.3443,1.37,781779.26,1065876.31,1.364325
1615514400000,1.3688,1.3797,1.3624,1.3724,429350.67,589125.87,1.371055
1615521600000,1.3725,1.3756,1.3515,1.3721,644852.92,878863.39,1.363549
1615528800000,1.374,1.3826,1.35,1.3608,583621.3,798377.61,1.366253
1615536000000,1.3609,1.3911,1.3578,1.3736,905083.75,1246400.4,1.374722
1615543200000,1.3728,1.3795,1.3391,1.3644,815407.8,1111528.65,1.359198
1615550400000,1.3636,1.3706,1.2926,1.3314,1279214.65,1694753.37,1.330892
1615557600000,1.3301,1.3516,1.317,1.3515,430575.97,574283.85,1.333613
1615564800000,1.3491,1.3571,1.333,1.3369,296991.21,400007.08,1.34519
1615572000000,1.3355,1.346,1.3124,1.3157,351637.4,467999.91,1.329542
1615579200000,1.3159,1.3666,1.3001,1.3263,1153042.13,1537561.82,1.333425
1615586400000,1.3266,1.3441,1.3245,1.3396,364266.89,486344.92,1.334448
1615593600000,1.3402,1.3402,1.2872,1.304,561879.96,733365.1,1.312591
1615600800000,1.304,1.3227,1.2933,1.3146,353301.86,463891.91,1.307956
1615608000000,1.3159,1.3348,1.3077,1.3325,344741.04,456240.83,1.320945
1615615200000,1.3337,1.3473,1.3258,1.3458,313789.5,419133.7,1.336275
1615622400000,1.3459,1.3653,1.3446,1.3639,461354.11,624742.94,1.354962
1615629600000,1.3643,1.4007,1.3503,1.387,1084409.4,1492442.07,1.375492
1615636800000,1.3873,1.3984,1.3711,1.3781,595139.52,823913.15,1.38481
1615644000000,1.3787,1.4061,1.3747,1.4051,754376.25,1047075.97,1.390078
1615651200000,1.4046,1.4213,1.3872,1.4099,995100.85,1400142.34,1.404232
1615658400000,1.4095,1.4217,1.4029,1.4095,740335.85,1044374.14,1.4123
1615665600000,1.4095,1.4218,1.3901,1.3916,544202.64,767209.67,1.406418
1615672800000,1.3916,1.3975,1.3629,1.393,719362.97,995077.72,1.380195
1615680000000,1.3936,1.4,1.3483,1.368,817608.93,1123069.32,1.373716
1615687200000,1.3678,1.3841,1.3654,1.3794,239815.88,330373.5,1.374872
1615694400000,1.3797,1.38,1.3645,1.3717,553394.76,760000.29,1.372004
1615701600000,1.3715,1.3738,1.3511,1.3575,613276.61,835126.62,1.362235
1615708800000,1.3575,1.3784,1.3575,1.3744,286518.43,392327.23,1.368341
1615716000000,1.3751,1.3777,1.2992,1.3313,2636930.92,3480717.93,1.337205
1615723200000,1.3313,1.3476,1.3164,1.3264,712304.79,949502.24,1.33202
1615730400000,1.3258,1.3437,1.321,1.3257,375840.27,501236.34,1.33235
1615737600000,1.327,1.345,1.3115,1.3368,406028.67,539990.96,1.32817
1615744800000,1.3371,1.348,1.3295,1.3394,347148.75,464404.71,1.338752
1615752000000,1.3394,1.352,1.3312,1.3402,249245.9,334182.8,1.341601
1615759200000,1.3402,1.3742,1.3247,1.3247,656878.98,888983.11,1.349877
1615766400000,1.3256,1.3511,1.3194,1.3472,459544.85,615835.63,1.335099
1615773600000,1.3492,1.3742,1.3484,1.3699,821018.98,1121379.15,1.361636
1615780800000,1.3702,1.3745,1.3272,1.3275,485354.55,655710.1,1.351362
1615788000000,1.3275,1.3389,1.2865,1.3184,1310948.14,1719211.79,1.312622
1615795200000,1.318,1.3308,1.255,1.2849,1647039.89,2131736.54,1.292472
1615802400000,1.2842,1.3297,1.2781,1.3147,1137124.09,1492849.02,1.304326
1615809600000,1.3136,1.3419,1.2948,1.3364,762107.14,1003853.29,1.317936
1615816800000,1.3355,1.3683,1.3264,1.3265,891065.9,1202078.67,1.347541
1615824000000,1.3268,1.3468,1.3118,1.3447,506138.92,671784.15,1.328849
1615831200000,1.3459,1.3575,1.3354,1.348,564742.42,762374.48,1.346449
1615838400000,1.3474,1.3724,1.3449,1.363,519668.62,705267.24,1.358952
1615845600000,1.3622,1.3653,1.3236,1.3282,637216.14,853325.1,1.344301
1615852800000,1.3285,1.3477,1.2774,1.311,971783.32,1272461.4,1.312437
1615860000000,1.311,1.3157,1.2865,1.301,505340.38,657391.41,1.300952
1615867200000,1.3005,1.3197,1.2908,1.3117,620153.02,810245.24,1.305217
1615874400000,1.3118,1.3443,1.2903,1.3419,857684.93,1140260.84,1.316496
1615881600000,1.341,1.3491,1.3345,1.3439,371980.44,499649.78,1.341794
1615888800000,1.3451,1.3532,1.3126,1.3178,450166.56,599346.05,1.333085
1615896000000,1.318,1.3386,1.3037,1.3385,489877.79,647137.3,1.32048
1615903200000,1.3385,1.371,1.3378,1.3692,1154660.16,1568175.32,1.35455
1615910400000,1.3693,1.3755,1.3191,1.3398,876469.07,1182944.24,1.346768
1615917600000,1.3405,1.4145,1.3395,1.4014,1304696.75,1794695.41,1.378194
1615924800000,1.4014,1.4262,1.3739,1.4262,1798509.01,2508756.07,1.399231
1615932000000,1.426,1.4452,1.4037,1.43,2542534.02,3625639.37,1.424442
1615939200000,1.4302,1.4359,1.3727,1.3862,1337217.37,1862170.48,1.403762
1615946400000,1.3862,1.3894,1.3656,1.3691,880098.87,1211858.21,1.377478
1615953600000,1.3687,1.3886,1.3623,1.3841,776944.77,1068107.54,1.375361
1615960800000,1.3841,1.4157,1.3829,1.3911,1449588.08,2035019.87,1.399435
1615968000000,1.3914,1.4005,1.3356,1.3533,1279350.27,1751824.47,1.367645
1615975200000,1.353,1.38,1.3419,1.3514,814673.58,1111369.34,1.360954
1615982400000,1.3514,1.3872,1.3279,1.3783,1084354.04,1477894.79,1.357154
1615989600000,1.3784,1.4063,1.3742,1.3934,867419.26,1207142.25,1.390501
1615996800000,1.3935,1.4076,1.39,1.4009,744982.73,1042898.84,1.398874
1616004000000,1.4012,1.4359,1.4012,1.4181,1177347.05,1675713.07,1.419111
1616011200000,1.4181,1.4246,1.4004,1.4236,703640.71,993225.06,1.412391
1616018400000,1.4226,1.4478,1.4136,1.4469,1038648.85,1487279.86,1.430115
1616025600000,1.4457,1.5489,1.416,1.5419,3361583.42,4977937.75,1.480739
1616032800000,1.5431,1.7,1.5201,1.6273,8242360.07,13334806.34,1.61149
1616040000000,1.6273,1.6354,1.5625,1.588,4095670.36,6551894.31,1.598268
1616047200000,1.588,1.6091,1.5398,1.5617,2787158.29,4379075.61,1.574435
1616054400000,1.5604,1.665,1.5592,1.6443,4298654.93,6974736.02,1.613919
1616061600000,1.6444,1.674,1.61,1.6204,2057845.29,3376147.75,1.64235
1616068800000,1.6204,1.68,1.5694,1.6606,3652689.88,5953532.87,1.62416
1616076000000,1.6581,1.7469,1.6429,1.6867,5310746.53,9012195.01,1.695334
1616083200000,1.6866,1.6923,1.6149,1.6242,1817515.94,2990102.16,1.653251
1616090400000,1.6243,1.6309,1.5513,1.552,1989161.97,3157352.8,1.591867
1616097600000,1.5525,1.5864,1.5447,1.5635,1282334.37,2011659.06,1.565684
1616104800000,1.5634,1.5658,1.4999,1.5162,2172120.8,3318687.96,1.531828
1616112000000,1.5147,1.5261,1.4494,1.5219,2717449.97,4048561.54,1.487683
1616119200000,1.5212,1.5255,1.476,1.5208,2001702.47,3005446.29,1.50075
1616126400000,1.5226,1.5347,1.5,1.5279,1281650.65,1943122.34,1.517304
1616133600000,1.5292,1.5461,1.5169,1.5191,1053481.46,1613854.89,1.531727
1616140800000,1.5221,1.5352,1.5001,1.5033,1130504.43,1718293.44,1.518032
1616148000000,1.5036,1.575,1.5016,1.5635,1579321.51,2437507.88,1.539249
1616155200000,1.5636,1.5763,1.5321,1.5454,1348101.67,2094032.41,1.554187
1616162400000,1.5454,1.6447,1.5425,1.6319,2807917.82,4480537.27,1.59468
1616169600000,1.6304,1.6537,1.5727,1.5836,1832021.08,2954447.09,1.613765
1616176800000,1.5834,1.6228,1.58,1.6218,913611.56,1457083.32,1.601098
1616184000000,1.6217,1.6238,1.5608,1.5815,1007926.59,1599532.85,1.591246
1616191200000,1.5819,1.5947,1.5527,1.5586,761622.36,1195466.3,1.573988
1616198400000,1.5586,1.6077,1.5531,1.5728,1041433.66,1649219.34,1.580653
1616205600000,1.5713,1.5866,1.5255,1.5365,1572356.99,2435170.07,1.55624
1616212800000,1.5365,1.5628,1.5313,1.5547,1002944.76,1547720.18,1.547182
1616220000000,1.5547,1.5893,1.5508,1.5661,742455.15,1166934.41,1.570266
1616227200000,1.5662,1.599,1.5634,1.5891,819870.11,1298119.15,1.58161
1616234400000,1.589,1.6267,1.5811,1.6153,1268623.35,2037098.09,1.604059
1616241600000,1.6153,1.6161,1.5652,1.5694,1017445.82,1620689.35,1.590216
1616248800000,1.5694,1.5939,1.55,1.5901,1339966.4,2102810.3,1.571491
1616256000000,1.591,1.5995,1.5443,1.547,684072.35,1067906.95,1.572448
1616263200000,1.5464,1.5735,1.5418,1.5677,507014.9,789773.92,1.557726
1616270400000,1.5661,1.5686,1.5196,1.5393,911696.53,1399136.97,1.543405
1616277600000,1.5388,1.553,1.4871,1.5,1382017.13,2096827.11,1.520112
1616284800000,1.5,1.525,1.4775,1.501,1645741.86,2483481.96,1.50125
1616292000000,1.5004,1.5019,1.459,1.4874,1213099.07,1796562.3,1.480134
1616299200000,1.4862,1.487,1.4465,1.4629,1282505.28,1879989.69,1.466046
1616306400000,1.4629,1.4991,1.4526,1.4835,953041.05,1412918.38,1.475987
1616313600000,1.483,1.4966,1.4498,1.454,940732.73,1391980.62,1.473699
1616320800000,1.4532,1.471,1.4251,1.442,1015919.48,1467069.75,1.448057
1616328000000,1.4421,1.4797,1.4119,1.4713,968661.31,1400580.07,1.44527
1616335200000,1.4711,1.4859,1.4674,1.4707,477942.5,705732.59,1.476651
1616342400000,1.471,1.486,1.4587,1.4708,517215.96,760403.75,1.47235
1616349600000,1.4708,1.4904,1.4685,1.4815,377420.1,559132.98,1.479659
1616356800000,1.4815,1.4866,1.4677,1.48,364052.22,537122.06,1.477144
1616364000000,1.48,1.4829,1.453,1.458,298121.38,436683.43,1.467786
1616371200000,1.4579,1.4606,1.4242,1.4484,673158.67,970814.55,1.442214
1616378400000,1.4479,1.5376,1.4465,1.5161,1719084.01,2588988.16,1.493688
1616385600000,1.5171,1.571,1.5147,1.5591,1656626.44,2552784.86,1.543618
1616392800000,1.5592,1.5719,1.5253,1.5672,803285.92,1245865.8,1.548492
1616400000000,1.5679,1.5697,1.504,1.5342,1074530.77,1648376.46,1.53585
1616407200000,1.5336,1.5579,1.5275,1.5499,589033.46,910144.9,1.542774
1616414400000,1.548,1.5552,1.4916,1.5129,1159180.6,1765899.4,1.522819
1616421600000,1.5112,1.5489,1.5075,1.5326,766671.45,1172015.76,1.528651
1616428800000,1.5345,1.5402,1.4877,1.5021,1358310.88,2051486.63,1.513492
1616436000000,1.5014,1.5048,1.4549,1.4601,823132.05,1216866.02,1.479664
1616443200000,1.4598,1.468,1.3907,1.4227,1357704.54,1928717.99,1.428623
1616450400000,1.4224,1.4371,1.3946,1.417,575698.17,816676.74,1.415834
1616457600000,1.417,1.4572,1.3986,1.4523,1040580.13,1489168.48,1.427227
1616464800000,1.452,1.4535,1.408,1.4211,670873.02,956363.2,1.429994
1616472000000,1.4212,1.4312,1.365,1.3837,1235216.02,1721733.72,1.397721
1616479200000,1.3858,1.4031,1.35,1.401,1078135.5,1482725.51,1.376198
1616486400000,1.3982,1.4097,1.3783,1.3993,670900.4,938559.17,1.393999
1616493600000,1.3998,1.4154,1.3628,1.3731,691432.67,963086.84,1.389282
1616500800000,1.372,1.4387,1.3713,1.4223,533352.61,753975.86,1.40627
1616508000000,1.4221,1.5001,1.4181,1.4814,1794916.55,2638064.07,1.460206
1616515200000,1.4811,1.5029,1.464,1.4805,932329.1,1382521.51,1.48345
1616522400000,1.4817,1.5322,1.4681,1.4826,1364106.69,2040963.76,1.500151
1616529600000,1.4826,1.4877,1.434,1.4621,561679.96,819855.01,1.460415
1616536800000,1.4623,1.512,1.4586,1.498,714647.42,1062109.7,1.485948
1616544000000,1.4948,1.5195,1.4426,1.4792,1478049.63,2184492.29,1.480988
1616551200000,1.4782,1.5537,1.4735,1.5408,1851411.59,2823707.61,1.514337
1616558400000,1.5414,1.5475,1.4894,1.5013,1325876.9,2009808.48,1.518058
1616565600000,1.5021,1.5369,1.4856,1.5218,1236226.98,1872852.96,1.511223
1616572800000,1.5224,1.5736,1.5219,1.5483,1323076.77,2049406.92,1.54858
1616580000000,1.548,1.5866,1.5205,1.5654,1523007.09,2368241.41,1.553494
1616587200000,1.5642,1.5885,1.5482,1.553,1283622.48,2012125.97,1.568542
1616594400000,1.5527,1.5944,1.5445,1.5868,1650816.56,2599148.24,1.56941
1616601600000,1.5868,1.61,1.5428,1.5444,1301343.47,2053465.89,1.577594
1616608800000,1.5441,1.5525,1.473,1.4739,890339.51,1350362.06,1.513658
1616616000000,1.4736,1.4907,1.4309,1.4517,1100448.64,1607133.5,1.460736
1616623200000,1.4503,1.4525,1.3161,1.3704,2231419.47,3077792.02,1.381856
1616630400000,1.37,1.3998,1.2943,1.2969,2635509.35,3550330.37,1.348905
1616637600000,1.2969,1.3224,1.2814,1.3052,3850751.27,5008749.37,1.301909
1616644800000,1.3062,1.3455,1.2843,1.3423,1102141.66,1452969.69,1.314009
1616652000000,1.3423,1.3591,1.295,1.2967,1076227.43,1437063.76,1.328144
1616659200000,1.2994,1.3594,1.2931,1.3547,797266.98,1063241.69,1.326082
1616666400000,1.3548,1.3689,1.327,1.3292,827781.99,1118280.07,1.348562
1616673600000,1.3272,1.3376,1.26,1.3098,1825711.18,2363523.73,1.298549
1616680800000,1.3099,1.3356,1.2876,1.2943,745075.71,975269.48,1.311858
1616688000000,1.2943,1.3413,1.275,1.3325,995762.27,1311927.77,1.307675
1616695200000,1.3305,1.3651,1.3304,1.3425,436883.95,587829.26,1.348097
1616702400000,1.3432,1.356,1.335,1.3442,302684.2,406648.98,1.345501
1616709600000,1.3448,1.3499,1.3046,1.3095,605354.77,803694.62,1.327268
1616716800000,1.3098,1.3547,1.3086,1.349,513440.58,686634.23,1.332146
1616724000000,1.3491,1.3656,1.3293,1.3557,445194.87,600306.07,1.347409
1616731200000,1.3557,1.3696,1.3443,1.3672,240396.18,326546.4,1.356705
1616738400000,1.3675,1.38,1.3541,1.3781,319152.15,436497.31,1.366799
1616745600000,1.3786,1.3828,1.3591,1.3629,403455.3,554148.08,1.370975
1616752800000,1.3614,1.3749,1.3496,1.366,496379.66,676669.8,1.362238
1616760000000,1.3674,1.3936,1.3565,1.3871,497878.28,686883.24,1.374883
1616767200000,1.3865,1.3959,1.3658,1.3719,455830.02,629594.08,1.380953
1616774400000,1.3729,1.396,1.3546,1.3842,648313.68,894159.95,1.375238
1616781600000,1.3837,1.3864,1.3553,1.3697,312633.82,427556.75,1.370538
1616788800000,1.3688,1.3886,1.3638,1.3886,316625.73,436042.39,1.375726
1616796000000,1.389,1.3921,1.3715,1.3873,451745.03,624644.49,1.381789
1616803200000,1.3881,1.4044,1.3778,1.3817,558518.34,777500.06,1.391191
1616810400000,1.3819,1.4355,1.3799,1.4335,1464568.67,2072555.35,1.4077
1616817600000,1.4336,1.4396,1.4023,1.4188,1197142.37,1698624.09,1.420735
1616824800000,1.418,1.4202,1.3937,1.4059,341425.28,481238.25,1.406675
1616832000000,1.4069,1.4249,1.3797,1.411,1320117.12,1852699.09,1.402286
1616839200000,1.411,1.4145,1.3641,1.3824,596907.63,827574.72,1.388652
1616846400000,1.3801,1.3927,1.3501,1.3867,764358.97,1046466.39,1.371328
1616853600000,1.3857,1.3928,1.366,1.3871,554979.27,766821.37,1.379395
1616860800000,1.3873,1.4291,1.3873,1.4108,953250.52,1346249.8,1.408985
1616868000000,1.4116,1.4172,1.4,1.4024,229467.77,322910.41,1.408723
1616875200000,1.4043,1.4187,1.3925,1.4139,287488.34,402993.49,1.405478
1616882400000,1.4151,1.429,1.4001,1.4158,520531.07,734953.1,1.41455
1616889600000,1.4164,1.4406,1.3842,1.4326,1060074.61,1498685.68,1.412145
1616896800000,1.4324,1.4625,1.4272,1.4531,1100965.24,1591540.52,1.445048
1616904000000,1.4532,1.4585,1.4404,1.4525,559506.85,811174.62,1.449449
1616911200000,1.4533,1.4649,1.4311,1.4499,576129.06,834784.35,1.447991
1616918400000,1.4496,1.4793,1.44,1.449,615235.97,899440.21,1.459651
1616925600000,1.4508,1.4594,1.433,1.4359,475212.32,685551.1,1.446447
1616932800000,1.4359,1.4611,1.4152,1.4509,743359.61,1066783.65,1.438006
1616940000000,1.4508,1.4702,1.4345,1.462,764955.19,1113623.65,1.452248
1616947200000,1.4637,1.4829,1.4428,1.4553,949046.26,1390224.46,1.462887
1616954400000,1.4553,1.457,1.4026,1.4305,1047361.3,1495653.88,1.429082
1616961600000,1.4298,1.4493,1.4163,1.4427,389699.48,557448.72,1.432663
1616968800000,1.4428,1.4542,1.4307,1.4542,618985.52,891108.77,1.442072
1616976000000,1.4537,1.523,1.449,1.4739,2614859.11,3899298.17,1.486421
1616983200000,1.4739,1.4927,1.4702,1.4858,383232.29,567390.71,1.48157
1616990400000,1.4893,1.4921,1.4501,1.4603,662973.75,970972.68,1.470599
1616997600000,1.4593,1.4892,1.4591,1.4832,373605.21,551279.62,1.474693
1617004800000,1.4835,1.5135,1.4819,1.512,671505.84,1006533.13,1.497687
1617012000000,1.5132,1.5382,1.5078,1.5177,787825.06,1196855.05,1.523042
1617019200000,1.52,1.5454,1.5147,1.5351,820593.6,1255800.97,1.530211
1617026400000,1.5349,1.56,1.4933,1.527,1875962.03,2870636.86,1.526635
1617033600000,1.5264,1.5663,1.5118,1.554,1113431.9,1720222.88,1.538971
1617040800000,1.554,1.5906,1.5177,1.5205,1339158.5,2081531.39,1.555092
1617048000000,1.5213,1.5532,1.516,1.5367,565429.57,865318.74,1.534851
1617055200000,1.536,1.6067,1.5345,1.5948,1897755.31,2993204.94,1.571634
1617062400000,1.5959,1.6149,1.5532,1.5841,1639852.45,2600203.71,1.583995
1617069600000,1.5841,1.5999,1.5583,1.5787,1013699.86,1594057.54,1.57909
1617076800000,1.5766,1.645,1.5624,1.6356,1682509.7,2714828.93,1.603349
1617084000000,1.6342,1.6588,1.6018,1.6462,1454607.04,2364353.32,1.630189
1617091200000,1.6453,1.7,1.6219,1.685,2144837.71,3570124.89,1.66066
1617098400000,1.685,1.7305,1.6551,1.688,2538838.63,4301376.98,1.692802
1617105600000,1.688,1.7314,1.6602,1.6668,1652829.26,2788997.14,1.696217
1617112800000,1.6672,1.8283,1.6611,1.7954,6872258.3,12069612.84,1.747009
1617120000000,1.797,1.864,1.7484,1.7657,4828092.9,8734985.22,1.806664
1617127200000,1.7658,1.8333,1.7439,1.8317,2443915.42,4344849.29,1.787004
1617134400000,1.831,1.89,1.8201,1.8776,4177541.15,7758206.71,1.855144
1617141600000,1.878,1.9238,1.8408,1.8486,2878009.47,5424559.62,1.882915
1617148800000,1.8487,2.0061,1.8476,1.8709,5687983.66,11032922.78,1.92718
1617156000000,1.8706,1.9095,1.758,1.8022,3468439.79,6352343.15,1.833608
1617163200000,1.8001,1.8789,1.7717,1.8474,3232666.59,5880475.62,1.825379
1617170400000,1.8495,1.9269,1.8154,1.8254,3056136.13,5743371.56,1.871548
1617177600000,1.8254,1.8457,1.7516,1.8234,3084786.22,5547896.46,1.798647
1617184800000,1.8225,1.833,1.7618,1.8165,1463872.98,2634085.39,1.797361
1617192000000,1.8164,1.9342,1.7883,1.8844,2577717.23,4820730.45,1.861873
1617199200000,1.8844,1.9999,1.882,1.9137,4575192.7,8903448.38,1.941607
1617206400000,1.9141,1.9817,1.8777,1.891,2361223.65,4559997.3,1.930039
1617213600000,1.8925,1.8956,1.8466,1.8586,1560013.16,2917425.2,1.870495
1617220800000,1.8596,1.9575,1.8552,1.9109,1737358.68,3317522.63,1.907765
1617228000000,1.9109,1.9112,1.8582,1.8818,805739.94,1515419.1,1.88375
1617235200000,1.8822,1.95,1.8357,1.8779,1721066.77,3245912.45,1.892855
1617242400000,1.8765,1.9093,1.858,1.8679,973321.25,1830564.04,1.883731
1617249600000,1.8693,1.9238,1.8393,1.9215,1276109.63,2409907.51,1.880089
1617256800000,1.9214,2.1001,1.9112,2.0672,6049461.7,12158193.15,2.007636
1617264000000,2.0686,2.0789,1.9975,2.0244,4004417.0,8116759.98,2.03754
1617271200000,2.023,2.0593,1.9442,2.0069,2624934.42,5244440.53,2.001685
1617278400000,2.0061,2.0146,1.9634,2.0066,1628869.86,3240007.36,1.989
1617285600000,2.0059,2.0059,1.9457,1.9485,1428272.3,2819838.04,1.975388
1617292800000,1.9494,1.9638,1.8771,1.9004,1371318.39,2636724.93,1.920064
1617300000000,1.9003,1.9262,1.8406,1.9016,2235588.7,4202869.34,1.883399
1617307200000,1.9018,1.9296,1.8679,1.8898,1170203.18,2218652.16,1.898778
1617314400000,1.8898,1.9965,1.8856,1.964,1985431.64,3860022.08,1.942833
1617321600000,1.9626,1.9912,1.8783,1.938,1535319.84,2958473.33,1.934563
1617328800000,1.9396,1.94,1.8829,1.8902,659475.95,1261786.37,1.910656
1617336000000,1.8896,1.9076,1.8807,1.8937,888791.97,1682720.88,1.894165
1617343200000,1.8937,1.9128,1.88,1.9023,974969.52,1848854.62,1.896372
1617350400000,1.9,1.9891,1.9,1.9179,1698235.27,3308700.42,1.944913
1617357600000,1.9195,2.0403,1.9122,1.9999,2566607.54,5094118.64,1.978058
1617364800000,1.9999,2.01,1.9163,1.94,1766959.88,3480454.82,1.962376
1617372000000,1.9407,1.9948,1.9368,1.957,970929.31,1913614.96,1.966141
1617379200000,1.9582,1.9734,1.932,1.9351,792489.96,1543865.55,1.953211
1617386400000,1.9361,1.962,1.918,1.9541,751331.73,1457130.46,1.939777
1617393600000,1.9543,1.9614,1.9211,1.9335,790181.17,1532971.16,1.941061
1617400800000,1.9339,1.9881,1.9284,1.9601,639195.0,1253581.53,1.958819
1617408000000,1.96,1.9622,1.8829,1.8977,1222955.48,2353640.57,1.921401
1617415200000,1.8994,1.9195,1.8876,1.8909,674727.24,1281197.64,1.903702
1617422400000,1.8918,1.9081,1.8762,1.9009,746081.38,1410284.6,1.892063
1617429600000,1.9028,1.9174,1.8825,1.8966,668470.97,1271151.04,1.899952
1617436800000,1.8954,1.9128,1.8472,1.8764,1105959.4,2076260.27,1.879874
1617444000000,1.8746,1.8897,1.8612,1.8774,812171.69,1522949.98,1.875449
1617451200000,1.8774,1.9531,1.8769,1.9116,1648221.85,3168645.95,1.916087
1617458400000,1.9134,1.918,1.8601,1.8617,1181125.29,2238108.98,1.889423
1617465600000,1.865,1.8839,1.7961,1.8005,1392622.46,2557480.7,1.841131
1617472800000,1.8003,1.8359,1.7469,1.8317,1504324.74,2700470.05,1.79061
1617480000000,1.834,1.8342,1.7343,1.7545,1161946.2,2071318.62,1.782369
1617487200000,1.7541,1.7769,1.7131,1.7262,1185405.39,2067732.88,1.745244
1617494400000,1.7237,1.7645,1.6917,1.7627,1325811.07,2289272.62,1.726933
1617501600000,1.7618,1.7905,1.7471,1.7638,723379.58,1281163.39,1.768803
1617508800000,1.7619,1.7688,1.7283,1.7465,564046.33,985166.06,1.748338
1617516000000,1.7431,1.763,1.7221,1.7548,1068468.53,1861723.37,1.742416
1617523200000,1.7582,1.8062,1.7564,1.7972,1011854.26,1808739.71,1.781952
1617530400000,1.7988,1.8234,1.7566,1.762,762113.33,1367751.92,1.790788
1617537600000,1.7621,1.8222,1.7482,1.7862,1171201.95,2098942.35,1.785501
1617544800000,1.7874,1.8097,1.7731,1.7775,614179.1,1102150.29,1.791567
1617552000000,1.7789,1.8673,1.772,1.8461,1354495.36,2479164.85,1.820665
1617559200000,1.846,1.8597,1.8141,1.8328,827389.72,1519586.89,1.836847
1617566400000,1.8331,1.8609,1.8171,1.8323,856205.49,1572974.35,1.839001
1617573600000,1.8323,1.8511,1.8143,1.835,634296.29,1162976.5,1.832699
1617580800000,1.8349,1.8668,1.7905,1.8447,1116377.93,2045599.47,1.828604
1617588000000,1.8461,1.8461,1.7859,1.7923,452521.69,819328.62,1.815202
1617595200000,1.794,1.8036,1.7356,1.7455,1098327.37,1944282.73,1.769578
1617602400000,1.7454,1.7595,1.73,1.755,1141632.04,1993879.59,1.744602
1617609600000,1.7565,1.7919,1.735,1.7875,739164.89,1305362.84,1.762765
1617616800000,1.7886,1.8371,1.7848,1.8111,886679.07,1603496.46,1.811489
1617624000000,1.8108,1.8191,1.7636,1.7951,809774.13,1449584.97,1.791113
1617631200000,1.7951,1.8446,1.7939,1.826,1074607.96,1952244.97,1.820141
1617638400000,1.8261,1.85,1.8031,1.8483,892522.18,1629411.67,1.825918
1617645600000,1.8497,1.86,1.8192,1.8409,904928.49,1665667.45,1.839533
1617652800000,1.8427,1.8484,1.796,1.8002,915858.67,1671275.09,1.822348
1617660000000,1.8,1.8075,1.7686,1.8058,904165.41,1615160.24,1.787967
1617667200000,1.8028,1.8121,1.7439,1.7549,1003900.67,1781098.46,1.77788
1617674400000,1.7569,1.7678,1.7458,1.7599,559579.98,982949.42,1.756793
1617681600000,1.7591,1.7952,1.7537,1.7855,517551.96,917853.25,1.774692
1617688800000,1.7855,1.795,1.7663,1.7737,657706.82,1172453.07,1.780696
1617696000000,1.7737,1.8361,1.7676,1.8344,1191269.96,2148382.03,1.801313
1617703200000,1.8344,1.8454,1.7684,1.8054,1390071.01,2518259.59,1.806422
1617710400000,1.804,1.9441,1.8,1.8663,3541129.8,6681246.36,1.873859
1617717600000,1.8664,1.8819,1.7713,1.8074,2760090.17,5027751.69,1.825811
1617724800000,1.8073,1.8721,1.8022,1.8663,1049687.99,1934912.84,1.837226
1617732000000,1.8681,1.8709,1.8314,1.869,891394.88,1648035.8,1.851148
1617739200000,1.8691,1.8936,1.8331,1.8653,1075126.79,2009933.28,1.863346
1617746400000,1.8681,1.935,1.8423,1.9261,950544.56,1804572.78,1.887733
1617753600000,1.9271,1.9471,1.814,1.8236,1746535.72,3257981.89,1.881476
1617760800000,1.8238,1.8622,1.818,1.832,898042.12,1657715.82,1.840206
1617768000000,1.8322,1.8698,1.7869,1.8645,1354241.03,2474448.99,1.827561
1617775200000,1.8645,1.889,1.7634,1.7976,2181133.33,3957971.11,1.82583
1617782400000,1.7993,1.8145,1.6937,1.7279,2449787.69,4285074.53,1.753191
1617789600000,1.7301,1.75,1.5884,1.6581,3019065.99,5062536.12,1.6679
1617796800000,1.6556,1.7449,1.6046,1.7402,1874169.01,3154131.72,1.672435
1617804000000,1.7403,1.7637,1.7034,1.7132,927254.75,1609982.42,1.733912
1617811200000,1.7153,1.77,1.693,1.7001,901546.93,1555475.99,1.731734
1617818400000,1.699,1.74,1.6578,1.7027,1213472.39,2050629.99,1.698899
1617825600000,1.7037,1.7396,1.6604,1.734,625578.54,1062209.45,1.699284
1617832800000,1.7337,1.7621,1.7066,1.712,470689.77,818644.44,1.734807
1617840000000,1.7129,1.7724,1.7029,1.7553,1062924.5,1850253.6,1.738014
1617847200000,1.7549,1.778,1.7248,1.7719,798742.89,1401743.19,1.751086
1617854400000,1.7726,1.8011,1.7714,1.7933,579195.83,1035544.49,1.786706
1617861600000,1.7947,1.8161,1.7872,1.8133,626747.82,1128320.31,1.801379
1617868800000,1.815,1.8334,1.7691,1.7808,884078.41,1589476.18,1.801505
1617876000000,1.78,1.8049,1.7602,1.784,559719.85,998286.77,1.782551
1617883200000,1.7844,1.8414,1.7786,1.8098,929272.21,1690752.35,1.81055
1617890400000,1.8098,1.8386,1.8057,1.8345,616340.96,1120743.75,1.82215
1617897600000,1.834,1.8423,1.8015,1.8157,590638.9,1076359.61,1.821744
1617904800000,1.8163,1.8178,1.792,1.7981,394428.47,712274.23,1.804573
1617912000000,1.8012,1.83,1.7927,1.8193,610198.17,1102623.73,1.811419
1617919200000,1.8183,1.8635,1.8156,1.8545,800953.52,1475051.29,1.840075
1617926400000,1.8536,1.8856,1.8304,1.8365,946638.7,1757495.66,1.858318
1617933600000,1.8359,1.8629,1.8236,1.8353,328249.93,604058.1,1.84325
1617940800000,1.8362,1.8934,1.8303,1.8688,790961.91,1483521.02,1.862519
1617948000000,1.8696,1.89,1.841,1.8859,784693.79,1467413.22,1.865151
1617955200000,1.886,1.9455,1.8475,1.9453,2082978.1,3964978.76,1.89457
1617962400000,1.9455,2.049,1.9313,2.0103,4867660.41,9670258.3,1.991154
1617969600000,2.0113,2.2288,1.9962,2.175,10103648.78,21502390.75,2.115235
1617976800000,2.1769,2.379,2.15,2.223,14057063.87,31922078.72,2.265161
1617984000000,2.222,2.2574,2.1589,2.2054,4302621.61,9468097.04,2.20811
1617991200000,2.2079,2.3193,2.2008,2.218,3346628.18,7551624.73,2.260136
1617998400000,2.2183,2.2324,2.14,2.1502,2112173.56,4600935.22,2.186506
1618005600000,2.1502,2.1778,2.1064,2.1552,1851774.11,3959577.41,2.142087
1618012800000,2.1556,2.3741,2.1555,2.3416,6035495.51,13759866.91,2.26838
1618020000000,2.3387,2.3648,2.25,2.2673,2725562.53,6268940.68,2.307871
1618027200000,2.2661,2.2759,2.1651,2.2188,3095507.53,6864941.52,2.219452
1618034400000,2.219,2.2495,2.1616,2.2223,2138077.69,4725741.24,2.205545
1618041600000,2.2223,2.2448,2.1745,2.2391,1566296.69,3461210.44,2.209345
1618048800000,2.2397,2.3555,2.2295,2.2946,4016436.8,9246882.77,2.293763
1618056000000,2.2976,2.3023,2.1817,2.205,3073085.35,6886878.09,2.240392
1618063200000,2.2049,2.2689,2.1601,2.17,1896048.2,4198694.92,2.215214
1618070400000,2.1677,2.2395,2.1567,2.1794,2942799.66,6465316.03,2.198223
1618077600000,2.1793,2.2349,2.1243,2.1678,1461125.13,3153085.65,2.179616
1618084800000,2.165,2.2366,2.0829,2.1329,1678482.01,3571245.15,2.159869
1618092000000,2.1333,2.1897,2.1279,2.1747,580495.38,1253141.67,2.159407
1618099200000,2.1747,2.1853,2.0543,2.0919,2008578.21,4217888.1,2.118302
1618106400000,2.0906,2.1194,2.0843,2.1126,1027237.95,2157316.46,2.101877
1618113600000,2.1149,2.1205,2.0367,2.0516,1366875.69,2826236.13,2.077826
1618120800000,2.0531,2.1031,2.0275,2.0962,1806811.12,3714409.8,2.064473
1618128000000,2.0961,2.1644,2.0938,2.1381,2634215.63,5611614.29,2.130265
1618135200000,2.1401,2.2608,2.1204,2.2127,2451647.19,5382903.76,2.191617
1618142400000,2.2131,2.2153,2.1237,2.1389,1069016.48,2309951.34,2.168224
1618149600000,2.1405,2.1674,2.1305,2.1343,638051.47,1370286.48,2.149032
1618156800000,2.1343,2.17,2.1149,2.1678,758230.68,1620839.47,2.141574
1618164000000,2.1666,2.1906,2.1398,2.1482,725795.29,1573701.31,2.165464
1618171200000,2.148,2.1528,2.1194,2.1424,556938.09,1190945.87,2.136036
1618178400000,2.1417,2.1464,2.1152,2.1306,561228.9,1194782.03,2.130625
1618185600000,2.1283,2.1467,2.0798,2.0898,1119129.86,2348827.49,2.113629
1618192800000,2.0917,2.0925,2.0466,2.0875,841439.65,1739667.78,2.069508
1618200000000,2.0897,2.093,2.057,2.0862,825974.25,1714485.15,2.074969
1618207200000,2.0866,2.1261,2.0816,2.099,870411.85,1832670.08,2.104069
1618214400000,2.0977,2.1264,2.0389,2.058,800803.63,1676406.36,2.08291
1618221600000,2.0561,2.0805,2.0366,2.0657,1175016.14,2424503.6,2.058522
1618228800000,2.0647,2.1191,2.0645,2.0909,685892.73,1437460.54,2.092655
1618236000000,2.091,2.0937,2.0366,2.0483,953654.24,1969011.26,2.064419
1618243200000,2.0473,2.1485,2.0344,2.145,1146618.66,2401924.14,2.090395
1618250400000,2.1465,2.1479,2.1074,2.1296,526847.24,1119954.4,2.127177
1618257600000,2.1296,2.1876,2.1208,2.1679,925033.79,1998272.02,2.154688
1618264800000,2.1673,2.1702,2.1136,2.1328,503016.47,1075899.45,2.141065
1618272000000,2.1332,2.2191,2.0884,2.1899,1550558.9,3336146.78,2.153365
1618279200000,2.1918,2.2248,2.1488,2.2127,1189292.97,2602242.93,2.186502
1618286400000,2.2125,2.33,2.1998,2.2143,3490489.34,7891375.89,2.264902
1618293600000,2.2146,2.2486,2.1807,2.2421,1569912.1,3465521.04,2.214064
1618300800000,2.2421,2.2704,2.1554,2.1944,1823056.56,4023799.8,2.21266
1618308000000,2.1944,2.2809,2.1912,2.2682,1250022.91,2802376.71,2.237018
1618315200000,2.266,2.3268,2.2307,2.2514,1505718.8,3422142.72,2.278866
1618322400000,2.2516,2.3111,2.2475,2.2673,1080845.81,2468868.44,2.279607
1618329600000,2.2651,2.4,2.2646,2.3489,2624605.24,6177862.25,2.334979
1618336800000,2.3489,2.375,2.2861,2.3313,1418625.89,3304898.53,2.330455
1618344000000,2.3311,2.3752,2.3111,2.3298,1035525.7,2431414.63,2.343151
1618351200000,2.3297,2.331,2.2851,2.2968,836795.0,1928547.84,2.307284
1618358400000,2.2968,2.351,2.2375,2.2573,1602536.1,3662997.3,2.294787
1618365600000,2.2573,2.2672,2.2304,2.248,851315.98,1913755.4,2.248738
1618372800000,2.2478,2.2544,2.1818,2.2076,1645052.18,3640663.56,2.217303
1618380000000,2.2098,2.2415,2.1922,2.2083,1137118.9,2525325.53,2.216852
1618387200000,2.2075,2.2474,2.1074,2.1457,2164589.17,4710968.14,2.177441
1618394400000,2.148,2.2095,2.136,2.2071,854306.88,1858487.53,2.171825
1618401600000,2.2078,2.2118,2.1101,2.1178,1497788.0,3236405.7,2.1605
1618408800000,2.1191,2.1605,2.0426,2.1432,1759084.21,3706526.87,2.101238
1618416000000,2.1426,2.2216,2.1083,2.1083,1225031.54,2656875.54,2.165876
1618423200000,2.1083,2.1485,2.0744,2.1353,1113036.13,2350867.5,2.111095
1618430400000,2.1324,2.1818,2.1199,2.1814,592673.23,1278861.95,2.149726
1618437600000,2.1805,2.1942,2.1355,2.1585,1141662.86,2466127.43,2.164681
1618444800000,2.1559,2.1653,2.1028,2.1083,1392825.79,2960061.62,2.134381
1618452000000,2.11,2.15,2.1,2.1369,707132.28,1504149.71,2.125121
1618459200000,2.1369,2.1565,2.11,2.1475,822278.71,1754991.92,2.133132
1618466400000,2.146,2.1724,2.1353,2.1644,1118313.99,2409606.81,2.153762
1618473600000,2.1671,2.2114,2.1565,2.18,1070926.04,2342881.46,2.184096
1618480800000,2.18,2.1894,2.1464,2.178,606901.43,1315654.37,2.167894
1618488000000,2.1774,2.2361,2.1759,2.2283,1174841.26,2601973.62,2.206685
1618495200000,2.2269,2.2417,2.197,2.2227,735109.98,1632358.98,2.219338
1618502400000,2.2228,2.2394,2.1782,2.2006,620289.8,1369657.18,2.208701
1618509600000,2.1999,2.2256,2.183,2.202,520001.84,1145044.75,2.204302
1618516800000,2.202,2.2167,2.1775,2.2147,626850.06,1374321.26,2.196797
1618524000000,2.2164,2.2428,2.1852,2.1978,618998.07,1374509.46,2.214185
1618531200000,2.198,2.2141,2.0995,2.1322,1638955.97,3525845.45,2.156054
1618538400000,2.1333,2.1493,2.0947,2.1193,1037076.36,2198419.6,2.121928
1618545600000,2.1178,2.1178,2.0621,2.0989,910241.29,1904003.64,2.089405
1618552800000,2.0979,2.1201,2.0655,2.1138,774442.85,1618108.89,2.092517
1618560000000,2.1156,2.1288,2.0596,2.0704,874838.41,1834474.24,2.094343
1618567200000,2.0719,2.1015,1.975,2.0504,1816268.86,3699381.09,2.038083
1618574400000,2.0507,2.0807,1.9724,1.9909,1252479.12,2555529.42,2.027024
1618581600000,1.991,2.074,1.991,2.0576,1502047.47,3063416.83,2.034073
1618588800000,2.0562,2.1031,2.054,2.0797,1092368.26,2275416.36,2.079194
1618596000000,2.0776,2.0883,2.0477,2.073,890208.78,1841921.17,2.067976
1618603200000,2.076,2.1163,2.075,2.1054,545217.79,1144614.86,2.096368
1618610400000,2.1054,2.1112,2.0708,2.0744,567351.21,1184819.21,2.09119
1618617600000,2.0726,2.1163,2.0724,2.1095,709794.24,1492738.4,2.095058
1618624800000,2.1096,2.1256,2.0851,2.1226,683872.06,1440791.64,2.105066
1618632000000,2.1226,2.1276,2.0933,2.1251,841691.46,1775828.5,2.110432
1618639200000,2.1251,2.171,2.0906,2.1678,1140995.38,2440654.35,2.129613
1618646400000,2.1678,2.2067,2.1325,2.1357,1634454.75,3547041.62,2.170476
1618653600000,2.1371,2.1839,2.0901,2.1079,882915.14,1885689.2,2.13736
1618660800000,2.106,2.1377,2.0773,2.1221,790815.79,1664138.3,2.107382
1618668000000,2.1221,2.1364,2.0656,2.0685,637376.96,1336359.43,2.101953
1618675200000,2.0689,2.1012,2.0503,2.0525,576784.08,1198643.39,2.076151
1618682400000,2.0526,2.1,2.0472,2.0844,461474.92,960974.71,2.074109
1618689600000,2.0856,2.1304,2.0758,2.1056,454650.6,955567.13,2.10336
1618696800000,2.1056,2.1066,2.0287,2.0355,465256.59,962598.23,2.066914
1618704000000,2.035,2.0451,1.9404,1.9721,1092277.67,2171492.89,1.991679
1618711200000,1.9719,1.9808,1.4455,1.7024,3974764.26,6970495.04,1.704761
1618718400000,1.6991,1.778,1.65,1.7199,2649061.78,4528601.87,1.71403
1618725600000,1.72,1.7946,1.6981,1.7893,1918922.09,3352182.48,1.745121
1618732800000,1.7909,1.7999,1.6241,1.6625,2078420.57,3525490.38,1.709738
1618740000000,1.6638,1.713,1.5542,1.5629,2063550.54,3379589.01,1.635873
1618747200000,1.5622,1.7026,1.5618,1.6993,2003074.51,3302871.07,1.63265
1618754400000,1.699,1.7392,1.6936,1.7188,1500056.19,2575155.67,1.716771
1618761600000,1.7194,1.7724,1.6999,1.7153,1323714.9,2301553.31,1.736165
1618768800000,1.7151,1.7875,1.7041,1.759,1056608.48,1837153.7,1.746451
1618776000000,1.7583,1.78,1.7315,1.7736,839346.65,1477020.5,1.75549
1618783200000,1.7735,1.7938,1.7418,1.762,615937.63,1091997.08,1.767801
1618790400000,1.762,1.8189,1.7116,1.8132,931798.95,1658251.46,1.763901
1618797600000,1.8113,1.8469,1.7839,1.8375,482746.15,877193.87,1.814993
1618804800000,1.8392,1.8437,1.7918,1.8213,724352.93,1316366.57,1.817367
1618812000000,1.8221,1.8654,1.8203,1.8445,831892.14,1529906.44,1.843478
1618819200000,1.8445,1.8493,1.7626,1.7662,922107.78,1657195.2,1.806104
1618826400000,1.7652,1.799,1.695,1.7969,1322010.68,2304904.93,1.74619
1618833600000,1.7972,1.8056,1.7416,1.7593,763872.91,1352018.45,1.773153
1618840800000,1.7586,1.7595,1.5694,1.5812,2611131.78,4275435.65,1.662933
1618848000000,1.5811,1.655,1.5668,1.6498,1168774.93,1889049.2,1.610086
1618855200000,1.6517,1.682,1.64,1.6755,627804.49,1041275.78,1.660773
1618862400000,1.6738,1.69,1.6292,1.6736,652304.63,1089979.31,1.6596
1618869600000,1.6742,1.6785,1.5812,1.5827,1047825.34,1693620.16,1.630247
1618876800000,1.584,1.5941,1.469,1.4973,2299869.27,3495082.26,1.530308
1618891200000,1.4992,1.5667,1.4992,1.5093,1002451.06,1545887.59,1.533112
1618898400000,1.5098,1.5268,1.4455,1.51,1441730.75,2136927.57,1.48615
1618905600000,1.5111,1.5828,1.5041,1.5411,1307732.89,2017656.74,1.544104
1618912800000,1.5407,1.6399,1.5377,1.6391,1464537.29,2334611.72,1.588468
1618920000000,1.64,1.6939,1.6033,1.691,2016305.09,3343028.78,1.647146
1618927200000,1.6917,1.7096,1.5866,1.6565,1781937.32,2951601.32,1.647557
1618934400000,1.6593,1.7126,1.6198,1.6925,964610.58,1615646.05,1.665879
1618941600000,1.6925,1.7638,1.6839,1.7511,777172.67,1333934.26,1.724169
1618948800000,1.7517,1.7606,1.7052,1.7499,986616.02,1711448.44,1.732895
1618956000000,1.7529,1.762,1.6922,1.7029,979173.2,1695414.62,1.726982
1618963200000,1.7029,1.7335,1.659,1.719,1114355.67,1884794.92,1.696076
1618970400000,1.7188,1.7248,1.6644,1.6646,433306.6,737874.33,1.695331
1618977600000,1.6663,1.6985,1.6532,1.6895,749342.65,1259631.68,1.675706
1618984800000,1.686,1.7282,1.6731,1.7145,1039248.29,1766961.71,1.700679
1618992000000,1.7162,1.7568,1.6662,1.738,993462.36,1705194.21,1.711271
1618999200000,1.7387,1.7387,1.6274,1.6518,1434936.57,2418857.16,1.680856
1619006400000,1.6522,1.7274,1.6238,1.7102,873066.1,1469170.27,1.675124
1619013600000,1.7117,1.7428,1.6943,1.7406,736489.21,1266722.84,1.71781
1619020800000,1.7415,1.7531,1.6938,1.7181,493851.61,849529.9,1.723193
1619028000000,1.7178,1.808,1.6928,1.7787,1871387.69,3302309.91,1.750561
1619035200000,1.7797,1.7813,1.7,1.7192,1040731.96,1805213.42,1.739236
1619042400000,1.7187,1.7417,1.6279,1.636,1250484.75,2087899.51,1.685933
1619049600000,1.6349,1.6825,1.597,1.6439,1512795.11,2484375.64,1.639751
1619056800000,1.6417,1.6709,1.5831,1.5902,2047615.68,3319304.11,1.62804
1619064000000,1.5891,1.6477,1.5891,1.6457,919351.14,1491426.05,1.618704
1619071200000,1.6471,1.6556,1.6114,1.6388,841298.16,1376876.93,1.633416
1619078400000,1.6393,1.6449,1.563,1.6355,1223013.47,1952866.43,1.603932
1619085600000,1.6348,1.6994,1.6201,1.6952,1231853.46,2043588.97,1.658859
1619092800000,1.6979,1.7361,1.6628,1.6653,1132605.2,1934428.87,1.700379
1619100000000,1.6654,1.7898,1.6612,1.7897,1397924.84,2409560.18,1.724875
1619107200000,1.7891,1.7893,1.6483,1.653,1792051.26,3099562.48,1.718117
1619114400000,1.6548,1.686,1.611,1.6358,1171626.6,1934972.04,1.648552
1619121600000,1.636,1.6364,1.4762,1.5466,2088439.25,3253987.34,1.553345
1619128800000,1.5463,1.5753,1.4909,1.4909,719827.45,1102203.83,1.53485
1619136000000,1.4906,1.5453,1.35,1.39,3371595.61,4877760.51,1.448172
1619143200000,1.3889,1.45,1.2428,1.3872,4177246.1,5608367.49,1.346399
1619150400000,1.3872,1.3946,1.2607,1.3576,2791351.38,3727165.42,1.327097
1619157600000,1.3608,1.368,1.27,1.2826,2532606.11,3337468.4,1.318489
1619164800000,1.2808,1.3634,1.257,1.3412,2504853.56,3314052.3,1.31013
1619172000000,1.3412,1.4268,1.332,1.4055,1393533.78,1939683.38,1.380186
1619179200000,1.4057,1.4159,1.314,1.3503,1761527.85,2394529.0,1.363909
1619186400000,1.3504,1.4005,1.3346,1.3967,997551.09,1371545.28,1.366705
1619193600000,1.3977,1.4299,1.3776,1.402,598909.58,839818.16,1.403757
1619200800000,1.403,1.4494,1.3932,1.4453,400160.0,569056.51,1.42083
1619208000000,1.4453,1.4649,1.4084,1.4084,479351.03,689742.28,1.43782
1619215200000,1.4082,1.4803,1.4049,1.4752,326333.48,470118.65,1.442821
1619222400000,1.4729,1.4735,1.3801,1.4056,692268.24,978742.44,1.424943
1619229600000,1.4055,1.445,1.3716,1.4349,600338.63,851264.21,1.407803
1619236800000,1.4329,1.46,1.412,1.4589,382127.2,551251.44,1.435216
1619244000000,1.4582,1.4655,1.4144,1.4263,577385.6,828322.1,1.439702
1619251200000,1.4257,1.4487,1.4055,1.4104,506750.94,722791.4,1.427393
1619258400000,1.4085,1.4098,1.3078,1.3341,1517421.96,2053839.66,1.356882
1619265600000,1.3318,1.3699,1.3248,1.3547,541956.3,732436.88,1.347632
1619272800000,1.3547,1.3819,1.3132,1.3752,967972.77,1301787.52,1.347154
1619280000000,1.3735,1.3777,1.3301,1.3574,400100.79,541566.56,1.35356
1619287200000,1.3594,1.3792,1.3474,1.3521,416999.46,569125.63,1.363401
1619294400000,1.3534,1.3697,1.3358,1.3562,472179.89,640958.33,1.352746
1619301600000,1.3582,1.367,1.3111,1.328,624384.55,835628.69,1.338731
1619308800000,1.3271,1.3621,1.314,1.346,785173.54,1050613.54,1.33811
1619316000000,1.3453,1.371,1.3212,1.3282,601847.99,813365.53,1.346384
1619323200000,1.3281,1.3326,1.3271,1.3306,6296.57,8373.52,1.329877
1619337600000,1.327,1.376,1.327,1.3759,704647.68,959126.5,1.351517
1619344800000,1.3745,1.3937,1.3569,1.3909,475283.07,652291.86,1.374913
1619352000000,1.3902,1.4278,1.3867,1.4278,548266.32,773775.4,1.406787
1619359200000,1.4279,1.4622,1.4146,1.429,679909.15,981830.45,1.438401
1619366400000,1.4288,1.4424,1.3981,1.405,347335.11,492504.4,1.420511
1619373600000,1.4053,1.4057,1.3631,1.3692,419761.6,581016.01,1.383776
1619380800000,1.3669,1.3839,1.254,1.2801,1603530.07,2117136.42,1.318378
1619388000000,1.2802,1.3409,1.2746,1.3408,599936.59,788387.85,1.307024
1619395200000,1.342,1.4374,1.3267,1.4305,1020419.31,1421054.61,1.381251
1619402400000,1.4318,1.4678,1.4056,1.4457,1076141.64,1547556.49,1.436674
1619409600000,1.4486,1.4749,1.4386,1.4735,455650.14,662655.36,1.456177
1619416800000,1.472,1.5129,1.464,1.4857,1035694.71,1542222.2,1.488642
1619424000000,1.4858,1.5008,1.4491,1.5,819400.11,1207408.98,1.474605
1619431200000,1.4988,1.53,1.4947,1.5187,937298.73,1419691.13,1.512661
1619438400000,1.5182,1.5314,1.4758,1.5063,717146.29,1081842.35,1.5035
1619445600000,1.5067,1.5172,1.482,1.5083,329623.77,493611.41,1.499596
1619452800000,1.5096,1.5188,1.4644,1.5162,416340.02,622090.75,1.491521
1619460000000,1.5161,1.5474,1.5071,1.5305,460312.39,702763.14,1.52738
1619467200000,1.5305,1.5323,1.4568,1.4976,540382.24,805001.81,1.493578
1619474400000,1.4979,1.5262,1.4801,1.5226,432539.15,652147.86,1.502601
1619481600000,1.5243,1.5772,1.5043,1.5732,965606.76,1488962.96,1.539736
1619488800000,1.573,1.5884,1.5365,1.5524,478457.7,750367.23,1.56244
1619496000000,1.5511,1.6028,1.5338,1.5954,477585.78,752355.23,1.567731
1619503200000,1.5953,1.6151,1.573,1.5864,998741.69,1593735.93,1.594086
1619510400000,1.5864,1.6216,1.573,1.6054,979155.42,1568732.43,1.597356
1619517600000,1.6053,1.648,1.6025,1.6444,684950.72,1114201.58,1.625341
1619524800000,1.6444,1.6851,1.595,1.5979,1613363.48,2653688.81,1.641398
1619532000000,1.5994,1.8053,1.5673,1.7981,3692744.52,6334681.8,1.683673
1619539200000,1.8,1.8837,1.7521,1.8381,5455560.15,9942007.57,1.817875
1619546400000,1.8395,1.87,1.7924,1.8399,1354351.63,2480938.87,1.8312
1619553600000,1.8365,1.86,1.8117,1.8472,1018502.22,1865811.66,1.835775
1619560800000,1.8474,1.8591,1.8033,1.8259,934529.49,1706227.94,1.83099
1619568000000,1.8236,1.8542,1.7847,1.7878,1423900.77,2582438.84,1.820427
1619575200000,1.7872,1.8172,1.71,1.7169,1214882.81,2139007.97,1.764991
1619582400000,1.7142,1.7526,1.6821,1.6982,1145146.55,1964582.62,1.717495
1619589600000,1.7028,1.7137,1.616,1.6825,1944519.23,3241176.59,1.664547
1619596800000,1.6826,1.7195,1.641,1.6519,1211094.22,2031939.57,1.680767
1619604000000,1.6514,1.738,1.6443,1.7107,880301.96,1496810.84,1.692274
1619611200000,1.7099,1.7411,1.6848,1.7051,923143.3,1583843.34,1.71296
1619618400000,1.7045,1.7127,1.6475,1.6789,915770.72,1533396.49,1.679635
1619625600000,1.6786,1.7305,1.6696,1.706,652210.91,1110663.83,1.700463
1619632800000,1.7066,1.7515,1.7029,1.7221,1158512.01,1996851.71,1.727535
1619640000000,1.7229,1.7473,1.6571,1.7104,1268740.8,2158985.93,1.70213
1619647200000,1.7131,1.7413,1.6717,1.7083,1014314.12,1725138.99,1.706495
1619654400000,1.7083,1.7112,1.6517,1.6979,770976.52,1299675.01,1.681283
1619661600000,1.6984,1.7129,1.6648,1.6834,533398.46,899105.31,1.688799
1619668800000,1.6809,1.6909,1.6419,1.687,457029.23,762675.41,1.666332
1619676000000,1.6865,1.7226,1.6857,1.7132,624361.3,1064220.77,1.704798
1619683200000,1.7132,1.7473,1.6826,1.7245,901274.5,1547696.05,1.71492
1619690400000,1.724,1.7643,1.724,1.7584,1020918.72,1783034.4,1.744807
1619697600000,1.7595,1.7614,1.6929,1.6929,746882.7,1289091.15,1.727444
1619704800000,1.6927,1.7124,1.6764,1.6873,724031.38,1228556.01,1.694425
1619712000000,1.6864,1.6934,1.617,1.618,961251.14,1583972.71,1.655952
1619719200000,1.6168,1.6404,1.6001,1.629,710918.07,1150772.47,1.620188
1619726400000,1.6287,1.6525,1.5942,1.6509,820951.94,1331179.95,1.622731
1619733600000,1.6524,1.6732,1.6478,1.6732,337101.36,559716.05,1.660037
1619740800000,1.6731,1.6741,1.6292,1.6605,635789.49,1051729.85,1.651346
1619748000000,1.6605,1.67,1.6538,1.6678,187604.13,311999.79,1.66178
1619755200000,1.6684,1.7035,1.6646,1.7035,900036.47,1516633.7,1.683564
1619762400000,1.7035,1.7194,1.6895,1.6914,600473.0,1023948.87,1.704749
1619769600000,1.6917,1.73,1.6776,1.6872,961751.23,1641834.74,1.703827
1619776800000,1.6903,1.7156,1.68,1.6878,914708.65,1551663.76,1.697811
1619784000000,1.6882,1.7249,1.6858,1.7181,751369.46,1283712.17,1.705727
1619791200000,1.7188,1.723,1.7019,1.7207,904279.26,1551033.27,1.712435
1619798400000,1.7207,1.7338,1.7063,1.711,748798.16,1287892.92,1.720185
1619805600000,1.711,1.7489,1.709,1.7477,801714.19,1387491.74,1.728843
1619812800000,1.7476,1.8172,1.7245,1.7774,2043323.54,3648922.34,1.771071
1619820000000,1.7774,1.8082,1.7759,1.8027,597488.95,1072360.6,1.792412
1619827200000,1.8027,1.8199,1.7652,1.8199,1048796.77,1883784.42,1.792075
1619834400000,1.8188,1.8612,1.795,1.8409,839446.89,1535838.02,1.82805
1619841600000,1.8417,1.8568,1.8268,1.8356,675967.79,1246345.47,1.841833
1619848800000,1.8339,1.8492,1.8065,1.8126,532231.56,973588.78,1.828155
1619856000000,1.8113,1.8418,1.7726,1.8019,571890.0,1030592.68,1.807203
1619863200000,1.8016,1.8791,1.7892,1.8781,1327325.69,2450582.87,1.83289
1619870400000,1.8781,1.8888,1.8218,1.8317,1152560.6,2134049.3,1.855354
1619877600000,1.8335,1.8369,1.7901,1.8254,621984.55,1126818.5,1.81338
1619884800000,1.8256,1.9299,1.8202,1.924,2235634.2,4220321.92,1.875113
1619892000000,1.9236,1.9777,1.9018,1.9577,4812982.4,9352797.45,1.939702
1619899200000,1.9577,1.98,1.9169,1.9619,1794560.72,3491874.52,1.948437
1619906400000,1.9613,2.026,1.9267,1.9426,3231835.25,6396352.74,1.976568
1619913600000,1.942,1.9539,1.8809,1.903,1681949.31,3213863.05,1.917008
1619920800000,1.9034,1.9391,1.8165,1.8171,1270797.12,2382504.68,1.880281
1619928000000,1.8185,1.8863,1.7755,1.8804,1422996.93,2620715.26,1.82933
1619935200000,1.8818,1.9114,1.8362,1.8551,938776.65,1761347.81,1.873974
1619942400000,1.8551,1.8835,1.8219,1.8786,1006585.02,1859255.43,1.852166
1619949600000,1.8793,1.9036,1.864,1.8923,617666.67,1166027.67,1.883745
1619956800000,1.8912,1.9325,1.8761,1.8943,1169274.44,2228371.36,1.904309
1619964000000,1.8946,1.923,1.8814,1.9108,758344.99,1443283.07,1.90218
1619971200000,1.9121,1.9596,1.9084,1.9501,1064244.01,2060130.12,1.934463
1619978400000,1.9502,1.96,1.905,1.9458,1390912.48,2690634.9,1.932475
1619985600000,1.945,1.9469,1.891,1.891,773244.66,1480734.35,1.919239
1619992800000,1.8931,1.9006,1.8368,1.866,844510.54,1569290.07,1.868187
1620000000000,1.866,1.9187,1.8609,1.9174,804184.97,1520021.7,1.889332
1620007200000,1.9187,1.9252,1.8882,1.9106,505694.32,965252.12,1.906604
1620014400000,1.9103,1.9274,1.9027,1.9199,449588.82,859968.28,1.915048
1620021600000,1.919,1.9281,1.9023,1.9133,566274.09,1083923.95,1.915188
1620028800000,1.9126,1.9324,1.9013,1.9109,691005.18,1324957.37,1.916854
1620036000000,1.9097,1.9637,1.904,1.9601,870669.45,1686831.86,1.933622
1620043200000,1.9603,1.97,1.8714,1.8925,1199638.42,2318133.47,1.919936
1620050400000,1.8929,1.9371,1.8812,1.9004,1229031.44,2356783.2,1.909207
1620057600000,1.901,1.9358,1.8811,1.922,924880.08,1766416.97,1.908333
1620064800000,1.9205,1.9285,1.885,1.9035,698102.53,1330715.91,1.906542
1620072000000,1.904,1.9044,1.8466,1.8774,900465.48,1683944.13,1.87465
1620079200000,1.8792,1.9034,1.8521,1.9001,525126.39,986558.59,1.877235
1620086400000,1.9011,1.9031,1.7479,1.7903,2039119.85,3691091.87,1.82255
1620093600000,1.7915,1.8087,1.7508,1.7753,746755.3,1327458.47,1.779677
1620100800000,1.774,1.8339,1.7639,1.8169,823047.64,1488027.6,1.799258
1620108000000,1.8165,1.8396,1.7943,1.8005,601741.26,1095414.93,1.817222
1620115200000,1.7983,1.8141,1.7631,1.7983,694693.12,1244413.04,1.7886
1620122400000,1.7983,1.8413,1.7972,1.8306,472892.9,862841.02,1.819993
1620129600000,1.8306,1.8322,1.7628,1.7722,966582.03,1731656.14,1.796661
1620136800000,1.7726,1.7831,1.6652,1.678,1906818.09,3276042.98,1.723929
1620144000000,1.6818,1.7334,1.6457,1.7321,1452141.37,2461768.73,1.687991
1620151200000,1.7326,1.7712,1.7232,1.7654,723153.88,1265551.73,1.746962
1620158400000,1.7655,1.7929,1.7303,1.7506,465005.63,820496.32,1.761651
1620165600000,1.7497,1.756,1.6662,1.6773,508876.08,873054.2,1.710634
1620172800000,1.6793,1.7656,1.6579,1.7541,991993.03,1715098.28,1.711071
1620180000000,1.7528,1.755,1.7047,1.7213,592432.12,1026314.44,1.729067
1620187200000,1.7218,1.7601,1.6872,1.7549,782434.27,1346786.12,1.722851
1620194400000,1.7564,1.7957,1.7333,1.7898,905155.6,1600054.66,1.763837
1620201600000,1.7937,1.8244,1.7784,1.8116,739642.54,1333664.83,1.801351
1620208800000,1.8158,1.84,1.79,1.7966,898219.32,1626557.89,1.815337
1620216000000,1.7967,1.8536,1.7881,1.8335,1017266.07,1854558.46,1.821343
1620223200000,1.8336,1.878,1.8042,1.8288,1642747.95,3030658.74,1.84111
1620230400000,1.8292,1.8846,1.8194,1.8606,949862.07,1761722.4,1.852437
1620237600000,1.858,1.8874,1.8487,1.8869,900143.61,1682998.25,1.867337
1620244800000,1.887,1.8926,1.835,1.8395,716065.67,1330680.88,1.863913
1620252000000,1.8406,1.8872,1.8385,1.8811,621466.03,1159669.52,1.863268
1620259200000,1.8796,1.91,1.8434,1.8932,1485642.03,2793268.13,1.876598
1620266400000,1.8928,1.943,1.8797,1.9297,983864.34,1883162.7,1.911359
1620273600000,1.929,1.9439,1.879,1.9316,1118738.04,2147341.92,1.911442
1620280800000,1.9272,1.9281,1.83,1.8892,742373.5,1392048.5,1.877914
1620288000000,1.8894,2.0,1.8874,1.9949,3910558.91,7680389.72,1.944136
1620295200000,1.9936,2.0352,1.9676,2.003,2552763.41,5102170.78,2.001415
1620302400000,2.003,2.0333,1.9518,1.9683,2356329.49,4704475.18,1.992878
1620309600000,1.9688,2.0135,1.9519,1.9765,1294460.68,2562346.76,1.982739
1620316800000,1.9756,2.1078,1.9728,2.0378,3565016.21,7304721.88,2.042183
1620324000000,2.0349,2.07,1.898,1.9784,2298054.62,4518020.42,1.983372
1620331200000,1.9785,2.0665,1.9423,2.0286,1521182.25,3025836.24,2.004436
1620338400000,2.0286,2.1046,2.009,2.0519,1770102.55,3655434.19,2.057049
1620345600000,2.0547,2.139,2.0427,2.117,2611997.38,5483542.43,2.091434
1620352800000,2.1159,2.1513,1.9944,2.0159,2423987.75,5039752.2,2.073636
1620360000000,2.015,2.1425,1.97,2.1351,1876977.5,3848344.1,2.053658
1620367200000,2.1351,2.18,2.0759,2.166,3121140.35,6670249.52,2.127441
1620374400000,2.1647,2.226,2.1216,2.1318,4106000.54,8934004.77,2.17445
1620381600000,2.1317,2.224,2.1184,2.2144,2258788.71,4906215.73,2.170865
1620388800000,2.2128,2.2195,2.1278,2.1499,2063576.32,4472269.0,2.172624
1620396000000,2.15,2.2159,2.123,2.1905,2104228.94,4585679.2,2.16941
1620403200000,2.19,2.2048,2.0783,2.096,2365784.93,5007057.36,2.141318
1620410400000,2.0963,2.1022,2.0269,2.0612,2524994.14,5216589.49,2.063734
1620417600000,2.0604,2.0959,1.9922,2.0099,1175973.13,2402316.59,2.044611
1620424800000,2.0087,2.0327,1.9414,2.0107,897265.99,1780806.57,1.987047
1620432000000,2.0129,2.0441,1.9612,2.0207,1171312.22,2349117.33,2.002619
1620439200000,2.0212,2.0657,1.9965,2.0513,1001381.26,2037307.51,2.030844
1620446400000,2.0513,2.0652,1.994,2.0029,891742.68,1800689.7,2.029927
1620453600000,2.0027,2.0508,1.98,2.0276,985386.02,1986908.92,2.015408
1620460800000,2.0278,2.0558,1.992,2.0164,756486.41,1527557.91,2.023914
1620468000000,2.015,2.0443,1.9853,2.0351,476502.07,957034.61,2.014494
1620475200000,2.035,2.0367,1.9606,1.9927,972320.73,1937832.53,1.997378
1620482400000,1.9926,1.999,1.91,1.9124,1603161.96,3128878.42,1.955009
1620489600000,1.9138,1.9622,1.91,1.962,1039248.61,2015776.87,1.935612
1620496800000,1.9612,1.9848,1.9509,1.9703,600182.09,1179848.26,1.967889
1620504000000,1.9698,1.9732,1.9277,1.9392,359106.16,699863.04,1.949934
1620511200000,1.9381,1.9862,1.9269,1.9526,564224.07,1102897.48,1.95672
1620518400000,1.9546,1.9649,1.9318,1.9476,356992.51,695425.64,1.948319
1620525600000,1.9468,1.9534,1.8879,1.8907,600222.98,1149385.97,1.921077
1620532800000,1.8907,1.9154,1.8626,1.91,882563.35,1667198.05,1.888608
1620540000000,1.9096,1.9334,1.8871,1.894,461177.99,882339.65,1.910497
1620547200000,1.8924,1.9399,1.8872,1.9146,528893.11,1012526.07,1.914017
1620554400000,1.9145,1.9362,1.88,1.8855,539887.5,1028330.36,1.908678
1620561600000,1.8873,1.8926,1.837,1.8766,1003941.2,1867662.67,1.86464
1620568800000,1.8779,1.9547,1.8744,1.9479,772612.18,1484454.43,1.914937
1620576000000,1.9494,1.9725,1.9323,1.9621,824074.78,1611494.28,1.952314
1620583200000,1.9635,1.9672,1.8925,1.9164,777452.97,1502666.18,1.928735
1620590400000,1.921,1.9987,1.9131,1.9601,948289.29,1870597.58,1.956745
1620597600000,1.9571,1.9741,1.9212,1.9563,535170.71,1042481.77,1.947649
1620604800000,1.9563,2.0101,1.951,2.0003,1241517.61,2468649.94,1.980912
1620612000000,2.0,2.0217,1.9727,2.0058,953347.06,1908066.59,1.99718
1620619200000,2.0084,2.0188,1.9832,1.9976,544387.57,1088192.94,2.000953
1620626400000,1.9972,2.0236,1.9666,1.9755,726493.2,1450836.3,1.995429
1620633600000,1.9743,2.0028,1.9514,1.9918,615109.31,1214512.72,1.976922
1620640800000,1.9918,2.0238,1.9266,1.9666,1250911.39,2480332.49,1.975132
1620648000000,1.9679,2.0126,1.9441,1.9501,1046806.84,2066598.9,1.978682
1620655200000,1.9502,1.9502,1.87,1.9347,1175816.78,2239659.58,1.909795
1620662400000,1.9382,1.9384,1.8597,1.8637,771842.52,1464826.03,1.898501
1620669600000,1.8637,1.8637,1.7201,1.7577,1726467.55,3129438.64,1.788935
1620676800000,1.7575,1.7956,1.6308,1.7756,2735414.52,4734933.15,1.713039
1620684000000,1.7755,1.8104,1.7216,1.7365,1129127.29,1997271.74,1.766507
1620691200000,1.74,1.78,1.68,1.7394,1127688.95,1949444.19,1.73
1620698400000,1.7409,1.7573,1.6626,1.6999,1073199.13,1821697.68,1.709436
1620705600000,1.7,1.7561,1.688,1.7217,662071.45,1139555.01,1.722342
1620712800000,1.7218,1.7788,1.7138,1.7704,713714.45,1249649.86,1.746332
1620720000000,1.7693,1.79,1.73,1.7875,662391.78,1165661.94,1.759567
1620727200000,1.7874,1.8198,1.7548,1.7574,695158.39,1245283.82,1.788138
1620734400000,1.7591,1.7978,1.7229,1.7923,958517.69,1685569.74,1.759557
1620741600000,1.7928,1.8365,1.767,1.836,738022.69,1333774.17,1.800397
1620748800000,1.8349,1.8561,1.7993,1.841,804566.51,1471447.46,1.82767
1620756000000,1.8434,1.8731,1.8337,1.8601,853793.73,1581909.59,1.853478
1620763200000,1.8585,1.8796,1.8231,1.83,512886.38,951645.71,1.851832
1620770400000,1.8355,1.8678,1.8247,1.8645,312532.09,576529.57,1.845771
1620777600000,1.8623,1.8947,1.8362,1.883,695748.52,1299905.64,1.865217
1620784800000,1.8844,2.055,1.8659,1.9628,5202224.42,10249403.67,1.962105
1620792000000,1.9661,1.9959,1.9379,1.9849,1045794.84,2052015.25,1.966668
1620799200000,1.9855,2.0143,1.9508,1.9843,1400936.02,2788569.67,1.98255
1620806400000,1.9843,2.03,1.96,1.9927,2096596.12,4182724.2,1.995023
1620813600000,1.9926,1.9953,1.9064,1.9463,1561154.43,3033266.39,1.949497
1620820800000,1.9463,1.9641,1.8932,1.9415,1334837.91,2579190.01,1.928633
1620828000000,1.9416,1.9607,1.855,1.8818,1659826.59,3176155.93,1.907515
1620835200000,1.8827,1.91,1.8362,1.8601,1973512.96,3696924.87,1.873141
1620842400000,1.8604,1.9447,1.8308,1.8822,3544620.36,6675509.41,1.887902
1620849600000,1.8827,1.8899,1.8412,1.8548,794898.82,1478974.65,1.865264
1620856800000,1.8548,1.8599,1.6,1.6462,3197804.28,5567384.88,1.726005
1620864000000,1.6429,1.7368,1.5171,1.7097,3947743.03,6533914.1,1.625782
1620871200000,1.7084,1.72,1.6459,1.6987,1749976.56,2931956.83,1.682861
1620878400000,1.6969,1.7368,1.6855,1.7315,700371.72,1201080.49,1.710759
1620885600000,1.7333,1.7687,1.7207,1.7241,907034.53,1582932.64,1.744848
1620892800000,1.7227,1.7353,1.5897,1.6171,1627202.02,2699635.96,1.66138
1620900000000,1.6162,1.6662,1.5694,1.6352,1384603.86,2243666.2,1.617723
1620907200000,1.6388,1.689,1.6287,1.6857,746053.72,1242040.13,1.658244
1620914400000,1.6854,1.7441,1.6396,1.6577,1285308.42,2184234.43,1.692213
1620921600000,1.6576,1.7131,1.5342,1.5964,2375899.92,3811545.96,1.623549
1620928800000,1.5952,1.6147,1.51,1.5345,2721030.2,4201593.52,1.562121
1620936000000,1.5347,1.599,1.5209,1.5866,1039946.2,1631267.42,1.559863
1620943200000,1.5846,1.6359,1.5261,1.6112,949227.44,1507461.56,1.580748
1620950400000,1.6112,1.653,1.597,1.6452,548959.54,893068.99,1.624675
1620957600000,1.6466,1.6489,1.6013,1.6158,791621.38,1282200.85,1.624387
1620964800000,1.6186,1.6427,1.5895,1.6399,673478.05,1088853.36,1.615551
1620972000000,1.6392,1.6552,1.5874,1.6501,805205.66,1306415.84,1.621148
1620979200000,1.6515,1.7096,1.6473,1.6872,805226.45,1351349.51,1.679264
1620986400000,1.6896,1.7151,1.6672,1.7023,769191.87,1303816.04,1.691064
1620993600000,1.7049,1.7078,1.6633,1.6988,773750.26,1305110.33,1.685473
1621000800000,1.7,1.761,1.6842,1.7443,1027199.84,1771590.48,1.722641
1621008000000,1.7441,1.7668,1.6909,1.7068,769595.14,1330817.61,1.729068
1621015200000,1.7065,1.7195,1.6755,1.6821,473242.28,804030.75,1.697767
1621022400000,1.684,1.7,1.6373,1.6745,608884.46,1011091.62,1.668589
1621029600000,1.676,1.7097,1.6742,1.7027,293710.52,497190.2,1.692378
1621036800000,1.7027,1.7234,1.6441,1.6954,1388330.38,2333126.41,1.683718
1621044000000,1.6944,1.725,1.6496,1.6668,656687.57,1102741.73,1.687532
1621051200000,1.6685,1.687,1.6398,1.6667,695047.45,1154217.63,1.663398
1621058400000,1.6662,1.6695,1.6022,1.6046,664103.99,1083080.53,1.635969
1621065600000,1.6057,1.6391,1.5904,1.6149,558330.12,899151.65,1.61479
1621072800000,1.6138,1.6149,1.5654,1.6072,715096.2,1138324.01,1.590059
1621080000000,1.6075,1.6373,1.5916,1.6105,757674.02,1227657.9,1.614456
1621087200000,1.6095,1.6527,1.594,1.6312,848093.42,1377267.77,1.623456
1621094400000,1.6303,1.6312,1.5484,1.5632,1516721.04,2385336.4,1.588435
1621101600000,1.5606,1.595,1.533,1.5827,705389.68,1098548.29,1.563749
1621108800000,1.5828,1.5974,1.576,1.5849,197777.74,314367.15,1.586707
1621116000000,1.5856,1.5941,1.534,1.5585,479653.27,747680.21,1.563622
1621123200000,1.5537,1.601,1.5342,1.5942,688434.57,1083000.91,1.566957
1621130400000,1.5951,1.6028,1.5766,1.5937,266120.96,423620.71,1.589697
1621137600000,1.5934,1.6058,1.5663,1.5726,286718.21,454804.34,1.586277
1621144800000,1.572,1.6335,1.5701,1.6312,607333.96,980197.6,1.601856
1621152000000,1.6308,1.6699,1.6184,1.668,682578.12,1124193.58,1.643362
1621159200000,1.668,1.6896,1.6414,1.6437,1084083.08,1804437.86,1.666155
1621166400000,1.6457,1.6858,1.6203,1.6812,807095.67,1334405.25,1.652226
1621173600000,1.6816,1.7013,1.6114,1.6164,1519430.13,2526656.17,1.657463
1621180800000,1.6157,1.6381,1.5766,1.6048,982825.06,1575695.29,1.607327
1621188000000,1.6055,1.6198,1.4978,1.535,1536778.5,2388132.13,1.557757
1621195200000,1.5357,1.5532,1.4733,1.5268,1041665.07,1573863.26,1.513194
1621202400000,1.5285,1.5762,1.5279,1.5692,510467.12,793635.14,1.552741
1621209600000,1.5672,1.5673,1.475,1.4913,992344.17,1505447.52,1.519502
1621216800000,1.4938,1.5148,1.41,1.4125,1384205.64,2010752.25,1.464038
1621224000000,1.4111,1.4921,1.3917,1.4823,1829561.37,2642881.88,1.44121
1621231200000,1.4822,1.5371,1.4721,1.5255,988163.91,1489540.38,1.504694
1621238400000,1.5251,1.5519,1.512,1.5408,628040.83,962308.52,1.53191
1621245600000,1.5438,1.5649,1.51,1.5599,659218.92,1014573.58,1.537134
1621252800000,1.5592,1.5742,1.5011,1.5145,474141.73,728140.1,1.537732
1621260000000,1.5173,1.5201,1.4568,1.4672,546049.26,810243.53,1.487744
1621267200000,1.4679,1.4858,1.413,1.42,786720.47,1138269.56,1.450061
1621274400000,1.4206,1.5228,1.404,1.5084,576561.71,849915.24,1.463226
1621281600000,1.5084,1.54,1.4794,1.4896,349962.64,527533.01,1.509964
1621288800000,1.4891,1.5036,1.4382,1.4667,737452.8,1084452.6,1.470689
1621296000000,1.4684,1.534,1.4464,1.5294,608157.42,908930.86,1.489
1621303200000,1.5296,1.5364,1.5115,1.5326,303239.19,462877.92,1.523924
1621310400000,1.5348,1.5793,1.5314,1.5727,699922.18,1089060.52,1.555647
1621317600000,1.5715,1.5998,1.56,1.5794,545531.97,863429.32,1.579944
1621324800000,1.5799,1.6465,1.5752,1.636,1210030.09,1949223.4,1.611381
1621332000000,1.6345,1.6832,1.6146,1.6632,1798067.87,2975323.63,1.648902
1621339200000,1.6632,1.6788,1.5787,1.614,1792848.46,2907936.23,1.628117
1621346400000,1.6142,1.6475,1.5431,1.6273,1536939.32,2454721.31,1.595199
1621353600000,1.6275,1.7057,1.5748,1.597,5026316.91,8150985.87,1.640635
1621360800000,1.597,1.597,1.5501,1.5901,872756.91,1370483.85,1.573441
1621368000000,1.5931,1.6491,1.5798,1.6315,764905.29,1237751.54,1.614629
1621375200000,1.6361,1.6558,1.5819,1.5998,939646.71,1526220.47,1.618908
1621382400000,1.6,1.6396,1.4945,1.5123,1930349.72,2999221.37,1.568146
1621389600000,1.5093,1.5365,1.45,1.4623,1007164.63,1501924.13,1.493844
1621396800000,1.4633,1.479,1.3568,1.4091,2251671.77,3169455.88,1.416953
1621404000000,1.4097,1.4368,1.3641,1.4291,1357818.8,1914423.88,1.400107
1621411200000,1.4286,1.4428,1.3942,1.4135,1544418.28,2182668.64,1.418437
1621418400000,1.4149,1.4196,1.2,1.2855,3217315.95,4194823.1,1.30596
1621425600000,1.2897,1.3135,0.7877,1.1002,6329678.83,6255700.68,1.045755
1621432800000,1.1024,1.2071,0.998,1.1891,3097487.33,3401648.77,1.10061
1621440000000,1.1918,1.2712,1.1395,1.1957,3353863.21,4081410.69,1.205353
1621447200000,1.1957,1.2198,1.1033,1.1254,2526377.72,2874920.75,1.16165
1621454400000,1.1231,1.1691,1.0002,1.0679,2479487.01,2647503.74,1.084352
1621461600000,1.0679,1.1132,0.9874,0.9923,1672063.82,1788464.78,1.052305
1621468800000,0.989,1.0375,0.8858,0.9391,5324179.81,5095838.76,0.961583
1621476000000,0.9412,1.0013,0.935,0.9866,3658170.71,3562204.43,0.968714
1621483200000,0.9866,1.044,0.9833,1.0412,2945751.81,2995991.47,1.013587
1621490400000,1.0414,1.1287,1.015,1.0926,2782991.45,2977301.65,1.072109
1621497600000,1.0903,1.1034,1.0227,1.0593,1857968.65,1989370.0,1.0626
1621504800000,1.0594,1.0965,1.046,1.0933,1672697.83,1784164.13,1.070603
1621512000000,1.0926,1.1956,1.0801,1.1528,2520513.73,2891218.62,1.138954
1621519200000,1.1573,1.1832,1.1323,1.1527,1431026.08,1665596.51,1.157756
1621526400000,1.1549,1.164,1.03,1.1199,2630456.75,2855619.59,1.096299
1621533600000,1.1179,1.1524,1.101,1.1287,989834.96,1113245.71,1.126738
1621540800000,1.1255,1.1475,1.0941,1.1355,721569.25,809309.71,1.120714
1621548000000,1.1336,1.1643,1.0872,1.1564,1198489.83,1359589.0,1.12532
1621555200000,1.1573,1.2225,1.1541,1.2105,1496530.27,1780031.82,1.189084
1621562400000,1.2084,1.2221,1.1652,1.1843,1328373.97,1582423.08,1.193523
1621569600000,1.1823,1.205,1.1562,1.1631,991644.84,1167498.04,1.180918
1621576800000,1.1646,1.1789,1.1303,1.1393,723627.44,832662.16,1.154793
1621584000000,1.1375,1.1991,1.1134,1.1945,981768.87,1136080.97,1.155038
1621591200000,1.195,1.2199,1.1631,1.1859,903905.89,1076871.62,1.191507
1621598400000,1.1855,1.1943,1.1412,1.1835,667858.49,781694.68,1.167744
1621605600000,1.1854,1.195,0.9953,1.1222,5733289.91,6344887.78,1.093644
1621612800000,1.126,1.1503,1.0686,1.0938,2606031.99,2894913.09,1.109432
1621620000000,1.0911,1.0929,0.9847,1.008,2025816.14,2113279.97,1.036941
1621627200000,1.0102,1.0295,0.8932,1.0111,2050407.47,1993905.17,0.961349
1621634400000,1.0111,1.0433,0.9883,1.0341,1158227.43,1174191.44,1.015489
1621641600000,1.0343,1.0509,0.9955,1.0262,1110952.81,1139166.64,1.023162
1621648800000,1.0262,1.0414,0.9643,0.9771,1584671.13,1576765.53,1.002985
1621656000000,0.9784,0.9867,0.8853,0.9285,1509761.23,1397622.77,0.934875
1621663200000,0.9288,0.9397,0.8968,0.9319,1121823.4,1028267.31,0.918234
1621670400000,0.9303,0.9869,0.9279,0.9782,1451328.23,1399537.38,0.958021
1621677600000,0.9803,1.0165,0.9648,0.9977,919687.03,915675.78,0.990698
1621684800000,0.999,1.0482,0.978,1.0156,1489593.05,1511404.62,1.013182
1621692000000,1.0171,1.0179,0.9467,0.975,1162558.98,1133190.55,0.980983
1621699200000,0.9757,0.9887,0.9307,0.9385,1021911.16,984088.12,0.959998
1621706400000,0.9402,0.9517,0.9111,0.9138,746354.85,697226.17,0.93192
1621713600000,0.914,0.9781,0.914,0.9781,661463.01,633217.9,0.94605
1621720800000,0.9782,0.991,0.9462,0.9585,525307.0,507705.08,0.968613
1621728000000,0.9597,0.9871,0.9351,0.9694,665098.79,643603.94,0.96107
1621735200000,0.9697,0.98,0.9452,0.9756,368163.73,355017.42,0.962527
1621742400000,0.9734,0.9762,0.9226,0.936,519273.0,492157.93,0.948665
1621749600000,0.9363,0.9458,0.8656,0.8804,1176155.08,1058022.89,0.905334
1621756800000,0.8812,0.8818,0.7823,0.7909,2210958.69,1833252.09,0.831013
1621764000000,0.7908,0.8339,0.7882,0.7962,1356841.98,1106579.75,0.811111
1621771200000,0.7957,0.8017,0.6912,0.727,3245280.73,2385615.19,0.744856
1621778400000,0.7284,0.7544,0.7039,0.7158,1763390.05,1281569.86,0.729261
1621785600000,0.7145,0.728,0.623,0.7007,4019383.38,2730358.09,0.675361
1621792800000,0.7013,0.7248,0.6687,0.7143,1573053.77,1099036.27,0.6966
1621800000000,0.713,0.7973,0.7129,0.782,2201233.38,1667301.01,0.756625
1621807200000,0.7813,0.8119,0.7657,0.7951,1150712.76,907815.52,0.788814
1621814400000,0.7956,0.8494,0.7794,0.7977,2892864.5,2366855.78,0.814404
1621821600000,0.799,0.8447,0.7867,0.8232,1106522.93,908849.35,0.815909
1621828800000,0.8276,0.8521,0.805,0.8361,930705.57,770310.5,0.828523
1621836000000,0.8374,0.9008,0.8233,0.8982,1155155.47,1000100.52,0.861004
1621843200000,0.898,0.9067,0.8599,0.8607,1714617.39,1520122.48,0.884046
1621850400000,0.861,0.9326,0.8576,0.9297,1160003.59,1034143.54,0.895034
1621857600000,0.9301,0.9753,0.8971,0.9019,2650660.85,2467359.67,0.936879
1621864800000,0.9046,0.9379,0.8932,0.9264,1280164.63,1169077.72,0.915553
1621872000000,0.927,0.9451,0.9011,0.9433,1045816.51,962373.38,0.922672
1621879200000,0.9433,0.9922,0.9332,0.983,842509.74,811641.81,0.962643
1621886400000,0.9857,0.9961,0.959,0.9616,995536.72,978265.4,0.97801
1621893600000,0.9603,0.9864,0.9366,0.9864,553648.12,532438.24,0.960626
1621900800000,0.9865,1.0297,0.9702,0.9831,1274956.43,1275142.87,0.999962
1621908000000,0.9826,0.9897,0.924,0.9474,1277648.83,1211370.81,0.95622
1621915200000,0.9464,0.9561,0.9186,0.9505,1024438.95,960195.18,0.937317
1621922400000,0.9488,1.0081,0.9362,1.0041,825812.19,806043.43,0.971404
1621929600000,1.0046,1.0083,0.9482,0.9531,822277.53,803719.01,0.978115
1621936800000,0.9533,0.9533,0.8844,0.9111,1515773.77,1382340.04,0.917468
1621944000000,0.9129,0.9706,0.9089,0.946,1305465.99,1226413.29,0.940549
1621951200000,0.9466,0.97,0.9265,0.9623,1140570.19,1084296.15,0.948041
1621958400000,0.9601,0.9633,0.9213,0.9482,855796.25,806175.8,0.942057
1621965600000,0.949,0.9593,0.9079,0.9166,401793.36,378073.25,0.933688
1621972800000,0.9141,0.9629,0.9124,0.9602,396906.67,369540.27,0.937782
1621980000000,0.9612,0.9898,0.9578,0.9767,356123.82,347060.58,0.974102
1621987200000,0.9766,1.0226,0.9653,1.0186,883556.72,880348.74,0.993384
1621994400000,1.0203,1.0387,1.0162,1.0358,691598.32,710702.37,1.027369
1622001600000,1.0345,1.0679,1.0175,1.0463,863985.02,901367.06,1.042732
1622008800000,1.0469,1.1,1.0443,1.0968,711658.87,769210.33,1.072225
1622016000000,1.0968,1.1001,1.0599,1.0808,1300529.09,1405171.27,1.079637
1622023200000,1.0822,1.1337,1.06,1.1197,1324379.03,1455512.41,1.096566
1622030400000,1.1207,1.1422,1.0429,1.0451,1387940.35,1525616.56,1.094185
1622037600000,1.0434,1.0723,1.0378,1.0681,910247.72,962783.87,1.054947
1622044800000,1.0674,1.1106,1.06,1.1072,815733.94,882143.31,1.084934
1622052000000,1.1062,1.1277,1.0812,1.1122,672338.21,743621.04,1.10443
1622059200000,1.1133,1.1367,1.1051,1.1244,574820.73,646191.04,1.120965
1622066400000,1.124,1.1499,1.1177,1.1494,374799.9,424573.79,1.133266
1622073600000,1.1489,1.15,1.0453,1.0584,1149192.3,1252681.22,1.096272
1622080800000,1.0577,1.0673,1.0225,1.0589,1197607.7,1253102.33,1.044898
1622088000000,1.0597,1.0881,1.0355,1.0852,484948.55,513005.5,1.061135
1622095200000,1.0866,1.1124,1.0791,1.0986,590555.24,646785.98,1.095856
1622102400000,1.0974,1.1328,1.0812,1.1204,771766.35,859366.81,1.106901
1622109600000,1.1227,1.1776,1.1185,1.1722,977517.4,1124023.93,1.148178
1622116800000,1.1726,1.1824,1.1292,1.1694,940082.5,1092790.98,1.155786
1622124000000,1.1685,1.1888,1.1514,1.161,552377.93,647265.97,1.170154
1622131200000,1.1646,1.1688,1.1177,1.1514,1232964.02,1402048.05,1.143
1622138400000,1.1515,1.1636,1.1313,1.1441,581893.71,667358.6,1.147445
1622145600000,1.1433,1.1433,1.0973,1.1283,464647.84,521080.1,1.119877
1622152800000,1.1286,1.1348,1.0928,1.103,536560.01,594528.95,1.113595
1622160000000,1.1027,1.1211,1.0625,1.0885,788302.16,858661.67,1.091743
1622167200000,1.0904,1.1243,1.0849,1.1219,405259.66,449289.16,1.104305
1622174400000,1.1219,1.1219,1.0092,1.0205,2105238.79,2173960.73,1.064116
1622181600000,1.0208,1.034,0.9875,1.0188,1461533.49,1478976.74,1.010746
1622188800000,1.0194,1.0204,0.9425,0.9764,1627770.14,1595271.04,0.980094
1622196000000,0.9757,0.9952,0.9313,0.9424,1417972.5,1374040.12,0.963556
1622203200000,0.9425,1.026,0.9287,1.0221,1427791.06,1399971.95,0.976355
1622210400000,1.021,1.0283,0.9952,1.0113,502827.0,508542.63,1.011653
1622217600000,1.011,1.0137,0.9582,0.98,799411.66,786350.34,0.985142
1622224800000,0.9829,1.0032,0.9696,0.9911,376061.76,370912.03,0.986391
1622232000000,0.992,1.008,0.9245,0.9318,941958.7,900778.19,0.9669
1622239200000,0.9322,0.9697,0.9271,0.9645,592719.74,559816.28,0.948408
1622246400000,0.9645,1.0089,0.9628,0.9946,948069.71,938870.32,0.986602
1622253600000,0.9959,1.0045,0.9858,0.997,221236.95,219883.13,0.995149
1622260800000,0.997,1.0029,0.9593,0.993,582186.57,573860.23,0.981071
1622268000000,0.9932,1.0062,0.9678,0.9721,404729.31,399033.36,0.987355
1622275200000,0.9708,0.9763,0.9341,0.9478,556546.88,530428.52,0.954871
1622282400000,0.9463,0.9514,0.9209,0.9484,615430.43,578935.51,0.936137
1622289600000,0.9459,0.9498,0.896,0.9173,712918.93,656234.89,0.922239
1622296800000,0.9172,0.9262,0.8737,0.8879,1043497.49,938347.99,0.89973
1622304000000,0.8877,0.9137,0.8572,0.8633,798558.51,705794.12,0.885937
1622311200000,0.8616,0.8742,0.8452,0.8639,561592.33,483620.63,0.859695
1622318400000,0.8631,0.8877,0.8432,0.8844,610242.6,528013.77,0.864946
1622325600000,0.8844,0.9097,0.8765,0.9005,543686.58,485053.71,0.893141
1622332800000,0.9011,0.9011,0.8421,0.8646,727844.11,631653.14,0.87041
1622340000000,0.8644,0.8968,0.8569,0.8924,405858.95,356774.66,0.876632
1622347200000,0.8942,0.941,0.8878,0.9366,680913.99,628354.88,0.914211
1622354400000,0.9369,0.9679,0.9369,0.9669,662874.21,631901.25,0.952553
1622361600000,0.9658,0.9743,0.9558,0.9627,270289.38,260436.75,0.965056
1622368800000,0.9634,0.9903,0.9549,0.9878,638530.11,622163.03,0.972196
1622376000000,0.9867,0.9909,0.9412,0.9502,445381.06,426459.33,0.965676
1622383200000,0.9508,0.9518,0.9184,0.9359,418010.28,390382.38,0.934668
1622390400000,0.9354,0.9622,0.9283,0.9593,282397.41,267753.19,0.944952
1622397600000,0.9599,0.9718,0.9552,0.958,198180.09,191211.81,0.963515
1622404800000,0.956,0.9635,0.9426,0.9488,255315.9,243603.83,0.95307
1622412000000,0.9493,0.9621,0.9337,0.9363,469732.37,444999.77,0.948182
1622419200000,0.9368,0.9567,0.9029,0.9051,565971.28,523889.9,0.930641
1622426400000,0.9035,0.9149,0.8926,0.9011,334362.99,302084.13,0.903754
1622433600000,0.8998,0.9084,0.8874,0.8998,327614.14,294146.82,0.8979
1622440800000,0.8992,0.9468,0.8992,0.945,504452.79,468523.73,0.923271
1622448000000,0.945,0.9661,0.9359,0.955,515415.82,492256.02,0.951028
1622455200000,0.9555,0.9913,0.9555,0.9811,475196.32,464215.37,0.974148
1622462400000,0.9811,0.9918,0.9654,0.9705,505020.94,493655.59,0.978718
1622469600000,0.9704,1.016,0.9562,1.0149,661040.66,655934.13,0.985048
1622476800000,1.0147,1.02,0.983,0.9884,625216.23,624904.29,1.001493
1622484000000,0.9889,0.9998,0.9827,0.9988,133279.54,131829.94,0.991012
1622491200000,0.9988,1.0108,0.9935,1.0065,206854.9,207331.02,1.002124
1622498400000,1.0037,1.0231,1.0016,1.0201,250742.48,254451.55,1.012427
1622505600000,1.0199,1.0308,0.9947,0.995,493609.15,501271.56,1.013465
1622512800000,0.9959,1.0173,0.9821,1.0084,406744.83,407730.08,0.99962
1622520000000,1.0087,1.0536,1.0042,1.0498,396083.41,408509.09,1.028827
1622527200000,1.0489,1.0527,1.0201,1.03,283066.66,292913.35,1.03612
1622534400000,1.0292,1.0353,0.9873,1.0049,499691.83,501643.32,1.010906
1622541600000,1.0033,1.0398,0.9999,1.0375,603029.56,620116.13,1.019726
1622548800000,1.0346,1.0395,0.9888,1.038,562344.25,571504.92,1.014125
1622556000000,1.0376,1.0398,1.0001,1.0223,411238.89,418707.7,1.019564
1622563200000,1.0205,1.0276,0.995,1.0251,368685.52,372678.22,1.011242
1622570400000,1.0241,1.0284,0.9965,1.0059,255081.98,258729.69,1.012224
1622577600000,1.0061,1.0244,1.0007,1.0224,209225.48,212098.53,1.012322
1622584800000,1.0236,1.0293,1.0026,1.0262,312987.69,318977.24,1.015929
1622592000000,1.0273,1.1881,1.0191,1.1369,10431399.56,11809659.19,1.106126
1622599200000,1.1369,1.2,1.1311,1.1434,4046198.11,4723995.64,1.165607
1622606400000,1.1448,1.1527,1.1188,1.1328,1055418.03,1197656.09,1.135651
1622613600000,1.1329,1.1385,1.1146,1.1208,867918.24,977832.69,1.126529
1622620800000,1.1201,1.1254,1.0972,1.1059,1216402.57,1349352.56,1.111185
1622628000000,1.1068,1.1104,1.0791,1.0909,980081.76,1070587.08,1.094467
1622635200000,1.0919,1.1412,1.0805,1.1326,1967572.31,2190239.7,1.110673
1622642400000,1.1327,1.2547,1.1319,1.1652,5610142.04,6650297.56,1.19409
1622649600000,1.1653,1.1699,1.1387,1.1553,845311.09,974230.15,1.154142
1622656800000,1.1563,1.1878,1.1465,1.1501,843990.62,982964.77,1.167229
1622664000000,1.1506,1.1545,1.1309,1.1423,383021.17,437035.28,1.14258
1622671200000,1.1416,1.1674,1.1203,1.1463,748842.31,856631.73,1.14385
1622678400000,1.1471,1.1585,1.1064,1.1073,491814.55,555685.7,1.133347
1622685600000,1.1062,1.1361,1.0932,1.1353,1048549.49,1159111.95,1.113857
1622692800000,1.1353,1.1829,1.1349,1.1729,929273.51,1075917.76,1.15977
1622700000000,1.1729,1.1872,1.1582,1.1752,761875.12,894757.56,1.172698
1622707200000,1.1776,1.235,1.173,1.2045,1600908.31,1939232.1,1.20464
1622714400000,1.2057,1.2068,1.1532,1.1632,2001303.46,2367597.87,1.17917
1622721600000,1.1648,1.196,1.1491,1.1581,686417.17,806635.33,1.172607
1622728800000,1.156,1.1797,1.1505,1.1591,686628.48,798761.29,1.165121
1622736000000,1.1571,1.1712,1.1401,1.1581,871807.5,1007601.54,1.155649
1622743200000,1.1606,1.1937,1.1464,1.1765,1042780.24,1222328.94,1.170094
1622750400000,1.1749,1.2056,1.1748,1.1787,728208.47,867065.28,1.190251
1622757600000,1.1802,1.21,1.1788,1.1887,473658.23,567490.51,1.194588
1622764800000,1.1886,1.1897,1.1152,1.1289,795569.83,919962.72,1.151245
1622772000000,1.1284,1.1353,1.0963,1.1214,551681.03,616619.43,1.115726
1622779200000,1.1229,1.1278,1.0621,1.0705,629942.78,687466.81,1.094619
1622786400000,1.07,1.0884,1.0194,1.0525,1395530.99,1458004.82,1.05378
1622793600000,1.0522,1.065,1.0317,1.0601,905000.13,952745.94,1.048239
1622800800000,1.0606,1.069,1.0406,1.0513,556468.08,588232.69,1.054768
1622808000000,1.05,1.086,1.0174,1.0737,884149.34,931096.05,1.051388
1622815200000,1.0766,1.0976,1.0603,1.0934,318573.4,343889.73,1.078627
1622822400000,1.0924,1.1105,1.083,1.1087,354881.82,389480.25,1.096384
1622829600000,1.1098,1.119,1.1009,1.1023,197365.01,219541.23,1.110125
1622836800000,1.1023,1.1185,1.1023,1.1067,107125.75,118862.05,1.110511
1622844000000,1.1084,1.1102,1.0586,1.0668,563431.89,608906.38,1.083779
1622851200000,1.0685,1.108,1.06,1.1025,379949.84,416535.94,1.083785
1622858400000,1.1034,1.1231,1.0965,1.109,355725.53,395109.2,1.10984
1622865600000,1.1105,1.1227,1.1076,1.11,246869.55,275118.38,1.115151
1622872800000,1.1112,1.1406,1.1088,1.1239,366970.68,413337.0,1.124997
1622880000000,1.1232,1.1389,1.0557,1.0727,701370.03,766639.75,1.097234
1622887200000,1.0684,1.0845,1.0503,1.0615,543633.41,581297.48,1.067425
1622894400000,1.0612,1.0689,1.0382,1.0392,414083.92,436032.71,1.054043
1622901600000,1.039,1.0799,1.0346,1.0792,377993.95,399348.52,1.056796
1622908800000,1.0798,1.0798,1.0553,1.0559,163180.23,174687.56,1.067456
1622916000000,1.0576,1.0661,1.039,1.0423,188362.89,198912.62,1.052775
1622923200000,1.0422,1.0607,1.0084,1.0103,407281.21,420607.99,1.035401
1622930400000,1.0112,1.0456,1.0112,1.04,268179.91,275826.94,1.028995
1622937600000,1.04,1.0522,1.0296,1.0486,179134.87,186502.45,1.040772
1622944800000,1.0473,1.0503,1.0323,1.0345,118334.12,123073.43,1.041358
1622952000000,1.0357,1.0473,1.0356,1.0464,80152.01,83522.15,1.041556
1622959200000,1.0473,1.0562,1.031,1.0539,196840.87,205104.96,1.043478
1622966400000,1.0537,1.0734,1.0527,1.0681,279024.82,297058.2,1.063346
1622973600000,1.069,1.0712,1.0501,1.052,166451.99,176211.75,1.060679
1622980800000,1.0547,1.0791,1.0406,1.0454,341900.25,363183.44,1.059995
1622988000000,1.0461,1.0786,1.0417,1.0706,574120.51,611368.98,1.060373
1622995200000,1.0726,1.0754,1.0577,1.0622,161193.87,172226.16,1.06647
1623002400000,1.0618,1.0623,1.0495,1.0509,80350.2,84894.13,1.0558
1623009600000,1.0503,1.0677,1.0452,1.0664,108729.69,114894.22,1.056171
1623016800000,1.0652,1.0655,1.0372,1.0612,213885.38,224596.35,1.051291
1623024000000,1.0623,1.0763,1.0469,1.0725,478650.92,508257.47,1.06142
1623031200000,1.0725,1.08,1.0631,1.0654,174312.53,186757.0,1.07167
1623038400000,1.0661,1.072,1.0578,1.0648,133581.17,142387.71,1.064899
1623045600000,1.0656,1.0661,1.0462,1.0576,172611.06,182114.28,1.055921
1623052800000,1.058,1.0646,1.0465,1.0634,139384.51,147188.39,1.055433
1623060000000,1.0643,1.0838,1.0639,1.068,336272.5,361467.12,1.073917
1623067200000,1.0695,1.0835,1.0637,1.0648,174626.91,187541.79,1.073692
1623074400000,1.0648,1.07,1.0548,1.0593,416668.69,442538.68,1.062412
1623081600000,1.0593,1.0693,1.0265,1.0283,552227.65,576661.36,1.048519
1623088800000,1.0265,1.0302,1.0165,1.026,304710.69,312110.59,1.023349
1623096000000,1.025,1.0282,0.9638,0.9732,889415.8,880141.94,0.995402
1623103200000,0.9707,0.98,0.9436,0.953,440349.14,423314.12,0.961797
1623110400000,0.953,0.9688,0.9311,0.9418,604575.01,571747.34,0.950008
1623117600000,0.9427,0.9428,0.8769,0.903,1264449.0,1141471.89,0.908553
1623124800000,0.9025,0.9135,0.885,0.9081,478261.92,432167.86,0.899191
1623132000000,0.9074,0.9251,0.8801,0.917,625572.94,567100.34,0.90249
1623139200000,0.9166,0.9334,0.8961,0.897,512940.0,470075.19,0.915339
1623146400000,0.8984,0.9265,0.8898,0.9239,338964.61,307091.98,0.907738
1623153600000,0.9243,0.928,0.8786,0.8806,440216.72,397944.13,0.903507
1623160800000,0.8814,0.8868,0.8298,0.8594,1731304.99,1485264.41,0.857832
1623168000000,0.8583,0.8998,0.8524,0.897,674914.58,592564.01,0.87579
1623175200000,0.8969,0.9161,0.8942,0.9143,401008.35,362068.24,0.905066
1623182400000,0.9126,0.9316,0.9088,0.9249,326241.49,301014.13,0.920314
1623189600000,0.9226,0.9589,0.9225,0.9547,420741.84,397587.28,0.941195
1623196800000,0.9534,0.9689,0.9276,0.9352,719393.46,683966.11,0.948452
1623204000000,0.938,0.9722,0.9226,0.9625,846461.79,803311.42,0.947215
1623211200000,0.9631,0.9842,0.9474,0.9605,844895.08,814891.03,0.965805
1623218400000,0.959,0.9755,0.9501,0.9517,1098815.64,1058737.48,0.962957
1623225600000,0.9513,0.9569,0.93,0.9312,460266.82,435261.27,0.943807
1623232800000,0.9311,0.9704,0.9296,0.9637,549070.03,523226.02,0.950494
1623240000000,0.9641,0.9732,0.9407,0.9491,274216.88,262112.22,0.95697
1623247200000,0.9494,0.9691,0.9277,0.9629,875671.52,835607.38,0.948188
1623254400000,0.9645,0.9745,0.9532,0.9655,496702.67,478590.11,0.963849
1623261600000,0.9662,0.9713,0.9355,0.9418,565591.3,536415.51,0.953321
1623268800000,0.9449,0.952,0.9347,0.9437,519452.76,489438.5,0.943349
1623276000000,0.9437,0.9663,0.9424,0.9663,367719.42,351457.28,0.954163
1623283200000,0.9663,0.9755,0.9497,0.9597,509770.32,490734.08,0.962593
1623290400000,0.9595,0.9764,0.9556,0.9556,450405.94,435170.8,0.966075
1623297600000,0.9561,0.9628,0.9465,0.9587,366892.26,349806.61,0.954632
1623304800000,0.9581,0.9863,0.9502,0.9689,727794.52,706748.29,0.968359
1623312000000,0.9689,0.9806,0.9377,0.9613,897317.19,854219.19,0.959103
1623319200000,0.9593,0.9767,0.9592,0.9677,403319.23,390868.95,0.968222
1623326400000,0.9661,0.9675,0.949,0.961,434781.81,416290.62,0.958147
1623333600000,0.9633,0.9674,0.9224,0.9318,451916.33,424397.34,0.94453
1623340800000,0.9319,0.9401,0.9173,0.9347,460861.51,428633.8,0.928683
1623348000000,0.9336,0.9421,0.9264,0.93,185892.94,173843.58,0.934283
1623355200000,0.9309,0.946,0.911,0.946,319959.47,296360.36,0.928014
1623362400000,0.946,0.9491,0.9279,0.9343,160679.34,150785.39,0.938364
1623369600000,0.935,0.9451,0.8897,0.9073,611902.29,559233.01,0.91715
1623376800000,0.9062,0.9272,0.8958,0.9189,236708.62,216475.29,0.911455
1623384000000,0.9178,0.9284,0.9164,0.9188,158637.68,146265.3,0.922407
1623391200000,0.9179,0.9286,0.9064,0.9286,219866.72,201322.48,0.917145
1623398400000,0.9268,0.9511,0.9224,0.9338,362894.36,339549.49,0.936847
1623405600000,0.9342,0.9462,0.9217,0.9295,182275.89,170147.91,0.93397
1623412800000,0.9302,0.9381,0.9181,0.9299,263107.73,244126.2,0.9281
1623420000000,0.93,0.9314,0.8911,0.8933,455240.34,412743.86,0.911145
1623427200000,0.8932,0.9011,0.8819,0.8872,256541.86,228033.8,0.891533
1623434400000,0.887,0.8904,0.8691,0.8782,247268.98,217711.83,0.879623
1623441600000,0.8765,0.8901,0.859,0.8604,298693.02,261130.01,0.874988
1623448800000,0.8611,0.8816,0.8508,0.8635,489914.06,423252.64,0.866206
1623456000000,0.8637,0.8641,0.8298,0.8337,376495.7,318551.09,0.846536
1623463200000,0.8333,0.8394,0.8116,0.8222,670250.1,552437.32,0.825407
1623470400000,0.823,0.8259,0.8027,0.8194,400172.88,326455.87,0.814258
1623477600000,0.8197,0.8442,0.8183,0.838,387590.94,323255.98,0.831592
1623484800000,0.8379,0.84,0.8225,0.8363,235424.19,196024.92,0.831238
1623492000000,0.8364,0.8666,0.8206,0.8657,923906.72,784763.12,0.842759
1623499200000,0.8659,0.8935,0.8633,0.8898,627188.62,552056.15,0.878502
1623506400000,0.8896,0.8901,0.8612,0.8651,561712.55,491670.15,0.875278
1623513600000,0.8655,0.8895,0.86,0.8804,485944.98,423131.35,0.874873
1623520800000,0.8805,0.8838,0.8661,0.8672,365871.26,321266.48,0.875131
1623528000000,0.8679,0.8749,0.8545,0.8609,264642.01,229519.77,0.864709
1623535200000,0.8651,0.8666,0.8465,0.8523,201771.26,172782.22,0.856307
1623542400000,0.8517,0.865,0.8403,0.862,353630.59,302170.04,0.852459
1623549600000,0.8616,0.8629,0.8297,0.8304,288302.73,244367.7,0.846385
1623556800000,0.8296,0.8381,0.82,0.8232,329274.91,272906.18,0.829136
1623564000000,0.8211,0.837,0.8192,0.8277,281621.94,234008.3,0.828232
1623571200000,0.8273,0.8412,0.8183,0.8404,475685.83,395563.51,0.829385
1623578400000,0.8408,0.8425,0.8244,0.8296,414816.25,345622.39,0.833265
1623585600000,0.829,0.8354,0.8146,0.821,985651.4,813482.92,0.825
1623592800000,0.8206,0.8248,0.8082,0.8219,402828.29,328754.66,0.816493
1623600000000,0.8213,0.8566,0.8183,0.8545,519861.89,436661.15,0.837346
1623607200000,0.8547,0.8608,0.8382,0.8488,1603931.54,1361123.96,0.849461
1623614400000,0.8493,0.9,0.8488,0.8963,1467132.6,1289004.22,0.874827
1623621600000,0.8968,0.9007,0.8846,0.8951,465168.48,415913.64,0.892641
1623628800000,0.8948,0.9075,0.883,0.9031,490875.17,439848.77,0.895141
1623636000000,0.9031,0.9064,0.8826,0.8944,352135.64,315469.1,0.894353
1623643200000,0.8946,0.8991,0.8844,0.8892,214826.46,191987.62,0.891745
1623650400000,0.8891,0.8967,0.8821,0.8852,353303.82,314177.87,0.889441
1623657600000,0.8851,0.8863,0.8666,0.8747,408340.07,356769.17,0.876192
1623664800000,0.8723,0.8808,0.8683,0.8737,423186.69,370081.84,0.874555
1623672000000,0.8728,0.9123,0.8683,0.9077,948280.23,844999.09,0.890309
1623679200000,0.908,0.93,0.9034,0.9284,722431.85,661909.94,0.916441
1623686400000,0.9288,0.9342,0.9046,0.9208,657301.71,604004.51,0.9193
1623693600000,0.9217,0.9231,0.8924,0.9111,306600.03,277028.97,0.907484
1623700800000,0.9105,0.9317,0.9088,0.9189,345996.97,317988.97,0.920443
1623708000000,0.9188,0.9189,0.9034,0.9105,380958.21,347237.32,0.91088
1623715200000,0.9105,0.9393,0.9036,0.9159,430370.94,397555.68,0.921497
1623722400000,0.9163,0.9335,0.9144,0.9254,264787.71,244488.43,0.924137
1623729600000,0.9254,0.9458,0.9224,0.9429,365029.53,342237.15,0.934092
1623736800000,0.9428,0.9524,0.9284,0.95,384000.98,361253.33,0.940262
1623744000000,0.9502,0.959,0.9277,0.9444,681368.25,644712.7,0.943316
1623751200000,0.944,0.9461,0.9228,0.9317,578904.85,538508.04,0.934195
1623758400000,0.9312,0.9496,0.9275,0.9322,344876.15,323704.45,0.938554
1623765600000,0.9317,0.9323,0.9005,0.9086,527517.72,480627.28,0.91583
1623772800000,0.9081,0.9194,0.9047,0.9165,262844.52,239489.16,0.912028
1623780000000,0.9175,0.9265,0.9012,0.9028,368169.91,337648.13,0.914191
1623787200000,0.9008,0.9044,0.8868,0.8908,548629.7,490413.86,0.895582
1623794400000,0.8909,0.903,0.8909,0.8936,210963.7,189535.7,0.897009
1623801600000,0.8928,0.8937,0.8741,0.8865,567641.06,502946.64,0.883748
1623808800000,0.8859,0.8985,0.8827,0.897,339927.51,302848.71,0.89048
1623816000000,0.8954,0.9111,0.8953,0.9102,343899.04,311193.76,0.903312
1623823200000,0.9105,0.9178,0.9093,0.9122,243520.05,222566.43,0.913572
1623830400000,0.9126,0.945,0.9119,0.9259,851104.16,789527.78,0.928837
1623837600000,0.9251,0.9285,0.8828,0.8856,867932.96,783118.66,0.905719
1623844800000,0.8846,0.8941,0.875,0.8906,591400.64,523416.36,0.884473
1623852000000,0.8888,0.8915,0.865,0.8746,285089.26,249237.75,0.877983
1623859200000,0.8752,0.8876,0.8611,0.8769,284768.91,248545.4,0.874348
1623866400000,0.8754,0.8908,0.8618,0.8863,333116.08,292833.87,0.876133
1623873600000,0.8856,0.8859,0.8746,0.8796,198381.7,174286.17,0.880072
1623880800000,0.8796,0.882,0.8562,0.8677,287533.1,248758.33,0.868844
1623888000000,0.8672,0.8819,0.8634,0.8799,235900.4,206722.18,0.87253
1623895200000,0.8792,0.8907,0.877,0.8899,226772.27,200693.39,0.883724
1623902400000,0.8909,0.8978,0.8908,0.8915,215169.91,192525.04,0.894306
1623909600000,0.8932,0.9004,0.8918,0.8938,152876.76,137006.88,0.896103
1623916800000,0.893,0.8955,0.8821,0.8921,336389.45,298724.94,0.888796
1623924000000,0.8925,0.896,0.8892,0.8951,181164.47,161767.59,0.892554
1623931200000,0.8956,0.8959,0.876,0.8778,218080.58,192584.01,0.885762
1623938400000,0.8771,0.8874,0.8736,0.883,236703.15,208337.94,0.880522
1623945600000,0.883,0.883,0.8526,0.8534,341725.09,295209.36,0.867676
1623952800000,0.8528,0.8755,0.8507,0.8565,317532.84,274518.76,0.863147
1623960000000,0.8565,0.8688,0.8517,0.8675,206294.71,177537.18,0.860048
1623967200000,0.8682,0.878,0.8635,0.8751,133094.54,115904.47,0.870696
1623974400000,0.8765,0.877,0.85,0.8506,424200.29,367139.52,0.863485
1623981600000,0.8496,0.8659,0.8427,0.8657,214771.35,183102.37,0.853841
1623988800000,0.8658,0.8798,0.8647,0.871,177219.94,154636.64,0.872368
1623996000000,0.8716,0.8773,0.8608,0.8741,186579.82,162298.56,0.869028
1624003200000,0.8743,0.8828,0.8583,0.8591,338772.23,295858.14,0.87096
1624010400000,0.8597,0.871,0.8444,0.8595,368718.24,316398.63,0.8577
1624017600000,0.8604,0.8611,0.8377,0.8379,271257.68,229445.44,0.849475
1624024800000,0.8379,0.8393,0.8083,0.8085,466952.93,384008.1,0.823974
1624032000000,0.8101,0.83,0.8101,0.8159,427654.48,349942.04,0.820203
1624039200000,0.8152,0.8309,0.78,0.7868,865175.45,692167.55,0.805826
1624046400000,0.7861,0.8099,0.7859,0.8086,176343.99,140975.19,0.798055
1624053600000,0.8073,0.8169,0.8006,0.8169,183870.51,148607.11,0.808432
1624060800000,0.8176,0.8202,0.8106,0.8178,105704.77,86287.63,0.8154
1624068000000,0.8182,0.8197,0.7853,0.7893,264728.14,212058.69,0.802232
1624075200000,0.7915,0.816,0.7894,0.8149,238950.86,191842.92,0.80258
1624082400000,0.8154,0.8208,0.8044,0.8143,269066.55,218929.9,0.812597
1624089600000,0.8127,0.8199,0.807,0.8089,178547.24,145608.05,0.813509
1624096800000,0.8095,0.8144,0.8045,0.8142,117991.19,95315.0,0.809307
1624104000000,0.8137,0.8286,0.8107,0.816,315342.9,259283.82,0.81967
1624111200000,0.8157,0.8294,0.8157,0.8292,211941.44,174473.32,0.822582
1624118400000,0.8291,0.8312,0.812,0.8139,114028.52,93556.83,0.821619
1624125600000,0.8143,0.817,0.7983,0.8121,246666.56,198781.45,0.807631
1624132800000,0.8116,0.8163,0.8033,0.8041,79046.55,63940.36,0.809977
1624140000000,0.8038,0.804,0.7845,0.7885,234041.66,185532.52,0.793904
1624147200000,0.7877,0.7892,0.7718,0.7821,456247.24,356447.77,0.780383
1624154400000,0.7813,0.7839,0.7702,0.7795,159055.35,123836.16,0.777035
1624161600000,0.779,0.7941,0.7765,0.7885,144604.11,114138.12,0.785422
1624168800000,0.7888,0.7897,0.7759,0.7804,187127.67,146286.11,0.782616
1624176000000,0.7802,0.7821,0.7586,0.7592,251457.39,193103.84,0.770512
1624183200000,0.7598,0.7705,0.7319,0.7321,752399.15,564314.7,0.751976
1624190400000,0.7314,0.7415,0.7241,0.7339,355597.82,260908.89,0.732801
1624197600000,0.7334,0.7603,0.7284,0.7568,190807.09,143046.13,0.744233
1624204800000,0.7568,0.7615,0.7471,0.7491,1499583.63,1131696.99,0.754404
1624212000000,0.7501,0.7782,0.75,0.7762,301535.68,230174.05,0.764359
1624219200000,0.7768,0.7914,0.7743,0.791,356644.44,279670.46,0.782631
1624226400000,0.7914,0.7982,0.7887,0.7898,151117.94,119795.6,0.79347
1624233600000,0.7896,0.7985,0.7744,0.7744,232291.84,182609.73,0.786941
1624240800000,0.7744,0.7775,0.7485,0.7496,282513.76,214492.28,0.763224
1624248000000,0.7489,0.75,0.7272,0.7497,370112.02,273339.79,0.738597
1624255200000,0.7497,0.7537,0.6985,0.707,1186695.4,848608.76,0.725704
1624262400000,0.7078,0.7212,0.6886,0.6988,1379293.57,970635.16,0.704931
1624269600000,0.6991,0.6994,0.6503,0.6715,1725741.69,1154230.93,0.673954
1624276800000,0.6716,0.6807,0.6412,0.6802,2259955.26,1496135.56,0.660771
1624284000000,0.6805,0.6883,0.6613,0.6678,1398829.06,945441.22,0.674838
1624291200000,0.667,0.6739,0.641,0.6421,926981.07,603600.79,0.657935
1624298400000,0.6426,0.6648,0.6408,0.657,716771.45,468590.09,0.653097
1624305600000,0.658,0.664,0.6185,0.6198,1090411.57,700055.85,0.641753
1624312800000,0.6192,0.6383,0.5991,0.6018,1580622.01,974269.38,0.619125
1624320000000,0.6012,0.6347,0.5843,0.6294,2162393.14,1311793.78,0.609008
1624327200000,0.6298,0.6444,0.6153,0.6403,848248.83,532030.93,0.629675
1624334400000,0.6421,0.6428,0.6112,0.6158,336524.57,211198.75,0.626592
1624341600000,0.6147,0.6259,0.6104,0.6149,416446.44,256909.68,0.61815
1624348800000,0.6151,0.6168,0.5708,0.5823,1907273.08,1120474.8,0.593086
1624356000000,0.5814,0.5895,0.5496,0.5497,1924028.08,1089995.37,0.570299
1624363200000,0.5503,0.5522,0.4979,0.508,2659642.25,1399082.18,0.524317
1624370400000,0.5087,0.5806,0.5036,0.5756,2064668.01,1113477.58,0.542088
1624377600000,0.574,0.599,0.5709,0.5936,1235358.45,724250.15,0.585109
1624384800000,0.5929,0.6054,0.5789,0.58,765950.86,454643.91,0.592509
1624392000000,0.5788,0.6048,0.5722,0.5775,725998.4,427087.19,0.588504
1624399200000,0.5772,0.5906,0.5662,0.5799,537723.79,310091.4,0.5784
1624406400000,0.5787,0.6293,0.5532,0.6284,1377486.88,816036.36,0.589782
1624413600000,0.6294,0.6415,0.6259,0.637,426482.97,270520.96,0.633732
1624420800000,0.6388,0.6489,0.6253,0.6482,459496.94,292119.09,0.636836
1624428000000,0.6489,0.6499,0.6367,0.6425,629316.36,404291.88,0.64315
1624435200000,0.6427,0.65,0.6355,0.6379,627415.84,403315.91,0.642819
1624442400000,0.6377,0.6521,0.6318,0.6394,427408.54,273895.01,0.641956
1624449600000,0.6391,0.6589,0.6363,0.64,645108.77,417947.55,0.647603
1624456800000,0.6385,0.6563,0.6288,0.6316,1172292.18,753578.43,0.64267
1624464000000,0.6315,0.6437,0.6285,0.6312,685822.49,436237.51,0.6361
1624471200000,0.631,0.631,0.6076,0.6076,456398.48,283494.01,0.6193
1624478400000,0.6081,0.632,0.608,0.625,625297.12,387810.96,0.620488
1624485600000,0.6236,0.645,0.6181,0.6432,336221.66,212898.31,0.631267
1624492800000,0.6429,0.6502,0.6164,0.6169,420985.17,267764.79,0.63389
1624500000000,0.6169,0.6245,0.6088,0.62,496086.05,305404.26,0.616632
1624507200000,0.62,0.6382,0.6122,0.6381,441333.52,274809.4,0.624669
1624514400000,0.6385,0.6493,0.6299,0.6412,432034.48,276103.21,0.639599
1624521600000,0.6407,0.67,0.6407,0.6571,629083.73,413488.02,0.655898
1624528800000,0.6587,0.6715,0.655,0.6695,352312.74,233943.59,0.663148
1624536000000,0.669,0.6755,0.662,0.667,313723.65,210088.85,0.668754
1624543200000,0.6682,0.6786,0.6609,0.6672,288647.98,193506.23,0.669752
1624550400000,0.6669,0.6828,0.6623,0.6771,342923.22,231107.24,0.672586
1624557600000,0.6777,0.6811,0.668,0.6715,189174.28,127658.1,0.674547
1624564800000,0.6719,0.6736,0.6633,0.6645,201344.21,134714.14,0.668487
1624572000000,0.6644,0.6673,0.6564,0.6623,468820.53,311191.73,0.661836
1624579200000,0.6631,0.6719,0.6478,0.6635,407211.65,268320.51,0.65985
1624586400000,0.6635,0.6762,0.6597,0.675,508110.68,340148.06,0.66777
1624593600000,0.6752,0.6804,0.6676,0.6765,559705.88,377151.54,0.673995
1624600800000,0.676,0.6841,0.6559,0.6591,524391.32,352949.6,0.670242
1624608000000,0.6588,0.6588,0.6312,0.6318,610125.46,392903.54,0.644906
1624615200000,0.6319,0.6375,0.6179,0.623,581117.46,364904.46,0.627714
1624622400000,0.6211,0.6316,0.6134,0.6264,534175.67,333150.39,0.622473
1624629600000,0.6261,0.6369,0.6102,0.6143,627661.3,390443.24,0.623722
1624636800000,0.6148,0.6207,0.5937,0.5982,762279.08,460887.23,0.607273
1624644000000,0.5982,0.6381,0.5965,0.6238,733929.83,454551.38,0.617959
1624651200000,0.6232,0.63,0.6118,0.6145,365867.15,227214.03,0.621024
1624658400000,0.6154,0.6199,0.5956,0.6011,404571.63,246030.63,0.607703
1624665600000,0.6008,0.6237,0.5949,0.6097,758501.33,462638.36,0.609399
1624672800000,0.6102,0.6231,0.5975,0.6129,442721.93,271167.87,0.610297
1624680000000,0.6138,0.6242,0.6093,0.6152,246881.49,152048.38,0.616755
1624687200000,0.6144,0.6225,0.5839,0.5844,832878.42,499137.67,0.603876
1624694400000,0.584,0.5899,0.5677,0.5854,953622.9,551384.28,0.578794
1624701600000,0.585,0.6035,0.5748,0.5998,620158.42,366331.57,0.588919
1624708800000,0.5996,0.6105,0.5856,0.5856,833982.54,501366.49,0.598518
1624716000000,0.5868,0.5933,0.5761,0.5862,721842.81,421478.46,0.584699
1624723200000,0.5858,0.5912,0.5676,0.5879,864762.84,499967.58,0.579385
1624730400000,0.5883,0.595,0.5851,0.5904,537252.27,316602.05,0.590058
1624737600000,0.589,0.5902,0.5737,0.585,358996.06,208747.0,0.581875
1624744800000,0.5849,0.601,0.5844,0.6007,303637.11,179362.27,0.592671
1624752000000,0.6009,0.6158,0.5928,0.613,565318.25,342537.36,0.604103
1624759200000,0.6137,0.6269,0.6103,0.6141,580948.89,359085.76,0.618601
1624766400000,0.6142,0.6184,0.6075,0.6081,213281.34,130835.35,0.613103
1624773600000,0.6079,0.6146,0.6022,0.6142,177523.3,107982.2,0.608217
1624780800000,0.6138,0.6192,0.5979,0.5979,375107.2,228366.01,0.608987
1624788000000,0.5981,0.6028,0.5906,0.5974,359937.22,214476.59,0.596699
1624795200000,0.599,0.6027,0.594,0.5968,415679.81,248708.86,0.598357
1624802400000,0.5962,0.5992,0.5909,0.5974,261266.87,155507.59,0.595041
1624809600000,0.598,0.6005,0.5876,0.5925,337608.79,200267.0,0.593993
1624816800000,0.5919,0.593,0.5829,0.5916,484492.83,284626.92,0.587949
1624824000000,0.5913,0.5918,0.5823,0.591,342831.42,201523.68,0.587049
1624831200000,0.591,0.6393,0.5906,0.6381,845474.27,523913.35,0.615072
1624838400000,0.6378,0.6406,0.6294,0.6358,397654.08,252686.64,0.634986
1624845600000,0.6359,0.6438,0.6328,0.6435,273119.26,173933.32,0.63811
1624852800000,0.6432,0.6527,0.6384,0.6437,548870.92,354334.46,0.645551
1624860000000,0.6433,0.6552,0.6377,0.6549,420863.27,271759.86,0.646123
1624867200000,0.655,0.6608,0.6467,0.6505,455771.48,298467.49,0.653776
1624874400000,0.6507,0.6599,0.6415,0.6599,491813.24,319156.62,0.650393
1624881600000,0.66,0.6959,0.6543,0.6895,1827846.72,1242516.76,0.67515
1624888800000,0.6899,0.7027,0.6888,0.6984,1392341.99,969209.74,0.695915
1624896000000,0.6988,0.7004,0.6828,0.6893,667500.5,460870.87,0.691408
1624903200000,0.6874,0.7101,0.685,0.7081,921806.94,644600.45,0.697509
1624910400000,0.7086,0.7177,0.6927,0.7039,1131108.33,799235.22,0.705191
1624917600000,0.703,0.7054,0.6893,0.7013,554340.97,386125.48,0.697337
1624924800000,0.7032,0.7163,0.6984,0.7059,797992.66,564952.42,0.707366
1624932000000,0.7067,0.7137,0.6939,0.7076,614799.32,431175.68,0.703798
1624939200000,0.7069,0.7252,0.7069,0.7187,672129.88,483670.52,0.716427
1624946400000,0.7191,0.7243,0.7146,0.7166,435619.87,313054.87,0.719477
1624953600000,0.716,0.7226,0.6993,0.7095,1527129.05,1084400.48,0.710914
1624960800000,0.7096,0.7294,0.7062,0.7282,578461.44,416583.04,0.717589
1624968000000,0.7272,0.75,0.7224,0.7455,788530.09,580486.24,0.736181
1624975200000,0.7456,0.7456,0.7218,0.734,688017.15,505265.57,0.733315
1624982400000,0.7339,0.739,0.7243,0.7297,423427.81,310024.9,0.731647
1624989600000,0.7298,0.7298,0.7154,0.7269,688640.57,497343.35,0.722541
1624996800000,0.7254,0.7275,0.7104,0.7228,654177.68,470524.1,0.71892
1625004000000,0.7224,0.7319,0.7054,0.7271,571918.17,410697.66,0.718602
1625011200000,0.7267,0.7423,0.7161,0.7398,1366382.43,998357.37,0.72893
1625018400000,0.739,0.7391,0.7092,0.7108,359437.39,261335.67,0.723936
1625025600000,0.7102,0.7154,0.6943,0.7006,443719.21,312097.69,0.70482
1625032800000,0.7,0.7121,0.6984,0.7121,342895.31,242112.94,0.705056
1625040000000,0.7114,0.7156,0.6924,0.6956,492250.34,346090.69,0.704066
1625047200000,0.6966,0.7016,0.6853,0.6975,672800.93,467826.51,0.693447
1625054400000,0.6966,0.7059,0.6903,0.7043,381141.23,266543.94,0.697948
1625061600000,0.7034,0.7062,0.6737,0.6785,564154.89,386401.6,0.689778
1625068800000,0.6785,0.6891,0.6702,0.6881,631883.09,428996.67,0.679398
1625076000000,0.6886,0.7041,0.6874,0.7036,219642.5,152345.66,0.695662
1625083200000,0.7042,0.7296,0.7039,0.7222,1014090.67,728439.17,0.717246
1625090400000,0.7221,0.7434,0.7174,0.7425,244067.82,177633.8,0.730054
1625097600000,0.7432,0.768,0.7381,0.757,1574097.35,1189589.5,0.753216
1625104800000,0.7588,0.76,0.7287,0.7319,420508.44,311422.24,0.744124
1625112000000,0.731,0.7582,0.731,0.7571,317806.78,236891.39,0.744764
1625119200000,0.757,0.759,0.7214,0.7224,1370684.09,1009319.33,0.740334
1625126400000,0.7224,0.7285,0.7037,0.7048,688274.96,493944.03,0.71646
1625133600000,0.7048,0.7201,0.7028,0.7195,337194.67,240375.63,0.711296
1625140800000,0.7201,0.7201,0.6926,0.6932,806737.63,569856.55,0.706256
1625148000000,0.6922,0.7023,0.6832,0.6994,784971.78,546016.6,0.692638
1625155200000,0.6982,0.6996,0.6813,0.6914,748672.15,515449.39,0.690294
1625162400000,0.6909,0.6967,0.6766,0.6826,399797.87,274854.44,0.686646
1625169600000,0.6827,0.6967,0.6823,0.6949,418324.21,288185.45,0.689653
1625176800000,0.6961,0.6975,0.6848,0.6892,641478.06,443052.61,0.69103
1625184000000,0.6887,0.6977,0.6721,0.6746,426887.61,292494.92,0.685167
1625191200000,0.6743,0.6784,0.6634,0.6668,448390.14,301296.81,0.670923
1625198400000,0.6668,0.675,0.6587,0.6632,370042.04,247721.03,0.666873
1625205600000,0.6623,0.675,0.6582,0.6738,354641.2,236094.77,0.666408
1625212800000,0.6733,0.6782,0.656,0.6596,644566.62,431054.2,0.667168
1625220000000,0.6585,0.667,0.6543,0.6585,246646.42,162538.95,0.66065
1625227200000,0.6566,0.6729,0.6545,0.672,335619.81,222725.21,0.663573
1625234400000,0.6719,0.685,0.6687,0.6839,370831.21,251695.62,0.676685
1625241600000,0.6851,0.6858,0.6658,0.6714,668841.05,451338.56,0.675474
1625248800000,0.6719,0.6722,0.6616,0.6651,355392.29,236930.29,0.666717
1625256000000,0.6652,0.6699,0.6585,0.6699,446612.19,296039.23,0.664051
1625263200000,0.6698,0.6977,0.6681,0.691,561459.35,385578.37,0.683268
1625270400000,0.691,0.6924,0.6722,0.6758,355392.96,241739.91,0.682119
1625277600000,0.6757,0.6776,0.6681,0.6718,237677.27,159750.7,0.67281
1625284800000,0.6718,0.6866,0.6695,0.6832,309683.05,210599.88,0.678119
1625292000000,0.6833,0.6964,0.6804,0.6928,315870.91,217271.92,0.688434
1625299200000,0.6933,0.7023,0.6922,0.6984,375604.25,262114.16,0.697345
1625306400000,0.6988,0.7058,0.6903,0.6951,653299.95,455604.08,0.698066
1625313600000,0.6954,0.6986,0.6928,0.6979,234785.86,163280.86,0.695654
1625320800000,0.6976,0.7042,0.697,0.7027,184948.47,129618.12,0.700665
1625328000000,0.7031,0.7149,0.6999,0.7095,282410.55,199612.07,0.707452
1625335200000,0.7093,0.7101,0.7015,0.7095,141981.92,100158.05,0.7058
1625342400000,0.7097,0.711,0.7,0.7014,144884.02,102464.09,0.705492
1625349600000,0.7013,0.704,0.6916,0.7024,239659.8,167215.92,0.697792
1625356800000,0.7029,0.7037,0.6825,0.6825,233903.88,162262.48,0.69322
1625364000000,0.6819,0.6915,0.6807,0.6871,139682.06,96051.41,0.686198
1625371200000,0.6873,0.7064,0.6873,0.7052,244325.91,170560.57,0.697019
1625378400000,0.7061,0.7155,0.7041,0.7133,435438.45,308857.56,0.709811
1625385600000,0.7131,0.7148,0.7078,0.7117,281468.14,200214.72,0.711289
1625392800000,0.7121,0.7186,0.71,0.7174,167612.97,119717.58,0.714253
1625400000000,0.7173,0.7181,0.7047,0.7117,205219.53,146077.76,0.711258
1625407200000,0.712,0.729,0.7112,0.7288,425924.93,307122.51,0.720014
1625414400000,0.7289,0.7343,0.7251,0.734,363699.97,265659.43,0.729554
1625421600000,0.7342,0.7372,0.7314,0.7343,178686.88,131077.59,0.7343
1625428800000,0.7339,0.7416,0.7322,0.7406,390999.53,288336.37,0.736849
1625436000000,0.7407,0.742,0.7192,0.7246,344048.74,250509.85,0.730308
1625443200000,0.7245,0.7255,0.7086,0.7109,419943.08,301928.72,0.716924
1625450400000,0.7115,0.7136,0.7039,0.7074,332214.71,235417.8,0.708717
1625457600000,0.707,0.7244,0.6906,0.6981,1384024.25,972872.92,0.707587
1625464800000,0.6975,0.7022,0.6921,0.6967,277078.77,193120.53,0.69715
1625472000000,0.696,0.7027,0.6891,0.6991,446920.91,311253.17,0.695878
1625479200000,0.6984,0.7088,0.6727,0.6765,862242.96,595080.33,0.691084
1625486400000,0.6769,0.6884,0.6758,0.685,546670.65,372091.88,0.682233
1625493600000,0.6849,0.6915,0.679,0.6792,279959.65,192126.6,0.685425
1625500800000,0.6797,0.6871,0.6706,0.6839,439285.09,298961.93,0.678801
1625508000000,0.6841,0.701,0.6841,0.7009,362850.96,251469.39,0.692566
1625515200000,0.7011,0.7031,0.6956,0.7009,321928.67,225324.78,0.69935
1625522400000,0.7024,0.7024,0.6914,0.6933,475997.65,332076.9,0.696704
1625529600000,0.6935,0.7143,0.6929,0.6937,854212.27,599660.08,0.7036
1625536800000,0.6938,0.7148,0.6912,0.7144,465402.26,327500.92,0.702741
1625544000000,0.7145,0.7279,0.7141,0.7268,689595.49,497929.94,0.721087
1625551200000,0.7274,0.7332,0.7234,0.7306,800830.53,583655.99,0.728281
1625558400000,0.7311,0.7468,0.7127,0.7232,1169840.33,855989.62,0.729785
1625565600000,0.7237,0.7267,0.71,0.7219,526786.6,378044.66,0.718337
1625572800000,0.7198,0.7407,0.7161,0.7341,633878.19,464737.72,0.728534
1625580000000,0.7348,0.7354,0.721,0.7291,520774.74,377977.55,0.728047
1625587200000,0.7287,0.7375,0.7158,0.7234,723442.87,524526.86,0.726659
1625594400000,0.723,0.7294,0.7186,0.7275,219272.27,158869.79,0.723943
1625601600000,0.7273,0.7305,0.6977,0.6988,442455.65,312653.87,0.714344
1625608800000,0.6988,0.7163,0.6977,0.7131,719410.49,509905.98,0.707182
1625616000000,0.7117,0.7235,0.7045,0.7197,495179.86,353779.63,0.713921
1625623200000,0.7199,0.7494,0.7094,0.7452,879083.36,643494.13,0.72905
1625630400000,0.7454,0.7622,0.7419,0.7513,957934.83,721685.19,0.75213
1625637600000,0.7522,0.7855,0.7453,0.7756,2413805.3,1855442.93,0.765539
1625644800000,0.7761,0.8,0.7739,0.7826,1296130.25,1019417.54,0.78707
1625652000000,0.7826,0.7907,0.7717,0.7804,440690.09,344289.8,0.781199
1625659200000,0.7802,0.7846,0.7733,0.7814,422633.81,329073.29,0.778945
1625666400000,0.7813,0.8189,0.779,0.8012,2540883.58,2037937.5,0.799461
1625673600000,0.8015,0.8104,0.7882,0.8026,554484.48,443136.24,0.799298
1625680800000,0.8017,0.8268,0.8002,0.8167,1200113.97,983455.41,0.813871
1625688000000,0.8164,0.8274,0.7981,0.8009,675506.47,548931.68,0.813058
1625695200000,0.8006,0.8019,0.7788,0.7897,630318.49,497398.51,0.790067
1625702400000,0.79,0.7976,0.753,0.7703,1018234.96,785938.71,0.775051
1625709600000,0.7695,0.7744,0.751,0.7582,402188.55,306761.58,0.762629
1625716800000,0.758,0.758,0.7351,0.7359,582692.24,434944.81,0.746429
1625724000000,0.7359,0.7539,0.7134,0.7206,748864.81,549784.74,0.73385
1625731200000,0.7196,0.7286,0.7123,0.7189,715242.34,515588.78,0.720451
1625738400000,0.7176,0.7321,0.7076,0.7316,592369.79,425215.91,0.719428
1625745600000,0.7305,0.7389,0.7207,0.7228,449112.24,327784.74,0.729948
1625752800000,0.7244,0.7424,0.7236,0.7395,167256.24,122466.61,0.733202
1625760000000,0.7398,0.7606,0.7371,0.7593,430611.93,321869.06,0.748704
1625767200000,0.7592,0.7621,0.7448,0.7611,374050.71,282076.06,0.75343
1625774400000,0.761,0.7767,0.755,0.7618,578382.38,442891.02,0.765852
1625781600000,0.7623,0.8455,0.7341,0.8455,2576263.62,2051296.58,0.787515
1625788800000,0.8437,0.8493,0.766,0.7808,3887944.24,3097197.63,0.806885
1625796000000,0.7811,0.8164,0.7747,0.8032,2127452.67,1692251.67,0.795807
1625803200000,0.8032,0.8427,0.8018,0.8141,2703577.46,2232287.18,0.822496
1625810400000,0.8146,0.8344,0.8002,0.8246,1415219.61,1157269.86,0.81725
1625817600000,0.824,0.886,0.8143,0.869,5779640.66,4946799.36,0.850549
1625824800000,0.8691,0.8804,0.8421,0.864,3154911.56,2705264.92,0.861226
1625832000000,0.863,0.8968,0.852,0.8789,4926494.88,4331433.7,0.874512
1625839200000,0.8788,0.905,0.8672,0.8831,3204088.76,2831609.52,0.886117
1625846400000,0.8836,0.8891,0.8421,0.8614,2356320.01,2024181.89,0.865192
1625853600000,0.8611,0.8611,0.8275,0.843,1427495.37,1199546.0,0.843694
1625860800000,0.8437,0.8484,0.8251,0.828,928535.56,774647.99,0.836865
1625868000000,0.8282,0.8485,0.828,0.8384,1272228.4,1068232.27,0.838577
1625875200000,0.8375,0.8568,0.8153,0.817,1710609.58,1420551.27,0.836622
1625882400000,0.817,0.8278,0.8085,0.8239,1050150.24,859256.98,0.818074
1625889600000,0.8228,0.8299,0.8114,0.8259,699597.37,576576.83,0.820624
1625896800000,0.8252,0.8293,0.8049,0.8137,831956.59,678194.35,0.816962
1625904000000,0.8135,0.8183,0.8089,0.8094,475550.15,386893.52,0.813707
1625911200000,0.8097,0.8176,0.8023,0.8133,600042.96,485547.0,0.809928
1625918400000,0.8133,0.8227,0.8091,0.8171,876321.87,715289.78,0.815914
1625925600000,0.8166,0.8342,0.8116,0.829,1068648.71,880042.04,0.822908
1625932800000,0.8294,0.8345,0.786,0.7927,1554460.28,1254308.04,0.810116
1625940000000,0.7926,0.7963,0.7813,0.7838,1418697.55,1116076.92,0.788856
1625947200000,0.7839,0.7856,0.7734,0.7823,1369974.65,1066428.54,0.779484
1625954400000,0.7834,0.7932,0.7757,0.7901,882763.0,691826.47,0.784363
1625961600000,0.7904,0.7955,0.7743,0.7835,575259.76,450838.65,0.784844
1625968800000,0.7837,0.7841,0.7662,0.7685,563135.3,436552.73,0.774941
1625976000000,0.7693,0.7805,0.7623,0.7805,519654.72,400847.29,0.771034
1625983200000,0.78,0.7847,0.7711,0.7805,399045.2,310492.43,0.777899
1625990400000,0.7815,0.7904,0.775,0.7782,477222.15,373437.14,0.782733
1625997600000,0.7778,0.7806,0.7711,0.776,715712.21,554859.68,0.77584
1626004800000,0.7756,0.7875,0.7742,0.7875,565048.23,440298.44,0.780675
1626012000000,0.7874,0.7991,0.7828,0.7985,803149.64,635853.61,0.790688
1626019200000,0.7988,0.7991,0.786,0.787,420106.43,332583.59,0.792461
1626026400000,0.7871,0.7873,0.7791,0.7809,345828.27,270574.47,0.783067
1626033600000,0.7807,0.7949,0.7757,0.7939,452354.18,354334.03,0.785032
1626040800000,0.7949,0.7982,0.7881,0.7967,302032.12,239722.02,0.793129
1626048000000,0.7963,0.797,0.777,0.7776,261083.21,204690.4,0.787014
1626055200000,0.7781,0.7874,0.7701,0.7857,568201.66,440847.45,0.77859
1626062400000,0.7858,0.7878,0.7741,0.7806,202366.91,157884.99,0.780866
1626069600000,0.7806,0.791,0.7781,0.7851,365035.95,287455.6,0.784603
1626076800000,0.785,0.7886,0.7721,0.7735,578617.84,451508.36,0.780502
1626084000000,0.7725,0.7725,0.7576,0.7581,578742.74,443092.0,0.764974
1626091200000,0.7583,0.7703,0.757,0.769,371065.57,283569.35,0.76365
1626098400000,0.768,0.7703,0.7631,0.7648,156140.38,119751.29,0.766716
1626105600000,0.7655,0.7685,0.7405,0.7415,700362.42,525850.69,0.754725
1626112800000,0.7415,0.7551,0.7381,0.7487,365671.02,272168.51,0.74667
1626120000000,0.7485,0.7511,0.7411,0.7481,261700.91,195310.79,0.746099
1626127200000,0.7479,0.7549,0.7476,0.7525,313735.06,235425.48,0.751366
1626134400000,0.7522,0.7548,0.7381,0.7464,339155.96,253211.66,0.746361
1626141600000,0.7472,0.7515,0.7455,0.7474,44514.61,33331.83,0.7485
1626148800000,0.7473,0.7499,0.723,0.7255,462642.39,339390.15,0.73646
1626156000000,0.7255,0.7497,0.7255,0.748,296329.33,218433.42,0.737834
1626163200000,0.7481,0.7513,0.7408,0.7459,184278.15,137321.38,0.746039
1626170400000,0.7466,0.7494,0.7323,0.7342,204851.43,151519.16,0.740918
1626177600000,0.7336,0.7351,0.7154,0.7233,585905.13,423353.76,0.725015
1626184800000,0.7227,0.73,0.717,0.7284,263938.02,190736.3,0.723396
1626192000000,0.728,0.7308,0.7213,0.7276,192010.43,139288.45,0.726049
1626199200000,0.7274,0.7274,0.7088,0.709,383403.67,274238.34,0.718068
1626206400000,0.709,0.7153,0.7042,0.7107,202369.89,143717.78,0.709749
1626213600000,0.7111,0.7163,0.7041,0.7158,236217.54,167723.17,0.710075
1626220800000,0.7154,0.7185,0.6851,0.6922,643599.95,449432.18,0.701526
1626228000000,0.6922,0.6979,0.6701,0.6747,495551.68,337123.34,0.68406
1626235200000,0.6754,0.6837,0.6653,0.6681,298161.73,200931.07,0.674613
1626242400000,0.6673,0.6838,0.6654,0.6794,357338.71,241546.51,0.674752
1626249600000,0.6801,0.6968,0.6647,0.6917,576116.13,394787.13,0.680576
1626256800000,0.6921,0.6999,0.6877,0.6921,182968.72,126960.0,0.6938
1626264000000,0.6926,0.7045,0.688,0.7028,261278.63,182392.09,0.696097
1626271200000,0.7038,0.7139,0.7016,0.7028,294694.53,208386.01,0.707757
1626278400000,0.703,0.7095,0.701,0.7092,179315.7,126504.75,0.70512
1626285600000,0.709,0.717,0.6982,0.7005,206841.56,146481.94,0.707753
1626292800000,0.7002,0.7145,0.7002,0.7136,106249.94,75261.0,0.707477
1626300000000,0.7135,0.7219,0.7117,0.717,208383.39,149374.58,0.716847
1626307200000,0.7165,0.7224,0.6951,0.7074,441462.46,313359.11,0.708659
1626314400000,0.708,0.7124,0.6979,0.6983,180148.81,127062.6,0.705402
1626321600000,0.6975,0.6987,0.6793,0.6841,481202.87,330536.79,0.688756
1626328800000,0.6836,0.6887,0.6764,0.6858,356310.72,242939.96,0.682533
1626336000000,0.686,0.6938,0.6792,0.6922,367538.01,251753.7,0.686377
1626343200000,0.6916,0.6969,0.667,0.6744,625221.07,422437.3,0.681855
1626350400000,0.6739,0.6825,0.6589,0.6716,589322.17,393573.37,0.670695
1626357600000,0.6695,0.6792,0.6687,0.6715,78836.96,53120.93,0.673982
1626364800000,0.6716,0.6759,0.6525,0.6567,760319.36,502560.58,0.664206
1626372000000,0.6569,0.6761,0.6569,0.6667,777932.6,518000.3,0.666827
1626379200000,0.6675,0.6714,0.6622,0.6623,279554.41,186546.93,0.666965
1626386400000,0.6631,0.6721,0.6576,0.671,559915.24,371966.09,0.664674
1626393600000,0.6714,0.6718,0.6482,0.6672,640247.89,422842.63,0.659926
1626400800000,0.6668,0.675,0.6668,0.6722,369745.33,248181.95,0.67107
1626408000000,0.673,0.6767,0.661,0.6627,199683.87,133364.34,0.668971
1626415200000,0.6633,0.6637,0.6499,0.6569,159584.95,104673.48,0.656612
1626422400000,0.6566,0.6566,0.6329,0.6349,457532.24,293330.77,0.644485
1626429600000,0.6352,0.6375,0.6157,0.6168,731558.46,457347.76,0.62673
1626436800000,0.6154,0.6432,0.6154,0.6321,719225.33,453927.73,0.62985
1626444000000,0.6335,0.6541,0.631,0.6539,603055.23,385727.27,0.642271
1626451200000,0.6542,0.6544,0.6394,0.6447,410323.45,265678.68,0.646616
1626458400000,0.6444,0.6445,0.6336,0.6348,509977.64,325768.96,0.638918
1626465600000,0.635,0.6409,0.6252,0.6271,502152.98,317933.65,0.633185
1626472800000,0.6269,0.6304,0.6126,0.6201,290413.79,180323.17,0.621424
1626480000000,0.6197,0.6315,0.6053,0.6115,594143.62,367786.23,0.61847
1626487200000,0.6113,0.6129,0.598,0.6104,320672.12,194027.61,0.605445
1626494400000,0.609,0.6189,0.6051,0.6184,198386.31,121681.17,0.611777
1626501600000,0.6189,0.6238,0.6119,0.6145,180550.51,111672.36,0.617891
1626508800000,0.6147,0.631,0.606,0.6215,558388.5,345700.03,0.618508
1626516000000,0.6206,0.6206,0.6034,0.6118,180260.99,110152.02,0.611706
1626523200000,0.6115,0.6218,0.6112,0.6152,270079.72,166321.05,0.616599
1626530400000,0.6156,0.6189,0.6072,0.6148,189102.11,115882.23,0.613047
1626537600000,0.6142,0.6232,0.6107,0.6138,177379.66,109505.91,0.616951
1626544800000,0.6143,0.6246,0.6113,0.6235,86806.27,53733.57,0.617821
1626552000000,0.6251,0.6259,0.6184,0.6225,195317.51,121559.18,0.622099
1626559200000,0.6218,0.6273,0.619,0.6273,164647.15,102637.89,0.622977
1626566400000,0.6276,0.6491,0.6253,0.6472,435060.39,277422.08,0.637159
1626573600000,0.648,0.6541,0.6422,0.6485,277324.87,179571.95,0.64815
1626580800000,0.648,0.6496,0.6426,0.6427,92627.8,59791.77,0.646225
1626588000000,0.6433,0.6437,0.6323,0.6338,155335.18,98739.9,0.637884
1626595200000,0.6335,0.6417,0.6332,0.6356,136774.39,87068.17,0.637495
1626602400000,0.6355,0.64,0.6311,0.64,175458.12,111441.08,0.6354
1626609600000,0.6405,0.6407,0.6291,0.6306,86064.3,54547.0,0.634755
1626616800000,0.6302,0.6316,0.6088,0.6151,449589.61,277270.33,0.619898
1626624000000,0.6145,0.6247,0.6117,0.6231,219887.51,135952.28,0.618126
1626631200000,0.6231,0.6243,0.6175,0.618,78228.95,48634.5,0.620957
1626638400000,0.6176,0.6283,0.6147,0.6279,270514.41,167652.04,0.621291
1626645600000,0.6275,0.6289,0.6146,0.6228,214733.32,133185.59,0.621656
1626652800000,0.6232,0.6281,0.6067,0.6096,468416.67,288408.14,0.617512
1626660000000,0.6089,0.6155,0.6076,0.6099,311442.62,190431.12,0.611559
1626667200000,0.6105,0.6263,0.6082,0.6232,173531.14,107134.69,0.617306
1626674400000,0.6247,0.6258,0.6156,0.6156,106837.81,66449.9,0.620837
1626681600000,0.6158,0.6213,0.609,0.6104,159587.89,98115.65,0.615254
1626688800000,0.6102,0.6131,0.6016,0.6028,356644.68,216958.45,0.607448
1626696000000,0.6017,0.6067,0.5828,0.5853,1065643.29,630031.87,0.594917
1626703200000,0.5845,0.597,0.5836,0.5877,903731.22,533548.91,0.590361
1626710400000,0.5872,0.5946,0.5839,0.5919,408818.94,241175.13,0.589235
1626717600000,0.5926,0.5938,0.5803,0.5874,479372.29,281196.43,0.586936
1626724800000,0.5882,0.589,0.5775,0.5777,343294.89,199849.36,0.583329
1626732000000,0.5779,0.5923,0.5779,0.5842,464512.56,272090.09,0.585304
1626739200000,0.5843,0.5966,0.5619,0.5628,1168474.24,678298.4,0.579855
1626746400000,0.5627,0.5694,0.5334,0.5337,1069567.54,585742.91,0.55202
1626753600000,0.5333,0.5427,0.5316,0.5399,432169.02,231989.15,0.537203
1626760800000,0.5394,0.5493,0.5349,0.5477,616010.79,333935.37,0.541969
1626768000000,0.5479,0.5491,0.5235,0.5277,357955.25,192523.7,0.536023
1626775200000,0.5269,0.5401,0.5238,0.5372,442723.27,235686.09,0.531939
1626782400000,0.5376,0.5462,0.5308,0.5336,347390.92,187608.46,0.53855
1626789600000,0.5336,0.555,0.5296,0.555,695296.42,378173.62,0.541869
1626796800000,0.555,0.5589,0.5446,0.5465,439116.34,241564.39,0.551847
1626804000000,0.547,0.555,0.5452,0.5516,294870.1,162427.85,0.550147
1626811200000,0.5524,0.5572,0.5497,0.5516,189012.81,104663.89,0.553454
1626818400000,0.5513,0.5531,0.5432,0.5476,326648.47,178660.55,0.548103
1626825600000,0.5467,0.5521,0.53,0.5428,477648.81,258142.24,0.541021
1626832800000,0.5426,0.5605,0.5426,0.5591,400873.44,222192.79,0.551739
1626840000000,0.5591,0.5834,0.5589,0.58,530286.56,305125.48,0.571506
1626847200000,0.5805,0.5862,0.5765,0.5796,350563.45,203611.84,0.581353
1626854400000,0.5796,0.5888,0.5747,0.588,340287.19,197400.66,0.58155
1626861600000,0.5886,0.5941,0.5854,0.5913,486733.61,286527.48,0.589745
1626868800000,0.5918,0.596,0.5866,0.5912,412655.4,243909.71,0.5913
1626876000000,0.5927,0.6102,0.5926,0.6093,679960.0,409764.5,0.601514
1626883200000,0.6093,0.6207,0.601,0.6073,749657.16,457417.57,0.610857
1626890400000,0.6082,0.6588,0.6047,0.6343,8566544.53,5486784.23,0.632399
1626897600000,0.6343,0.6435,0.6242,0.6298,1236150.21,783022.43,0.633875
1626904800000,0.63,0.6388,0.6281,0.6358,782817.01,495000.73,0.633494
1626912000000,0.6365,0.6418,0.612,0.6189,884650.52,553478.16,0.626824
1626919200000,0.6191,0.6246,0.6102,0.6155,692289.74,426612.28,0.617402
1626926400000,0.6153,0.6255,0.6126,0.6126,679052.24,420915.17,0.619106
1626933600000,0.6125,0.6276,0.6118,0.6236,730140.24,453207.25,0.619932
1626940800000,0.6229,0.6297,0.6129,0.6147,1130032.39,703742.5,0.621458
1626948000000,0.6143,0.6241,0.6138,0.621,671863.12,415541.99,0.619104
1626955200000,0.62,0.6323,0.6113,0.6229,765452.46,477154.22,0.621802
1626962400000,0.6234,0.6395,0.6194,0.6395,583146.47,366145.51,0.629068
1626969600000,0.6395,0.642,0.6325,0.6374,597158.99,380661.93,0.637235
1626976800000,0.6384,0.6391,0.6301,0.6362,441620.87,279621.77,0.634559
1626984000000,0.6362,0.6377,0.629,0.6296,461512.08,292376.99,0.633426
1626991200000,0.6291,0.642,0.6269,0.6418,360790.95,228363.11,0.634235
1626998400000,0.6419,0.6486,0.6362,0.6471,657914.65,422969.73,0.642303
1627005600000,0.6481,0.6521,0.6402,0.6409,349437.15,225962.4,0.646316
1627012800000,0.6408,0.65,0.6387,0.6444,266208.98,171703.87,0.644396
1627020000000,0.6447,0.6449,0.6296,0.6349,339735.92,216178.25,0.636959
1627027200000,0.6348,0.635,0.6227,0.6248,287771.76,180691.55,0.628662
1627034400000,0.6242,0.6289,0.6197,0.6227,298849.72,186520.98,0.624306
1627041600000,0.6224,0.6322,0.6162,0.6297,379248.94,236105.51,0.624098
1627048800000,0.6299,0.6317,0.6184,0.6193,196366.88,122742.66,0.625135
1627056000000,0.6189,0.619,0.6058,0.6144,535780.0,326940.9,0.612273
1627063200000,0.6148,0.6198,0.6124,0.618,124843.78,76992.62,0.616085
1627070400000,0.6176,0.6299,0.6173,0.6291,162653.81,101804.66,0.623666
1627077600000,0.6291,0.6516,0.6273,0.6507,716911.19,458179.32,0.639339
1627084800000,0.6509,0.6561,0.6449,0.6552,775447.76,504212.73,0.650402
1627092000000,0.6553,0.6558,0.647,0.6525,307894.54,200491.94,0.651335
1627099200000,0.6535,0.656,0.649,0.656,237896.2,155167.92,0.652426
1627106400000,0.656,0.6656,0.656,0.6635,576330.7,380894.07,0.660989
1627113600000,0.6624,0.6707,0.6541,0.6675,547729.31,363202.35,0.662338
1627120800000,0.6675,0.6777,0.6585,0.6651,736636.75,493145.86,0.668107
1627128000000,0.6654,0.6716,0.662,0.667,200838.56,134134.24,0.666804
1627135200000,0.6668,0.67,0.6567,0.6579,419712.94,279049.39,0.663476
1627142400000,0.6579,0.6748,0.6577,0.6688,497870.28,333243.29,0.666578
1627149600000,0.6688,0.6702,0.6482,0.6513,308631.28,203638.08,0.65904
1627156800000,0.6507,0.6551,0.6425,0.6547,356910.25,231265.42,0.648699
1627164000000,0.6542,0.6584,0.6457,0.6574,253172.8,164965.53,0.65199
1627171200000,0.658,0.6612,0.6316,0.6333,686673.8,440822.62,0.646558
1627178400000,0.6334,0.6464,0.6331,0.6403,169076.75,108513.45,0.639959
1627185600000,0.6409,0.6508,0.6394,0.6468,196059.11,126602.91,0.64519
1627192800000,0.6458,0.6573,0.645,0.6559,149048.19,97100.79,0.651211
1627200000000,0.6558,0.6579,0.6449,0.6531,200411.21,130547.54,0.651367
1627207200000,0.6535,0.6573,0.643,0.6441,373264.07,242334.26,0.650313
1627214400000,0.6437,0.6443,0.6329,0.6376,299124.73,190895.86,0.638442
1627221600000,0.6375,0.6414,0.6309,0.6409,431054.74,273824.12,0.636068
1627228800000,0.64,0.6483,0.6359,0.6483,171540.69,110007.42,0.641841
1627236000000,0.6482,0.6505,0.6435,0.6473,196393.14,127103.56,0.646997
1627243200000,0.6465,0.6513,0.6417,0.6489,190832.74,123301.27,0.646481
1627250400000,0.6494,0.6601,0.6463,0.6587,206587.1,135113.25,0.653091
1627257600000,0.6582,0.6945,0.6555,0.6907,2225492.03,1510996.57,0.675116
1627264800000,0.6907,0.6986,0.6832,0.6974,740865.83,513405.03,0.690744
1627272000000,0.6972,0.7148,0.6937,0.7124,529623.53,373281.21,0.704168
1627279200000,0.7124,0.7213,0.6911,0.6984,784206.99,555140.69,0.706245
1627286400000,0.6989,0.7082,0.6902,0.7039,468295.56,328148.81,0.699157
1627293600000,0.7055,0.7196,0.7048,0.7128,624995.95,444707.61,0.712398
1627300800000,0.7139,0.7199,0.6921,0.7045,662156.63,468160.99,0.705906
1627308000000,0.704,0.7136,0.6959,0.7115,374367.12,264199.47,0.704609
1627315200000,0.7106,0.7216,0.706,0.7097,813175.56,580681.06,0.713803
1627322400000,0.7096,0.7251,0.7006,0.7113,1065733.46,759308.03,0.712853
1627329600000,0.7108,0.7125,0.6677,0.68,1328295.41,916380.81,0.68939
1627336800000,0.6787,0.6833,0.6698,0.6755,345188.79,233454.28,0.676542
1627344000000,0.6752,0.6845,0.6614,0.6627,881377.18,592607.07,0.673266
1627351200000,0.6616,0.6727,0.656,0.6666,487250.61,322915.78,0.664356
1627358400000,0.6664,0.6893,0.6631,0.6893,453353.45,305970.25,0.67581
1627365600000,0.6885,0.7008,0.6873,0.6974,509602.09,354412.56,0.694184
1627372800000,0.6976,0.7569,0.6919,0.7386,2433857.77,1775112.48,0.725096
1627380000000,0.7381,0.7469,0.7272,0.7315,1358379.8,998923.13,0.737115
1627387200000,0.7315,0.7417,0.7238,0.729,1064356.73,780180.74,0.732762
1627394400000,0.7294,0.7325,0.71,0.7176,1167073.44,841419.64,0.721084
1627401600000,0.717,0.7209,0.6955,0.6991,900900.54,633010.27,0.708221
1627408800000,0.6991,0.7033,0.6892,0.6935,604915.48,421802.93,0.696248
1627416000000,0.6935,0.7109,0.6935,0.7068,296471.46,208923.3,0.702551
1627423200000,0.7064,0.7132,0.6962,0.7105,412550.2,290983.22,0.704645
1627430400000,0.7105,0.7263,0.7033,0.7188,922622.62,659413.92,0.714805
1627437600000,0.7185,0.7213,0.7046,0.7064,265824.87,189439.07,0.713026
1627444800000,0.7064,0.7102,0.6961,0.7054,357795.16,251551.91,0.703147
1627452000000,0.7045,0.7098,0.6914,0.7069,474477.32,332610.41,0.700578
1627459200000,0.7071,0.7183,0.7018,0.7167,518757.17,369069.94,0.709879
1627466400000,0.7166,0.7224,0.7104,0.7179,511732.38,366283.3,0.716397
1627473600000,0.7186,0.7196,0.6996,0.7035,525164.39,373063.37,0.709359
1627480800000,0.7045,0.7105,0.6984,0.7087,217697.84,153322.04,0.704383
1627488000000,0.7092,0.7139,0.6883,0.6916,360746.79,252756.45,0.701194
1627495200000,0.6913,0.7101,0.687,0.7044,388889.44,272905.73,0.698611
1627502400000,0.7039,0.705,0.6965,0.7049,183248.95,128339.6,0.700737
1627509600000,0.7048,0.7081,0.6976,0.7071,239495.53,168511.17,0.702812
1627516800000,0.7075,0.7081,0.6882,0.6973,693034.36,481539.47,0.697851
1627524000000,0.6965,0.7068,0.6937,0.6967,195031.2,136637.85,0.70025
1627531200000,0.6957,0.7119,0.693,0.7096,290762.83,204784.24,0.702419
1627538400000,0.7096,0.7175,0.7071,0.7147,317760.63,226578.42,0.71231
1627545600000,0.7143,0.7243,0.7076,0.7229,483864.51,346736.09,0.715762
1627552800000,0.7227,0.7349,0.7161,0.7208,855722.63,619543.2,0.72551
1627560000000,0.7214,0.7422,0.7161,0.7402,1524913.23,1120587.12,0.728904
1627567200000,0.7404,0.7837,0.7363,0.7471,4185367.42,3182455.78,0.760082
1627574400000,0.7477,0.7493,0.7367,0.7412,375141.79,278264.94,0.742897
1627581600000,0.7417,0.7532,0.738,0.7424,381832.14,284763.16,0.745602
1627588800000,0.7423,0.7621,0.7396,0.747,698536.21,524798.21,0.750918
1627596000000,0.7476,0.7609,0.7459,0.7575,319129.88,240746.02,0.753504
1627603200000,0.7571,0.7686,0.7459,0.7577,693939.6,524963.94,0.75725
1627610400000,0.7585,0.7752,0.7585,0.7627,459705.26,352661.92,0.76695
1627617600000,0.7627,0.7771,0.7584,0.7747,366716.67,281681.83,0.767641
1627624800000,0.7746,0.7798,0.762,0.7643,384209.18,295875.57,0.771032
1627632000000,0.7648,0.7683,0.721,0.7299,992207.28,732793.78,0.744225
1627639200000,0.7297,0.7297,0.7168,0.7197,717564.26,518604.43,0.722994
1627646400000,0.7193,0.7382,0.7187,0.7208,536750.21,390736.32,0.728462
1627653600000,0.7205,0.7365,0.7203,0.7365,323645.04,236254.27,0.728368
1627660800000,0.7366,0.7405,0.7315,0.7402,234088.61,172326.3,0.7359
1627668000000,0.7401,0.7433,0.7337,0.737,233787.22,172718.11,0.738499
1627675200000,0.7368,0.7691,0.7357,0.7643,542203.55,410193.76,0.752778
1627682400000,0.7638,0.78,0.7549,0.7797,375952.39,289423.46,0.766971
1627689600000,0.78,0.8688,0.7648,0.8319,6796524.8,5695199.93,0.81752
1627696800000,0.8325,0.8444,0.8156,0.8269,1674465.36,1384551.64,0.830003
1627704000000,0.827,0.8338,0.8028,0.8149,1893532.97,1543629.0,0.818195
1627711200000,0.8151,0.8253,0.8083,0.8187,391897.89,320547.63,0.816799
1627718400000,0.8183,0.8306,0.8162,0.8263,515040.52,425430.86,0.823492
1627725600000,0.8261,0.8599,0.8175,0.8437,1168670.18,978832.93,0.838871
1627732800000,0.8429,0.8488,0.8194,0.8237,697380.74,582408.59,0.834195
1627740000000,0.8228,0.83,0.8115,0.8236,493566.07,406371.62,0.820749
1627747200000,0.8243,0.8299,0.8074,0.8099,294108.63,240439.17,0.818827
1627754400000,0.809,0.825,0.8078,0.8159,153164.62,125262.32,0.816566
1627761600000,0.8149,0.83,0.8124,0.8279,352046.19,290946.22,0.821168
1627768800000,0.8274,0.8315,0.8127,0.8192,634843.76,522635.31,0.82204
1627776000000,0.8193,0.8349,0.8142,0.8266,1102443.95,911544.52,0.824601
1627783200000,0.8268,0.8406,0.8245,0.8398,418673.79,348891.45,0.832404
1627790400000,0.8397,0.8473,0.8248,0.8302,671852.23,562940.55,0.836101
1627797600000,0.8301,0.8331,0.8209,0.8248,277749.19,230061.42,0.826978
1627804800000,0.8248,0.8439,0.8213,0.8428,468158.97,390751.67,0.832374
1627812000000,0.8428,0.8435,0.8045,0.8215,963291.25,792302.41,0.823343
1627819200000,0.8213,0.8326,0.8166,0.8193,408716.33,336994.51,0.824617
1627826400000,0.8191,0.8422,0.8138,0.8153,1173787.66,970879.59,0.828049
1627833600000,0.815,0.8154,0.7922,0.8077,539631.08,433789.86,0.803608
1627840800000,0.8089,0.8226,0.8005,0.8179,434633.37,353763.91,0.81147
1627848000000,0.8178,0.8275,0.8119,0.8178,406282.25,332988.9,0.8197
1627855200000,0.8174,0.8213,0.7729,0.7794,770281.45,610480.66,0.796863
1627862400000,0.7799,0.7877,0.7538,0.7642,897147.48,688867.31,0.770676
1627869600000,0.7638,0.7837,0.7625,0.7782,649872.85,504027.54,0.773374
1627876800000,0.7777,0.7811,0.7714,0.778,260243.5,201803.3,0.77625
1627884000000,0.777,0.8073,0.7754,0.8052,465038.71,369568.65,0.791411
1627891200000,0.8051,0.8061,0.7838,0.7981,464158.21,368312.92,0.794782
1627898400000,0.7987,0.8087,0.7937,0.8073,269511.35,216140.29,0.801039
1627905600000,0.8081,0.813,0.7873,0.8117,429929.33,344708.62,0.800102
1627912800000,0.8117,0.8238,0.803,0.8179,1142685.28,934221.52,0.813368
1627920000000,0.8179,0.8248,0.8097,0.8128,368047.07,301064.78,0.817306
1627927200000,0.8128,0.8191,0.8011,0.8051,350822.51,284116.11,0.810155
1627934400000,0.8056,0.8091,0.7956,0.8044,305717.69,244905.18,0.802345
1627941600000,0.8045,0.8187,0.804,0.8171,296916.13,241891.48,0.811474
1627948800000,0.8162,0.8282,0.7926,0.7934,514028.93,418397.96,0.81104
1627956000000,0.793,0.8002,0.7867,0.7911,212788.23,169208.58,0.793457
1627963200000,0.7902,0.7933,0.7756,0.7795,396863.28,310623.95,0.78441
1627970400000,0.7787,0.7953,0.7777,0.793,203896.78,160579.54,0.786628
1627977600000,0.7935,0.808,0.7876,0.8077,233315.43,186002.54,0.797414
1627984800000,0.8071,0.8118,0.7923,0.7934,333912.73,267841.27,0.802303
1627992000000,0.7929,0.8455,0.7826,0.8453,1050738.24,856476.79,0.81299
1627999200000,0.8455,0.8599,0.8162,0.8201,1638985.59,1374075.93,0.838534
1628006400000,0.8207,0.8379,0.8191,0.8195,597172.12,494014.88,0.828509
1628013600000,0.8202,0.8277,0.8163,0.8185,269307.32,221139.98,0.822015
1628020800000,0.8185,0.8272,0.8104,0.8257,336050.38,275125.22,0.818641
1628028000000,0.826,0.8599,0.826,0.8576,575270.91,485720.42,0.843269
1628035200000,0.8589,0.8595,0.8237,0.8445,916530.92,773095.17,0.841174
1628042400000,0.8448,0.8494,0.8268,0.8308,381468.72,318368.57,0.838132
1628049600000,0.8293,0.8448,0.8247,0.8346,564005.99,470524.12,0.8348
1628056800000,0.8339,0.8463,0.8252,0.8298,387491.64,324201.94,0.835787
1628064000000,0.8304,0.8436,0.8268,0.835,500768.53,417697.67,0.835248
1628071200000,0.8346,0.8519,0.8271,0.8493,545964.15,458664.51,0.839264
1628078400000,0.849,0.8688,0.848,0.8575,777305.36,667656.11,0.858624
1628085600000,0.8577,0.8642,0.8506,0.8604,356914.9,305803.93,0.857384
1628092800000,0.8597,0.87,0.8541,0.8639,763259.6,657964.33,0.862054
1628100000000,0.8648,0.8703,0.8615,0.8666,295119.7,255537.95,0.865902
1628107200000,0.8675,0.8748,0.8663,0.8725,346127.45,301318.64,0.870602
1628114400000,0.8724,0.8742,0.8508,0.87,641928.4,553542.41,0.862477
1628121600000,0.8704,0.8726,0.8382,0.8551,527032.77,450697.74,0.855018
1628128800000,0.8537,0.8603,0.8494,0.8597,251792.7,215485.93,0.854698
1628136000000,0.8596,0.8632,0.8483,0.851,312967.41,267222.16,0.855791
1628143200000,0.8511,0.876,0.8465,0.8721,892077.57,765870.8,0.861199
1628150400000,0.8719,0.919,0.8696,0.8858,3419632.6,3063772.89,0.894612
1628157600000,0.886,0.9208,0.8837,0.9006,1309103.14,1184417.15,0.90261
1628164800000,0.9002,0.9102,0.859,0.8687,1566087.24,1375447.43,0.884616
1628172000000,0.8688,0.8852,0.8641,0.8746,984645.96,863621.36,0.874707
1628179200000,0.8743,0.886,0.8704,0.8819,486458.61,427937.07,0.878206
1628186400000,0.8828,0.887,0.877,0.8774,374450.28,330544.01,0.882149
1628193600000,0.8791,0.8886,0.878,0.8867,194321.19,171957.21,0.883359
1628200800000,0.8869,0.8939,0.8831,0.8884,336798.24,299274.46,0.888504
1628208000000,0.8888,0.8913,0.8635,0.8737,488908.18,427923.6,0.877093
1628215200000,0.8735,0.8735,0.8612,0.865,316695.5,274324.59,0.867092
1628222400000,0.8642,0.873,0.8568,0.8726,273146.72,235922.09,0.864648
1628229600000,0.8726,0.8816,0.8699,0.8811,536337.69,468995.51,0.875583
1628236800000,0.8809,0.8816,0.874,0.8751,344145.47,302105.38,0.877766
1628244000000,0.8752,0.881,0.8695,0.8772,312979.15,274390.3,0.875243
1628251200000,0.8767,0.8843,0.8703,0.8807,469371.53,412352.52,0.877271
1628258400000,0.8808,0.9018,0.8776,0.8988,938115.41,838186.82,0.889684
1628265600000,0.8988,0.9024,0.8885,0.8946,674915.86,604283.13,0.895421
1628272800000,0.8955,0.8974,0.89,0.893,358095.31,319921.85,0.893684
1628280000000,0.893,0.8969,0.885,0.885,308314.26,274699.49,0.891198
1628287200000,0.8848,0.8967,0.8843,0.8964,209655.67,186547.58,0.890472
1628294400000,0.8964,0.8989,0.882,0.8966,310445.18,277114.31,0.89045
1628301600000,0.8971,0.9171,0.8965,0.9142,581801.54,528830.8,0.907039
1628308800000,0.915,0.9205,0.9062,0.9123,498282.29,455664.63,0.913347
1628316000000,0.9127,0.9176,0.9025,0.9141,534254.1,486404.04,0.910043
1628323200000,0.9137,0.9342,0.9106,0.9304,746618.65,687633.11,0.92245
1628330400000,0.9304,0.938,0.9118,0.9293,614786.33,569065.38,0.924898
1628337600000,0.9292,0.9358,0.8873,0.8941,1143005.2,1042622.68,0.911535
1628344800000,0.8941,0.9178,0.8941,0.9064,623378.24,565127.33,0.906362
1628352000000,0.9063,0.9121,0.8816,0.8926,789032.52,707309.92,0.896712
1628359200000,0.8919,0.9098,0.8838,0.9055,328429.92,296107.55,0.89666
1628366400000,0.906,0.9199,0.9006,0.9033,387420.55,352608.0,0.910278
1628373600000,0.9014,0.9364,0.8993,0.9334,415191.94,381322.29,0.917953
1628380800000,0.9334,1.05,0.9327,0.9967,11009763.43,11033658.92,0.993415
1628388000000,0.9968,1.0044,0.9702,0.9842,1835720.96,1810695.41,0.987188
1628395200000,0.9844,1.0046,0.9791,0.9885,659852.05,654108.59,0.991885
1628402400000,0.9878,1.0046,0.9759,0.9828,689282.72,682514.58,0.990288
1628409600000,0.9828,0.9856,0.9663,0.9715,416192.63,406006.03,0.975838
1628416800000,0.9717,0.9758,0.9567,0.9631,445245.83,428758.49,0.966189
1628424000000,0.9626,0.9797,0.9541,0.9576,848596.38,821243.44,0.966965
1628431200000,0.9566,0.9642,0.9302,0.9336,981141.22,926378.56,0.947471
1628438400000,0.9337,0.9437,0.9168,0.9286,653471.03,606487.22,0.930242
1628445600000,0.9285,0.9347,0.9116,0.9277,438173.0,405260.25,0.923149
1628452800000,0.9267,0.95,0.9165,0.949,476536.47,445746.0,0.932677
1628460000000,0.9494,0.9517,0.9252,0.9312,414524.62,391493.32,0.938203
1628467200000,0.9313,0.9641,0.8879,0.8996,2264998.84,2106416.03,0.926477
1628474400000,0.898,0.915,0.8977,0.9106,305517.18,277113.39,0.906663
1628481600000,0.9106,0.9149,0.9032,0.907,375139.85,341054.99,0.909056
1628488800000,0.9076,0.9135,0.8932,0.9116,407360.53,367920.51,0.903289
1628496000000,0.9116,0.9348,0.909,0.933,444217.3,410070.68,0.921817
1628503200000,0.9341,0.9535,0.9289,0.9509,635627.39,598020.39,0.941028
1628510400000,0.9501,0.9578,0.938,0.9406,402372.79,381897.63,0.948056
1628517600000,0.9413,0.96,0.9374,0.9588,496980.06,471078.59,0.948462
1628524800000,0.9582,0.9646,0.9526,0.9558,412786.18,394848.66,0.958616
1628532000000,0.9561,0.9631,0.947,0.9497,375772.89,359430.26,0.955138
1628539200000,0.9497,0.9571,0.9301,0.9435,642038.09,603923.41,0.94356
1628546400000,0.9436,0.9576,0.9436,0.956,204905.53,194615.33,0.950795
1628553600000,0.9559,0.9918,0.9459,0.9583,1795361.99,1741934.95,0.968858
1628560800000,0.9581,0.9628,0.9486,0.9526,252701.69,241000.49,0.955714
1628568000000,0.9517,0.9531,0.9413,0.9466,167867.2,159203.67,0.947104
1628575200000,0.9464,0.95,0.9385,0.9496,191825.17,181096.72,0.944176
1628582400000,0.9491,0.9649,0.9481,0.9602,284657.72,272401.6,0.956727
1628589600000,0.9605,0.9632,0.9446,0.9495,272214.22,259644.85,0.953795
1628596800000,0.9496,0.9718,0.9473,0.9603,717819.84,691352.3,0.95978
1628604000000,0.9602,0.9616,0.9311,0.9367,380566.35,360642.94,0.945984
1628611200000,0.9393,0.9439,0.9201,0.9435,581800.85,542861.53,0.931926
1628618400000,0.9432,0.9644,0.9418,0.9613,573762.34,548679.27,0.953262
1628625600000,0.9612,0.9794,0.9608,0.9725,588045.48,571003.64,0.97043
1628632800000,0.9728,0.9759,0.9558,0.974,422778.31,409085.63,0.965843
1628640000000,0.9739,0.9766,0.9569,0.9703,738771.84,714188.19,0.966705
1628647200000,0.9697,0.9708,0.9538,0.9628,143672.33,138135.43,0.96213
1628654400000,0.9625,0.979,0.9611,0.9761,243063.2,235868.76,0.970176
1628661600000,0.9769,0.9849,0.9686,0.9799,591614.34,578555.44,0.976736
1628668800000,0.9801,0.9939,0.9713,0.9898,446147.95,437488.62,0.982487
1628676000000,0.9906,0.9979,0.9804,0.9811,469549.22,464853.44,0.989412
1628683200000,0.9817,1.0222,0.9778,1.0102,1467125.72,1474966.02,1.000465
1628690400000,1.0101,1.0207,1.0101,1.0134,611193.69,620841.0,1.015491
1628697600000,1.0139,1.0351,1.0066,1.0304,653009.31,667948.03,1.020731
1628704800000,1.0322,1.0365,1.0181,1.0363,434381.97,446453.07,1.027213
1628712000000,1.0358,1.0431,0.9975,1.0304,980055.31,1000382.82,1.020255
1628719200000,1.03,1.03,0.987,0.9943,549058.41,548153.57,1.00774
1628726400000,0.994,1.017,0.987,1.0153,1214764.61,1217938.14,1.001618
1628733600000,1.015,1.025,1.0087,1.0103,329858.29,336442.43,1.016939
1628740800000,1.0088,1.0188,0.9431,0.96,1081916.18,1049008.86,0.98055
1628748000000,0.9598,0.974,0.9357,0.9733,851965.94,811804.54,0.954475
1628755200000,0.9739,0.9749,0.9501,0.97,395612.79,382180.81,0.962441
1628762400000,0.9701,0.9765,0.9468,0.9468,542488.53,523386.45,0.962232
1628769600000,0.9477,0.9589,0.9366,0.9501,447743.95,424341.67,0.947747
1628776800000,0.9503,0.9518,0.9161,0.9231,681205.65,633089.3,0.933483
1628784000000,0.9232,0.9374,0.9083,0.9319,444056.43,407928.81,0.922743
1628791200000,0.9333,0.9472,0.9314,0.9447,217174.92,204276.6,0.939345
1628798400000,0.9452,0.9534,0.9372,0.9433,231633.99,218941.77,0.945304
1628805600000,0.9434,0.9547,0.9255,0.9531,332855.4,313022.09,0.939869
1628812800000,0.9527,0.9531,0.9197,0.9487,2586500.01,2424906.08,0.936349
1628834400000,0.9488,0.9847,0.9482,0.9818,1260655.45,1229614.21,0.966745
1628841600000,0.9819,0.992,0.9755,0.9852,499632.81,492319.91,0.983752
1628848800000,0.9852,1.0095,0.9808,0.9976,1160150.55,1159409.12,0.995334
1628856000000,0.9979,1.0465,0.9977,1.0404,4838125.99,4974617.24,1.02279
1628863200000,1.041,1.0446,0.9985,1.0156,2436628.26,2497875.61,1.020996
1628870400000,1.0152,1.0399,1.01,1.0304,1443963.49,1487541.16,1.025099
1628877600000,1.0303,1.0316,1.0143,1.0232,562631.35,575906.73,1.022783
1628884800000,1.0235,1.0499,1.0203,1.0398,2095970.61,2181917.35,1.035383
1628892000000,1.0404,1.06,1.032,1.0596,4602959.19,4822645.92,1.045467
1628899200000,1.0596,1.1056,1.0471,1.0584,3680978.1,3977540.46,1.076352
1628906400000,1.0584,1.0749,1.0581,1.0691,517345.16,551881.64,1.06681
1628913600000,1.0691,1.071,1.0485,1.0638,532556.7,563865.25,1.059656
1628920800000,1.0642,1.0749,1.0601,1.0667,572283.49,611936.03,1.067515
1628928000000,1.0667,1.0862,1.0206,1.0331,1224819.99,1304027.59,1.053646
1628935200000,1.033,1.05,1.0121,1.0367,1962026.06,2019354.03,1.031041
1628942400000,1.0371,1.0427,1.0265,1.042,376817.55,390434.59,1.034484
1628949600000,1.0413,1.0628,1.0378,1.0598,518389.85,546355.85,1.05026
1628956800000,1.0601,1.0628,1.0387,1.0498,376722.63,396297.52,1.050549
1628964000000,1.0486,1.0759,1.0458,1.073,489587.62,520408.39,1.06086
1628971200000,1.0712,1.0712,1.0327,1.0615,444650.88,465021.27,1.051718
1628978400000,1.0618,1.0733,1.056,1.0687,326175.76,347653.08,1.064625
1628985600000,1.0691,1.0716,1.0466,1.061,495795.9,524413.65,1.05894
1628992800000,1.0612,1.0656,1.0402,1.0427,427824.12,452675.06,1.053045
1629000000000,1.0421,1.054,1.0316,1.0432,334219.73,348647.02,1.0428
1629007200000,1.043,1.05,1.01,1.0181,438080.66,450333.94,1.029941
1629014400000,1.0175,1.0432,1.0129,1.0389,655698.16,675379.92,1.028029
1629021600000,1.0388,1.0431,1.0232,1.0333,293016.98,302934.55,1.033094
1629028800000,1.0337,1.037,1.006,1.0268,812354.97,830530.26,1.02139
1629036000000,1.0271,1.0434,1.0221,1.0268,792536.9,819341.71,1.03275
1629043200000,1.0267,1.0366,1.0144,1.0345,361784.49,370754.27,1.025338
1629050400000,1.0338,1.0482,1.031,1.0475,280145.79,291119.17,1.039402
1629057600000,1.0481,1.0746,1.0456,1.0645,463690.65,492257.52,1.06043
1629064800000,1.0645,1.0756,1.0589,1.062,361274.11,385340.72,1.067273
1629072000000,1.062,1.0669,1.0453,1.0595,705364.15,746023.76,1.056084
1629079200000,1.0588,1.0615,1.0439,1.0449,270632.7,285477.48,1.052857
1629086400000,1.0449,1.0747,1.0442,1.0747,476424.77,505772.22,1.05934
1629093600000,1.0741,1.076,1.0524,1.07,726290.56,775032.2,1.06414
1629100800000,1.0699,1.0879,1.0522,1.0758,813678.38,874168.34,1.070031
1629108000000,1.0764,1.1146,1.0749,1.1039,2096780.65,2308701.25,1.095377
1629115200000,1.1042,1.1081,1.0382,1.0487,1971674.33,2119629.14,1.072533
1629122400000,1.0497,1.0676,1.0414,1.065,1181894.39,1244901.94,1.054234
1629129600000,1.0651,1.0743,1.0556,1.0699,505466.12,538389.31,1.064907
1629136800000,1.07,1.0751,1.0481,1.0485,345564.79,368263.64,1.062043
1629144000000,1.0489,1.0489,1.0115,1.0365,1348644.96,1387336.43,1.029847
1629151200000,1.036,1.0476,1.02,1.0273,545930.44,565338.71,1.033855
1629158400000,1.0279,1.0367,0.9861,1.0363,1334051.39,1344101.04,1.011256
1629165600000,1.0358,1.0547,1.0331,1.0433,516956.24,539388.29,1.044035
1629172800000,1.0432,1.0475,1.027,1.0312,598425.58,622330.99,1.037255
1629180000000,1.0301,1.035,1.013,1.032,591462.8,606014.13,1.023987
1629187200000,1.0323,1.06,1.0285,1.0586,508506.73,532521.79,1.043997
1629194400000,1.06,1.0845,1.0471,1.0717,767240.71,818578.84,1.065799
1629201600000,1.0703,1.1061,1.0702,1.0886,2886980.78,3161531.6,1.088754
1629208800000,1.0886,1.0923,1.0472,1.0519,1126570.41,1201210.1,1.069651
1629216000000,1.0519,1.0625,1.0343,1.0546,980244.88,1029266.54,1.048389
1629223200000,1.0541,1.078,1.0281,1.0382,894079.34,939870.42,1.05323
1629230400000,1.0372,1.0399,0.9933,1.0,1070061.51,1082532.75,1.016221
1629237600000,1.0001,1.0061,0.9794,0.9899,611488.95,606176.68,0.992665
1629244800000,0.9919,1.03,0.9224,0.9706,2904896.36,2866713.04,0.97615
1629252000000,0.9693,0.9697,0.9371,0.9582,1102893.49,1050107.68,0.953091
1629259200000,0.9591,0.9907,0.9545,0.9891,839494.36,817839.3,0.972289
1629266400000,0.9895,0.9895,0.96,0.9607,1006050.67,979535.31,0.974641
1629273600000,0.961,0.9812,0.9555,0.9771,309443.26,299654.59,0.968274
1629280800000,0.9778,0.9825,0.9364,0.942,715229.37,681946.15,0.95937
1629288000000,0.9415,0.9709,0.9373,0.9648,479356.8,458602.82,0.95423
1629295200000,0.9647,0.989,0.9624,0.9872,433110.97,421275.26,0.975646
1629302400000,0.9885,1.0076,0.9811,1.0024,855010.4,852145.73,0.994269
1629309600000,1.0023,1.0073,0.9624,0.9651,329287.86,323876.23,0.985088
1629316800000,0.9654,0.969,0.9432,0.9521,269427.36,256987.62,0.955911
1629324000000,0.9508,0.9867,0.9488,0.9653,396293.67,384375.57,0.968118
1629331200000,0.9673,0.9836,0.9538,0.9714,365427.47,354868.01,0.968697
1629338400000,0.9715,0.9715,0.9357,0.939,601484.68,572033.26,0.953172
1629345600000,0.9386,0.956,0.9328,0.9523,756430.3,712562.63,0.9443
1629352800000,0.9524,0.9593,0.9377,0.9492,271397.78,257828.89,0.948487
1629360000000,0.9489,0.9598,0.9414,0.9547,337696.45,321969.3,0.950569
1629367200000,0.9549,0.959,0.9322,0.9333,344579.62,325284.13,0.945891
1629374400000,0.9335,0.953,0.9271,0.9519,435272.46,408796.32,0.939667
1629381600000,0.9523,0.9782,0.952,0.9727,558064.14,538557.02,0.965564
1629388800000,0.9721,0.9805,0.9656,0.9805,586063.32,569611.29,0.972769
1629396000000,0.9797,1.0117,0.9762,1.0067,718355.01,717400.47,0.994077
1629403200000,1.0072,1.019,1.0034,1.0147,406108.06,410976.62,1.011215
1629410400000,1.0158,1.028,1.0028,1.0278,480803.05,488222.88,1.015015
1629417600000,1.0277,1.0305,1.0111,1.0193,635926.99,649023.77,1.020667
1629424800000,1.0196,1.0219,1.0068,1.0148,363439.96,368860.06,1.014276
1629432000000,1.0148,1.0218,1.0081,1.0201,270581.44,274682.17,1.014853
1629439200000,1.0202,1.0479,1.0171,1.0321,1056678.74,1094135.58,1.032746
1629446400000,1.0309,1.0422,1.0254,1.033,757951.37,783537.2,1.033807
1629453600000,1.033,1.0429,1.0261,1.0273,575033.63,594896.25,1.034629
1629460800000,1.027,1.0398,1.0269,1.0321,468121.84,484065.64,1.033505
1629468000000,1.0331,1.0619,1.0314,1.0507,1393241.35,1463284.4,1.047081
1629475200000,1.0507,1.0571,1.0354,1.0474,584821.32,612936.21,1.046234
1629482400000,1.047,1.0575,1.0282,1.0501,679568.37,710805.16,1.042834
1629489600000,1.0511,1.0569,1.0417,1.0514,304647.59,319242.72,1.0493
1629496800000,1.0519,1.0591,1.0391,1.0589,434796.46,455639.67,1.048901
1629504000000,1.0577,1.0599,1.0296,1.0415,260730.0,271248.39,1.044377
1629511200000,1.0418,1.063,1.0381,1.047,333962.62,350827.57,1.050618
1629518400000,1.0475,1.0487,1.0247,1.0476,534619.37,553034.02,1.0367
1629525600000,1.0469,1.0596,1.0419,1.059,372416.2,391227.41,1.050459
1629532800000,1.059,1.0648,1.0427,1.0465,663509.64,698182.49,1.053837
1629540000000,1.0465,1.0745,1.0151,1.035,2244473.13,2343526.23,1.044838
1629547200000,1.0341,1.0561,1.0321,1.0455,642898.92,672292.46,1.044357
1629554400000,1.0455,1.048,1.0287,1.0419,669165.67,693854.92,1.038303
1629561600000,1.0421,1.055,1.037,1.0493,664116.14,696307.61,1.046012
1629568800000,1.0496,1.085,1.0306,1.0512,3172020.36,3366729.49,1.057802
1629576000000,1.0512,1.0714,1.0454,1.0672,662232.55,700633.9,1.058316
1629583200000,1.0672,1.0863,1.0621,1.0706,1265105.36,1363192.51,1.074226
1629590400000,1.0705,1.1206,1.0684,1.1047,2070879.09,2280437.86,1.095329
1629597600000,1.1042,1.1056,1.0763,1.0954,722585.35,789777.17,1.090746
1629604800000,1.0954,1.1202,1.0945,1.1124,751569.29,834902.43,1.107774
1629612000000,1.1134,1.1234,1.1079,1.1146,764599.95,851740.72,1.115652
1629619200000,1.1151,1.1248,1.0979,1.1173,1085835.33,1210178.74,1.111342
1629626400000,1.1173,1.1214,1.1,1.1054,729403.9,808421.08,1.110646
1629633600000,1.106,1.1111,1.0779,1.0939,1107308.54,1209644.52,1.094313
1629640800000,1.093,1.0977,1.045,1.0677,1465433.13,1562313.71,1.0708
1629648000000,1.0681,1.0795,1.057,1.0706,865926.12,925796.64,1.068247
1629655200000,1.0704,1.0857,1.0539,1.0812,958786.11,1028415.62,1.069622
1629662400000,1.0812,1.0918,1.0616,1.09,612669.41,658500.89,1.076507
1629669600000,1.0889,1.1279,1.0852,1.1226,956307.54,1062446.57,1.106698
1629676800000,1.1221,1.127,1.1017,1.1044,663635.14,737663.13,1.114503
1629684000000,1.1042,1.1303,1.0942,1.1259,776378.98,862973.19,1.111972
1629691200000,1.1259,1.1486,1.1196,1.143,1794658.09,2038156.72,1.134067
1629698400000,1.143,1.1506,1.1287,1.1384,1349078.6,1536819.61,1.139638
1629705600000,1.1384,1.1438,1.1322,1.1385,529671.33,602691.46,1.138
1629712800000,1.1387,1.1485,1.1183,1.1473,926922.68,1049205.89,1.133201
1629720000000,1.1483,1.1771,1.1382,1.1705,1622549.69,1882959.2,1.157495
1629727200000,1.1713,1.1854,1.1343,1.1508,3280165.3,3816240.27,1.1598
1629734400000,1.1495,1.1575,1.1393,1.1459,643672.64,739483.47,1.148407
1629741600000,1.1442,1.1458,1.126,1.133,615677.66,699039.45,1.135665
1629748800000,1.1312,1.1575,1.1207,1.1537,585996.45,667956.74,1.138755
1629756000000,1.1538,1.1614,1.1424,1.1594,498077.57,574729.64,1.151796
1629763200000,1.1597,1.18,1.1249,1.1352,946393.84,1090229.46,1.15271
1629770400000,1.1347,1.1744,1.133,1.1636,597182.59,690744.78,1.154331
1629777600000,1.1634,1.1887,1.1592,1.1869,768224.91,903348.68,1.173724
1629784800000,1.1874,1.1881,1.1587,1.1616,1484296.56,1738710.81,1.173138
1629792000000,1.1611,1.1673,1.1484,1.155,555731.72,643544.46,1.157845
1629799200000,1.1547,1.1631,1.1386,1.1583,579382.86,666814.0,1.150819
1629806400000,1.1583,1.1595,1.1083,1.1196,1014310.06,1150804.39,1.133059
1629813600000,1.1198,1.1207,1.0732,1.0799,1560543.53,1707900.94,1.096329
1629820800000,1.08,1.0819,1.031,1.0617,1219191.14,1291102.81,1.055969
1629828000000,1.0617,1.0859,1.0517,1.0798,809647.56,865346.06,1.068653
1629835200000,1.0795,1.0958,1.0673,1.0795,491511.85,533258.11,1.08155
1629842400000,1.0797,1.098,1.0603,1.0606,597024.93,646622.93,1.079767
1629849600000,1.0614,1.0944,1.0591,1.0831,784057.36,841237.16,1.077219
1629856800000,1.0818,1.0944,1.0684,1.0698,287177.91,311414.57,1.081715
1629864000000,1.069,1.0915,1.0582,1.0908,253134.07,271910.67,1.074244
1629871200000,1.0918,1.0939,1.0697,1.0709,264305.54,285793.49,1.081903
1629878400000,1.0712,1.0723,1.0134,1.0433,1602575.58,1664245.37,1.041994
1629885600000,1.0439,1.0851,1.042,1.0756,1077226.91,1146631.13,1.064144
1629892800000,1.0755,1.1084,1.0684,1.0928,939633.0,1027808.62,1.088608
1629900000000,1.0917,1.1249,1.073,1.1224,1132916.56,1255507.31,1.098174
1629907200000,1.1232,1.13,1.1082,1.1219,741564.98,832375.95,1.119097
1629914400000,1.1232,1.1273,1.1005,1.1022,322806.31,360109.77,1.114118
1629921600000,1.1023,1.1688,1.1023,1.1674,1127939.34,1284037.83,1.135771
1629928800000,1.1679,1.1743,1.1287,1.1502,980668.99,1127523.53,1.151204
1629936000000,1.15,1.1681,1.1306,1.132,902118.26,1036214.58,1.14986
1629943200000,1.1314,1.1435,1.0861,1.0913,589821.76,657259.8,1.115279
1629950400000,1.0906,1.101,1.0608,1.078,713455.48,770402.93,1.080814
1629957600000,1.077,1.0819,1.05,1.0681,486198.12,518899.5,1.065819
1629964800000,1.0683,1.08,1.0546,1.0557,474467.0,506980.24,1.067647
1629972000000,1.0554,1.088,1.051,1.0694,443595.38,476523.22,1.069764
1629979200000,1.0702,1.083,1.0405,1.0769,619228.17,660134.25,1.061676
1629986400000,1.0773,1.0884,1.0453,1.0473,435885.0,464617.91,1.067477
1629993600000,1.0473,1.0569,1.0177,1.0487,614749.18,639493.81,1.037297
1630000800000,1.0482,1.0549,1.0274,1.0494,509498.0,531669.03,1.041146
1630008000000,1.0497,1.0661,1.0399,1.0588,352829.0,372121.69,1.052961
1630015200000,1.0588,1.0899,1.0436,1.048,1139595.0,1220329.36,1.066934
1630022400000,1.0475,1.0655,1.0177,1.049,724625.0,756252.8,1.041598
1630029600000,1.0496,1.0571,1.0145,1.0181,320062.56,330474.27,1.036109
1630036800000,1.0194,1.032,1.0028,1.029,393062.54,398792.23,1.017211
1630044000000,1.0311,1.0478,1.0239,1.0461,339969.0,352289.65,1.03555
1630051200000,1.0471,1.0501,1.03,1.0415,291428.0,303121.64,1.039966
1630058400000,1.0404,1.0691,1.0373,1.0542,783899.0,823809.36,1.053492
1630065600000,1.0569,1.0613,1.0378,1.0448,329490.0,345798.53,1.049458
1630072800000,1.044,1.0849,1.0425,1.0776,565099.0,605925.61,1.06424
1630080000000,1.0792,1.0813,1.0674,1.079,324184.0,348809.17,1.07435
1630087200000,1.0798,1.0904,1.0764,1.0849,313303.66,339267.93,1.083436
1630094400000,1.0851,1.1,1.0746,1.0953,425312.0,464454.27,1.087178
1630101600000,1.0955,1.1123,1.0867,1.112,407042.16,446775.58,1.099007
1630108800000,1.1114,1.113,1.0869,1.0958,578253.0,634334.54,1.099592
1630116000000,1.0957,1.0957,1.0762,1.0768,434961.0,470970.34,1.085858
1630123200000,1.078,1.0983,1.0772,1.0812,236076.0,256553.56,1.087797
1630130400000,1.081,1.095,1.0707,1.0851,408770.0,444018.79,1.082849
1630137600000,1.0855,1.0971,1.0843,1.0916,279235.0,304443.16,1.090829
1630144800000,1.0899,1.0931,1.0697,1.0736,268533.0,291239.75,1.081352
1630152000000,1.0734,1.0876,1.0726,1.0759,218873.0,236377.61,1.080138
1630159200000,1.0744,1.076,1.0594,1.076,343500.0,366829.15,1.067683
1630166400000,1.0759,1.0836,1.0727,1.074,325038.0,350194.1,1.078174
1630173600000,1.0743,1.0787,1.0637,1.0704,247601.0,265534.94,1.07118
1630180800000,1.07,1.0916,1.0675,1.0853,204480.0,221223.97,1.079763
1630188000000,1.0854,1.0911,1.0776,1.0798,862038.0,932764.46,1.084429
1630195200000,1.08,1.1276,1.0797,1.1127,2215544.0,2446130.35,1.104613
1630202400000,1.1135,1.1167,1.0678,1.0775,621598.0,673686.34,1.091741
1630209600000,1.0777,1.0843,1.0635,1.0794,549436.0,590443.56,1.073892
1630216800000,1.08,1.0962,1.0775,1.0886,295373.0,321955.71,1.086992
1630224000000,1.0882,1.0998,1.0806,1.0993,379135.0,414519.09,1.089876
1630231200000,1.0998,1.1009,1.0719,1.0723,347352.0,377531.75,1.086502
1630238400000,1.073,1.0999,1.0719,1.0894,380954.0,414504.88,1.086341
1630245600000,1.0893,1.0979,1.0752,1.0893,254811.0,277163.81,1.08655
1630252800000,1.0899,1.1091,1.0805,1.1079,492997.0,540832.4,1.094349
1630260000000,1.1071,1.1146,1.1028,1.1129,283756.0,314982.92,1.108616
1630267200000,1.1132,1.1164,1.0939,1.1032,403605.0,446604.04,1.104992
1630274400000,1.1032,1.114,1.0931,1.0961,286477.0,316073.32,1.103666
1630281600000,1.0962,1.0977,1.0752,1.0784,277660.0,301406.29,1.086292
1630288800000,1.0786,1.0814,1.0546,1.059,308412.0,329263.85,1.067877
1630296000000,1.0594,1.0667,1.0507,1.0632,304799.0,322718.96,1.058663
1630303200000,1.0611,1.0637,1.0467,1.063,441871.0,466078.05,1.055179
1630310400000,1.0624,1.0715,1.0572,1.0635,188959.0,201262.35,1.064352
1630317600000,1.0621,1.0657,1.0447,1.0591,411540.0,434092.53,1.055172
1630324800000,1.0595,1.0598,1.0337,1.0533,275261.0,287388.28,1.046612
1630332000000,1.0526,1.0647,1.042,1.06,335490.0,353911.97,1.053269
1630339200000,1.0601,1.1224,1.0586,1.102,2098862.0,2277940.1,1.091642
1630346400000,1.1018,1.1171,1.0929,1.098,993658.0,1098994.34,1.105032
1630353600000,1.0993,1.1128,1.0886,1.0973,863703.0,949248.22,1.100704
1630360800000,1.0971,1.1044,1.037,1.0473,853897.0,912340.09,1.070463
1630368000000,1.0468,1.0506,1.0229,1.0317,788264.0,815659.17,1.036549
1630375200000,1.0307,1.0466,1.0256,1.0455,404062.0,418220.3,1.035816
1630382400000,1.0462,1.0524,1.0376,1.0495,408638.0,427837.37,1.044964
1630389600000,1.049,1.0694,1.0327,1.0654,511457.0,539065.79,1.050727
1630396800000,1.0661,1.0694,1.0488,1.053,305343.0,323264.86,1.059049
1630404000000,1.0539,1.0783,1.0395,1.0781,626894.0,665515.72,1.058135
1630411200000,1.0778,1.0801,1.0614,1.0716,482368.0,515699.18,1.070638
1630418400000,1.0716,1.0823,1.0502,1.0775,712844.0,760117.08,1.066179
1630425600000,1.0782,1.0826,1.0057,1.0472,1294814.0,1365193.85,1.043364
1630432800000,1.0474,1.0651,1.0428,1.0645,304899.0,321715.03,1.053605
1630440000000,1.0639,1.0679,1.0423,1.0491,395254.0,417129.63,1.054972
1630447200000,1.0482,1.0689,1.0326,1.0636,462588.0,485851.06,1.050507
1630454400000,1.0638,1.0692,1.0336,1.0576,947981.0,1000789.74,1.051329
1630461600000,1.0564,1.0594,1.0404,1.0523,331312.0,348477.15,1.049848
1630468800000,1.0523,1.07,1.0492,1.069,406526.0,431620.87,1.059398
1630476000000,1.0691,1.0717,1.0587,1.0628,282479.0,300998.6,1.065153
1630483200000,1.0624,1.0929,1.0624,1.0826,1098469.0,1188265.05,1.078284
1630490400000,1.0822,1.0982,1.0822,1.0859,1025326.0,1119189.85,1.090283
1630497600000,1.0857,1.1053,1.0769,1.081,1282693.0,1400162.19,1.091153
1630504800000,1.0809,1.1081,1.075,1.1025,573469.0,628174.52,1.091532
1630512000000,1.1023,1.1239,1.1,1.1117,1076367.0,1199924.66,1.112149
1630519200000,1.1131,1.1327,1.1105,1.1189,858634.0,963071.73,1.121697
1630526400000,1.1186,1.1335,1.1186,1.1293,484295.0,545135.63,1.126361
1630533600000,1.1293,1.1317,1.1141,1.122,365688.0,410374.94,1.122776
1630540800000,1.122,1.1273,1.107,1.1213,304335.0,340654.72,1.117149
1630548000000,1.1212,1.1284,1.1131,1.1179,492377.0,550415.31,1.120764
1630555200000,1.1195,1.1213,1.1079,1.1165,379352.0,422630.43,1.114557
1630562400000,1.117,1.1218,1.106,1.1079,419215.0,467143.66,1.114031
1630569600000,1.1067,1.1218,1.1041,1.1196,363559.0,404568.51,1.112919
1630576800000,1.1191,1.1428,1.1146,1.1377,769562.95,869381.53,1.128737
1630584000000,1.1377,1.1433,1.1221,1.129,507012.0,573332.54,1.132671
1630591200000,1.129,1.1351,1.0914,1.0999,772586.0,856549.4,1.1131
1630598400000,1.1006,1.1271,1.0973,1.1177,907124.0,1012543.38,1.112474
1630605600000,1.1182,1.1214,1.1027,1.1075,318805.0,353521.5,1.111979
1630612800000,1.1091,1.1165,1.1,1.1162,585024.0,646822.93,1.108036
1630620000000,1.1161,1.1284,1.1131,1.1188,244804.0,274170.63,1.120776
1630627200000,1.1182,1.1209,1.0844,1.0923,422070.0,463215.15,1.102276
1630634400000,1.0917,1.122,1.0899,1.1205,272767.0,302738.65,1.105912
1630641600000,1.1215,1.1287,1.1164,1.1242,451599.0,507259.17,1.122546
1630648800000,1.1242,1.15,1.1215,1.1374,1327474.0,1508915.24,1.136031
1630656000000,1.1363,1.1524,1.1344,1.1444,557199.38,638141.3,1.143563
1630663200000,1.1452,1.1517,1.1222,1.1485,999798.0,1140673.97,1.136919
1630670400000,1.1499,1.1584,1.1371,1.1521,742446.0,854276.87,1.147741
1630677600000,1.1523,1.172,1.1434,1.1653,687489.14,797245.5,1.15764
1630684800000,1.1654,1.1684,1.1527,1.158,434610.0,503614.83,1.160482
1630692000000,1.158,1.1773,1.1512,1.1652,556099.88,648412.5,1.164301
1630699200000,1.1651,1.1652,1.1482,1.1597,223971.0,258397.37,1.156552
1630706400000,1.1596,1.1788,1.1331,1.1788,617885.63,712828.44,1.155338
1630713600000,1.1788,1.2035,1.1589,1.1622,2761468.1,3266162.84,1.181584
1630720800000,1.162,1.195,1.159,1.1919,610873.0,722780.73,1.17701
1630728000000,1.1918,1.1932,1.1747,1.1808,497977.0,589082.42,1.183722
1630735200000,1.1799,1.2658,1.1798,1.1842,1340297.35,1607076.15,1.222825
1630742400000,1.1855,1.2133,1.1803,1.2124,883859.0,1061940.83,1.196372
1630749600000,1.2127,1.2224,1.1705,1.216,2505857.0,3011583.91,1.196432
1630756800000,1.2145,1.239,1.2106,1.231,1744189.58,2137313.15,1.224989
1630764000000,1.2304,1.2319,1.2102,1.2144,810148.0,987973.46,1.220838
1630771200000,1.2144,1.2209,1.1813,1.2029,904518.0,1085822.17,1.200937
1630778400000,1.2029,1.2103,1.1875,1.2012,475462.0,570953.82,1.198896
1630785600000,1.2006,1.2276,1.1983,1.2217,350450.0,425787.7,1.213218
1630792800000,1.2218,1.247,1.216,1.2449,677541.0,834375.65,1.231202
1630800000000,1.2449,1.25,1.2167,1.2318,708249.0,874614.32,1.233149
1630807200000,1.2319,1.2443,1.2141,1.2197,477835.0,586779.0,1.229345
1630814400000,1.2191,1.2451,1.2174,1.2332,473464.0,584155.68,1.231603
1630821600000,1.234,1.25,1.222,1.2453,616559.0,763136.14,1.235845
1630828800000,1.2444,1.266,1.2432,1.2494,815175.75,1021874.32,1.254694
1630836000000,1.2494,1.2759,1.2463,1.2709,817705.58,1033420.42,1.261244
1630843200000,1.2711,1.2897,1.2585,1.2881,1649998.41,2107979.06,1.273659
1630850400000,1.2885,1.2918,1.2243,1.2459,1513298.01,1909649.55,1.257038
1630857600000,1.2468,1.2616,1.2351,1.2585,756772.0,947075.79,1.24813
1630864800000,1.2579,1.2652,1.2411,1.246,530871.0,666835.73,1.253228
1630872000000,1.2462,1.2875,1.2453,1.2874,604718.0,763423.13,1.266275
1630879200000,1.2873,1.314,1.2834,1.3138,1051481.31,1363663.39,1.298273
1630886400000,1.3138,1.3143,1.2709,1.2805,739328.0,950191.54,1.291815
1630893600000,1.2807,1.2822,1.2695,1.2696,448921.0,572321.23,1.276015
1630900800000,1.2695,1.3177,1.2641,1.2952,1355610.0,1751334.99,1.291421
1630908000000,1.295,1.3022,1.288,1.3008,431510.0,559182.07,1.294978
1630915200000,1.3004,1.3148,1.2929,1.3083,553159.0,722024.04,1.303833
1630922400000,1.3082,1.3097,1.2674,1.272,820128.0,1058634.47,1.288203
1630929600000,1.2718,1.2751,1.2355,1.2716,818624.0,1029508.15,1.2553
1630936800000,1.2724,1.2897,1.2682,1.2817,541549.0,692163.07,1.279043
1630944000000,1.2849,1.2889,1.2614,1.2738,570531.0,724922.42,1.274972
1630951200000,1.2746,1.2922,1.2677,1.2832,293692.0,376481.12,1.279983
1630958400000,1.2827,1.288,1.2699,1.2867,437501.0,558467.72,1.278879
1630965600000,1.2875,1.2975,1.2709,1.2915,419618.0,538806.97,1.28417
1630972800000,1.2911,1.2911,1.2496,1.2546,382979.0,483144.93,1.269751
1630980000000,1.2554,1.27,1.2502,1.252,269845.0,340378.87,1.260148
1630987200000,1.252,1.2604,1.2474,1.2595,235031.0,294406.88,1.253732
1630994400000,1.2591,1.2612,1.2155,1.2288,1097090.0,1351842.96,1.237659
1631001600000,1.2286,1.2287,1.151,1.1621,1678952.0,1988932.65,1.188617
1631008800000,1.1603,1.187,1.1582,1.1711,518779.0,609402.11,1.172851
1631016000000,1.1705,1.1935,1.1619,1.1625,530912.0,625206.7,1.177882
1631023200000,1.1624,1.1729,0.9009,1.0227,5489533.39,5622727.22,1.032971
1631030400000,1.0232,1.0733,1.0017,1.0061,3431913.0,3575209.87,1.037831
1631037600000,1.0062,1.0295,0.9856,1.004,1688986.0,1706872.91,1.007552
1631044800000,1.0033,1.021,0.98,0.9967,878187.0,879167.92,1.000503
1631052000000,0.9966,1.0243,0.9844,1.0121,734998.0,743583.67,1.00435
1631059200000,1.0162,1.0358,0.9925,1.0358,866953.0,878163.5,1.01351
1631066400000,1.0337,1.0425,0.9832,0.9879,964774.0,975454.26,1.013209
1631073600000,0.9902,1.0131,0.9752,0.9772,832222.0,829308.04,0.994467
1631080800000,0.9784,0.985,0.9096,0.9096,2057777.0,1934388.08,0.948167
1631088000000,0.9109,0.9653,0.8832,0.9614,2415593.58,2212661.87,0.923007
1631095200000,0.9606,1.0178,0.9468,0.9679,3237207.0,3170152.29,0.982348
1631102400000,0.9676,1.0367,0.9647,0.9729,3728836.0,3716465.67,1.000741
1631109600000,0.9728,1.033,0.953,1.0238,2944319.0,2928853.77,0.992401
1631116800000,1.0243,1.0501,1.0127,1.0219,1790524.0,1846635.53,1.031409
1631124000000,1.0217,1.028,0.9984,1.0084,788464.0,797180.56,1.013102
1631131200000,1.0074,1.0074,0.9806,0.9958,596032.0,591681.96,0.993627
1631138400000,0.9953,1.0243,0.9929,1.0082,325448.0,329286.58,1.008902
1631145600000,1.0073,1.0269,0.9865,0.9947,773114.0,778380.14,1.006842
1631152800000,0.9953,1.0221,0.9848,0.9984,1674984.0,1685108.84,1.003461
1631160000000,0.9985,1.047,0.9966,1.0383,1269465.0,1303432.72,1.022428
1631167200000,1.0379,1.0418,1.0047,1.0327,1251869.0,1277771.61,1.023191
1631174400000,1.0319,1.0558,1.031,1.0379,795594.0,831122.27,1.043526
1631181600000,1.0373,1.0392,1.0151,1.037,570520.0,586308.79,1.02715
1631188800000,1.0372,1.0479,0.9973,1.0281,1075049.0,1103552.87,1.022518
1631196000000,1.0281,1.0498,1.0281,1.0483,328922.0,342303.77,1.039157
1631203200000,1.0487,1.0801,1.0448,1.0591,1311982.0,1396520.72,1.06264
1631210400000,1.0585,1.0655,1.0417,1.0501,666384.0,702383.47,1.053577
1631217600000,1.0502,1.0526,1.0199,1.0378,1016588.0,1043654.86,1.035961
1631224800000,1.0378,1.0708,1.0261,1.0708,645459.0,675635.98,1.047527
1631232000000,1.0708,1.1103,1.0693,1.0934,4972972.0,5417563.7,1.090433
1631239200000,1.0932,1.1035,1.0786,1.0964,735977.0,802825.31,1.091034
1631246400000,1.0973,1.1019,1.0733,1.0865,472095.0,512990.38,1.087441
1631253600000,1.0873,1.0936,1.0424,1.048,657445.0,699142.39,1.06806
1631260800000,1.0476,1.0557,1.0166,1.04,930069.0,962713.43,1.036077
1631268000000,1.0379,1.0522,1.0323,1.0489,415756.0,433722.63,1.042155
1631275200000,1.0495,1.05,1.0102,1.0253,2371806.0,2440519.68,1.029357
1631282400000,1.0259,1.0297,0.9787,1.0105,905975.0,903433.64,1.003873
1631289600000,1.009,1.0194,0.997,1.0191,270415.0,271997.79,1.007887
1631296800000,1.0194,1.0279,1.0068,1.0125,401701.0,408355.51,1.017388
1631304000000,1.0127,1.0218,0.9756,0.9855,563683.0,562151.05,0.998662
1631311200000,0.9843,1.0091,0.9727,1.0085,571477.0,563972.62,0.990217
1631318400000,1.0075,1.0157,0.9928,1.0098,351317.0,352678.25,1.004239
1631325600000,1.0114,1.0155,0.9886,1.0026,881738.0,881232.38,1.001914
1631332800000,1.0042,1.0181,0.9935,1.0123,422880.0,426280.02,1.005732
1631340000000,1.0137,1.0204,0.9945,1.0067,192668.0,194295.79,1.007399
1631347200000,1.0079,1.016,0.9915,1.0153,363433.0,364154.68,1.003567
1631354400000,1.0154,1.03,1.0129,1.0173,310260.0,316653.77,1.021466
1631361600000,1.0188,1.0325,1.0132,1.0245,545974.0,559692.1,1.022877
1631368800000,1.0254,1.0406,1.0229,1.0284,300040.0,309681.29,1.031785
1631376000000,1.0294,1.0467,1.0253,1.0397,267749.0,277734.99,1.036089
1631383200000,1.0395,1.0444,1.0271,1.0343,309395.0,320894.29,1.035723
1631390400000,1.0343,1.0418,1.026,1.0299,254689.0,262806.71,1.033936
1631397600000,1.0291,1.0318,1.0046,1.0318,471406.0,479076.81,1.01817
1631404800000,1.0308,1.0308,0.9857,0.9948,692156.0,690244.0,1.007388
1631412000000,0.9925,1.0126,0.9918,1.0126,133750.0,134161.76,1.002093
1631419200000,1.011,1.0196,1.0067,1.0106,210806.0,213571.48,1.013151
1631426400000,1.0106,1.0125,0.9944,1.0097,266775.0,267623.88,1.003446
1631433600000,1.0089,1.0305,1.0066,1.0234,300806.0,308082.59,1.018793
1631440800000,1.0249,1.0427,1.017,1.0427,394863.0,406386.65,1.029312
1631448000000,1.043,1.0494,1.0276,1.0366,567604.0,590200.74,1.038471
1631455200000,1.0368,1.0644,1.0342,1.0551,798325.0,841511.34,1.049639
1631462400000,1.0544,1.0758,1.0543,1.062,892668.0,952518.69,1.065271
1631469600000,1.0628,1.0702,1.0555,1.0575,289284.0,307495.99,1.062941
1631476800000,1.058,1.0692,1.0233,1.0384,496304.0,518486.7,1.046157
1631484000000,1.0371,1.0687,1.0371,1.0638,299872.0,316948.07,1.053432
1631491200000,1.0632,1.0693,1.012,1.0175,748852.0,780729.52,1.040707
1631498400000,1.0178,1.0221,0.9926,0.9942,430511.0,433345.59,1.007607
1631505600000,0.9936,1.0067,0.9866,1.0039,375359.0,374883.6,0.996502
1631512800000,1.0039,1.0062,0.9774,0.9872,411932.0,408265.38,0.991456
1631520000000,0.9876,0.9888,0.9671,0.9773,477565.0,467305.07,0.977681
1631527200000,0.9771,0.9929,0.9713,0.9905,381530.0,375474.49,0.981919
1631534400000,0.9906,1.0245,0.9805,1.0146,444416.0,445550.89,1.002492
1631541600000,1.0155,1.0168,0.9412,0.97,831104.0,804378.99,0.977631
1631548800000,0.9694,0.9843,0.9663,0.9809,227983.0,222596.59,0.975317
1631556000000,0.9813,0.9934,0.9797,0.9913,207802.0,204907.31,0.986588
1631563200000,0.9915,1.0078,0.9915,0.998,273199.0,272937.16,0.999853
1631570400000,0.9981,1.0199,0.9885,1.0102,435487.0,437019.48,1.004202
1631577600000,1.0114,1.0333,0.9894,0.9943,1408528.0,1423424.87,1.011685
1631584800000,0.9942,1.0027,0.9831,0.9966,266694.0,264496.84,0.992891
1631592000000,0.9977,0.9997,0.9858,0.9928,160596.0,159627.79,0.99267
1631599200000,0.9932,1.0022,0.9865,0.9988,306079.0,304622.31,0.994296
1631606400000,0.9982,1.0114,0.9982,1.0045,271708.0,273767.89,1.005008
1631613600000,1.0056,1.0179,1.0012,1.0057,634022.0,640397.14,1.00955
1631620800000,1.0064,1.0243,0.9946,1.011,705105.0,713711.11,1.009455
1631628000000,1.011,1.0298,1.0005,1.0253,773387.0,786017.02,1.01496
1631635200000,1.0254,1.0273,1.0145,1.0236,334339.0,340807.9,1.020882
1631642400000,1.0245,1.025,1.0029,1.0091,406269.0,410032.83,1.013556
1631649600000,1.0093,1.0284,1.0075,1.0274,170574.0,173370.61,1.017858
1631656800000,1.027,1.0686,1.026,1.0646,572211.0,601883.77,1.047663
1631664000000,1.0644,1.0674,1.0308,1.0324,662519.0,695803.08,1.049265
1631671200000,1.0315,1.042,1.03,1.0354,330875.0,342989.12,1.036069
1631678400000,1.0358,1.0485,1.0305,1.0429,408621.0,425602.81,1.039506
1631685600000,1.043,1.0499,1.0331,1.0471,296441.0,308291.12,1.041446
1631692800000,1.0471,1.0518,1.0367,1.0372,288884.0,301627.76,1.044503
1631700000000,1.0365,1.0692,1.0365,1.0567,802136.0,848102.44,1.053509
1631707200000,1.0574,1.0657,1.0422,1.0513,348818.0,367127.85,1.053943
1631714400000,1.0522,1.0616,1.0444,1.0608,383201.0,403770.2,1.052767
1631721600000,1.0609,1.0698,1.055,1.0672,496542.0,527332.43,1.062322
1631728800000,1.0672,1.0696,1.0545,1.0574,343640.0,363756.37,1.062021
1631736000000,1.0579,1.078,1.0538,1.0687,648857.0,692055.59,1.066036
1631743200000,1.0688,1.0854,1.0668,1.0854,391419.0,421008.28,1.075851
1631750400000,1.0853,1.1322,1.0563,1.1211,2522576.0,2770389.94,1.093723
1631757600000,1.1211,1.144,1.0993,1.1301,2195217.0,2470078.0,1.12161
1631764800000,1.131,1.1692,1.1197,1.1496,2053381.0,2360455.23,1.144602
1631772000000,1.1505,1.1658,1.1446,1.1481,1526018.0,1759706.5,1.155219
1631779200000,1.1489,1.1777,1.1358,1.1495,1823697.0,2117719.5,1.15675
1631786400000,1.1487,1.1593,1.131,1.1586,895137.0,1025973.93,1.144882
1631793600000,1.1578,1.2499,1.1461,1.1946,6283754.0,7591577.82,1.198707
1631800800000,1.1946,1.2259,1.1788,1.1988,3297044.0,3954203.67,1.202361
1631808000000,1.1988,1.2073,1.1559,1.1585,1556234.0,1839474.8,1.182136
1631815200000,1.1563,1.1693,1.1472,1.1475,1259057.0,1457668.73,1.158512
1631822400000,1.1479,1.1548,1.1132,1.1404,991062.0,1121322.68,1.133917
1631829600000,1.1397,1.149,1.1334,1.1429,749067.0,855915.98,1.141199
1631836800000,1.1421,1.1459,1.1081,1.1284,958545.0,1079159.78,1.12672
1631844000000,1.1289,1.1371,1.1101,1.1199,719149.0,806169.43,1.123577
1631851200000,1.1189,1.129,1.1038,1.1261,537826.0,600459.24,1.116273
1631858400000,1.1266,1.1272,1.0982,1.1024,550700.0,611271.13,1.112321
1631865600000,1.1004,1.1213,1.0937,1.0944,491327.0,544208.11,1.107621
1631872800000,1.0944,1.1,1.0628,1.0713,765959.0,827208.74,1.081245
1631880000000,1.071,1.0933,1.057,1.0776,1011372.0,1086648.05,1.075157
1631887200000,1.0776,1.0941,1.0757,1.0866,590596.0,641234.12,1.085078
1631894400000,1.0866,1.0981,1.0717,1.0745,621579.0,675471.74,1.085141
1631901600000,1.0743,1.0868,1.0579,1.0864,464349.0,497606.28,1.071983
1631908800000,1.0854,1.0882,1.0625,1.0744,388551.0,416220.69,1.075132
1631916000000,1.075,1.095,1.0607,1.0809,602765.0,651079.74,1.077849
1631923200000,1.0831,1.1029,1.0584,1.0787,1568513.0,1701155.13,1.080649
1631930400000,1.0788,1.0992,1.0748,1.095,669126.0,727634.97,1.087012
1631937600000,1.0971,1.1114,1.0957,1.1087,466557.0,515496.58,1.103653
1631944800000,1.1107,1.1124,1.0967,1.1054,369384.0,407501.56,1.104447
1631952000000,1.1054,1.1131,1.0962,1.1005,377560.0,417530.48,1.104686
1631959200000,1.1017,1.12,1.0972,1.0993,430587.0,479003.26,1.108622
1631966400000,1.1002,1.1089,1.092,1.1074,549254.0,604584.52,1.100291
1631973600000,1.1069,1.1288,1.1065,1.1229,916651.0,1027414.61,1.118056
1631980800000,1.1245,1.1327,1.1008,1.1312,528912.0,591272.24,1.116626
1631988000000,1.1322,1.1339,1.1088,1.1277,359797.0,402704.33,1.12128
1631995200000,1.1262,1.1262,1.0851,1.0959,546470.0,599455.39,1.104801
1632002400000,1.0939,1.1181,1.0912,1.1155,151530.0,167953.72,1.10464
1632009600000,1.1155,1.1156,1.0885,1.1026,395893.0,436133.71,1.10163
1632016800000,1.0998,1.1097,1.0929,1.0933,216274.0,238258.66,1.101485
1632024000000,1.0928,1.1088,1.0925,1.1078,227826.0,250806.92,1.100744
1632031200000,1.108,1.1164,1.0999,1.1146,146852.0,162874.71,1.108019
1632038400000,1.1155,1.1173,1.1031,1.1132,187093.0,207796.55,1.110173
1632045600000,1.1125,1.1233,1.06,1.0687,644717.0,702481.32,1.091793
1632052800000,1.0683,1.0858,1.064,1.0795,589766.0,634178.48,1.074971
1632060000000,1.0802,1.0832,1.0728,1.075,261477.0,281956.31,1.078027
1632067200000,1.0752,1.0817,1.0607,1.0666,359442.0,385376.9,1.071213
1632074400000,1.0666,1.0856,1.0666,1.0684,238009.0,256459.98,1.076119
1632081600000,1.0681,1.0847,1.0657,1.0745,207256.0,223379.94,1.075314
1632088800000,1.0745,1.08,1.0428,1.0668,614726.0,648723.32,1.0613
1632096000000,1.0662,1.1096,1.025,1.0367,1560870.0,1636251.3,1.067797
1632103200000,1.0369,1.0381,0.9758,0.9854,1293701.0,1299179.28,1.006085
1632110400000,0.986,1.0017,0.9762,0.9945,604766.0,598219.52,0.988913
1632117600000,0.9968,0.9986,0.9458,0.9613,1145866.0,1117320.48,0.971327
1632124800000,0.9615,0.9818,0.9553,0.9612,582778.0,565319.36,0.96855
1632132000000,0.9633,0.9765,0.9106,0.9211,1156441.0,1085472.32,0.943704
1632139200000,0.9207,0.9465,0.8726,0.9445,1250249.71,1136351.46,0.908936
1632146400000,0.9446,0.9471,0.92,0.9352,871404.0,814491.65,0.933353
1632153600000,0.9352,0.9558,0.9253,0.949,541172.0,508088.3,0.940466
1632160800000,0.949,0.9523,0.9067,0.9287,653563.0,603388.67,0.929013
1632168000000,0.9288,0.9343,0.909,0.9286,333858.0,307514.96,0.92165
1632175200000,0.9285,0.9447,0.9012,0.9087,527641.0,487422.01,0.923188
1632182400000,0.9109,0.9109,0.8607,0.9007,960390.0,848900.73,0.885591
1632189600000,0.8996,0.9219,0.8979,0.9043,343014.0,312532.6,0.909977
1632196800000,0.9045,0.9124,0.8812,0.897,415995.0,372265.79,0.896742
1632204000000,0.8988,0.93,0.8976,0.9284,408816.0,374673.85,0.913853
1632211200000,0.93,0.9402,0.9193,0.9217,278357.0,258809.11,0.92991
1632218400000,0.9223,0.9447,0.9176,0.9338,300321.0,280131.61,0.931296
1632225600000,0.9339,0.9451,0.9157,0.9263,292074.0,271010.48,0.930405
1632232800000,0.9281,0.9289,0.9016,0.9238,322044.0,294526.12,0.915183
1632240000000,0.9236,0.9303,0.8815,0.8869,513999.0,462397.24,0.906007
1632247200000,0.8867,0.9029,0.8767,0.8887,368436.0,328282.83,0.889803
1632254400000,0.8872,0.8945,0.8242,0.8695,1028710.4,883673.72,0.859044
1632261600000,0.8698,0.8772,0.8284,0.8448,764027.0,648253.73,0.852484
1632268800000,0.845,0.874,0.8238,0.8664,770820.0,652239.17,0.848576
1632276000000,0.8657,0.8702,0.8553,0.8577,319674.0,275870.79,0.862832
1632283200000,0.8574,0.8677,0.8422,0.8634,545018.0,463295.79,0.854874
1632290400000,0.8647,0.8945,0.8522,0.8939,416602.0,365511.11,0.872545
1632297600000,0.8933,0.8968,0.8803,0.8895,342113.0,303802.08,0.888512
1632304800000,0.89,0.8943,0.8615,0.864,449792.0,394657.83,0.878068
1632312000000,0.865,0.8917,0.8625,0.8853,312103.0,274078.12,0.877368
1632319200000,0.8858,0.9172,0.8794,0.9164,389544.0,350654.2,0.897751
1632326400000,0.916,0.934,0.9105,0.9208,373471.0,344245.4,0.922291
1632333600000,0.9209,0.952,0.9172,0.9346,465062.0,435758.25,0.934876
1632340800000,0.9341,0.9615,0.9276,0.9464,607114.0,574781.81,0.944696
1632348000000,0.9477,0.9737,0.9429,0.9727,623986.0,597705.5,0.957925
1632355200000,0.9719,0.9727,0.9458,0.9648,290069.0,278390.06,0.959089
1632362400000,0.9653,0.9739,0.9578,0.9734,200205.0,193247.58,0.965614
1632369600000,0.9734,0.9751,0.9581,0.9668,209251.0,202332.51,0.966463
1632376800000,0.9679,0.9794,0.9566,0.9732,221025.0,213909.78,0.967965
1632384000000,0.9737,0.9764,0.9571,0.9634,290178.0,280520.9,0.966612
1632391200000,0.962,0.9711,0.9367,0.9442,382509.0,364629.76,0.953957
1632398400000,0.9452,0.9786,0.935,0.9773,420427.0,401786.91,0.956102
1632405600000,0.9776,0.98,0.954,0.9552,251126.0,243362.82,0.967137
1632412800000,0.9539,0.9877,0.949,0.983,184247.0,178610.97,0.968334
1632420000000,0.9871,0.9904,0.9778,0.984,195492.0,192347.51,0.984078
1632427200000,0.9851,0.9869,0.9693,0.9753,195501.0,190589.81,0.977924
1632434400000,0.9748,0.996,0.9704,0.9946,269034.0,264029.64,0.982936
1632441600000,0.9953,0.9976,0.9742,0.9768,214670.0,212027.26,0.985872
1632448800000,0.9769,0.9983,0.9673,0.9792,279487.0,274504.54,0.982807
1632456000000,0.9796,0.9829,0.9521,0.9625,316493.0,305248.9,0.967204
1632463200000,0.9612,0.9779,0.9524,0.9701,386055.0,372689.64,0.965134
1632470400000,0.968,0.9788,0.8815,0.8828,1114641.0,1023868.1,0.931276
1632477600000,0.8832,0.9,0.837,0.8777,2125847.0,1856443.68,0.868477
1632484800000,0.877,0.8898,0.8539,0.8887,751078.0,656121.08,0.87155
1632492000000,0.8886,0.9092,0.8856,0.8972,448228.0,402174.31,0.897555
1632499200000,0.8951,0.9023,0.8849,0.8943,251455.0,225139.09,0.893599
1632506400000,0.8954,0.913,0.895,0.9045,230313.0,208106.37,0.904276
1632513600000,0.9046,0.9314,0.9046,0.9171,433298.0,398837.23,0.918411
1632520800000,0.9185,0.9196,0.8991,0.9181,478536.0,435806.19,0.909349
1632528000000,0.918,0.923,0.8922,0.9126,379939.0,344769.96,0.90754
1632535200000,0.9113,0.9199,0.9025,0.9105,121126.0,110394.76,0.9112
1632542400000,0.9142,0.9224,0.8995,0.9003,110881.0,100810.84,0.911325
1632549600000,0.9005,0.9162,0.8908,0.8941,236309.0,213413.07,0.9036
1632556800000,0.8943,0.9125,0.8686,0.9083,536608.0,478968.97,0.89027
1632564000000,0.9091,0.9172,0.8903,0.8959,271523.0,245037.63,0.90383
1632571200000,0.8959,0.9097,0.8878,0.9048,319043.0,287512.75,0.898681
1632578400000,0.9024,0.9066,0.8805,0.8968,319755.0,285639.28,0.89348
1632585600000,0.8977,0.8994,0.8797,0.8911,320814.0,285144.44,0.88941
1632592800000,0.8893,0.8969,0.8795,0.8964,226891.0,201837.77,0.887998
1632600000000,0.8965,0.8991,0.8829,0.8936,191416.0,170655.51,0.890967
1632607200000,0.8941,0.9067,0.8907,0.9067,158578.0,142797.78,0.898388
1632614400000,0.9065,0.9065,0.8703,0.8755,402888.0,356326.47,0.887816
1632621600000,0.875,0.8788,0.8585,0.8722,448281.0,389059.18,0.868626
1632628800000,0.8722,0.8785,0.8598,0.8672,170642.0,148145.55,0.86914
1632636000000,0.8664,0.8708,0.8135,0.8245,883925.85,739098.42,0.841641
1632643200000,0.8249,0.8872,0.8157,0.8715,996440.0,836276.39,0.851836
1632650400000,0.8743,0.8828,0.8596,0.8764,656892.0,572207.25,0.871191
1632657600000,0.8769,0.8933,0.8768,0.8886,279446.0,248168.25,0.885381
1632664800000,0.889,0.9085,0.8833,0.9085,260742.0,234075.03,0.895398
1632672000000,0.9087,0.97,0.8914,0.8993,16912244.0,15614784.87,0.930796
1632679200000,0.8993,0.9132,0.8953,0.9034,859945.0,775766.99,0.904289
1632686400000,0.9052,0.912,0.897,0.9011,270537.0,244287.43,0.904526
1632693600000,0.9011,0.9072,0.8783,0.8948,337623.0,300866.85,0.892687
1632700800000,0.8933,0.9299,0.8773,0.9239,526200.0,476794.36,0.903138
1632708000000,0.9243,0.9257,0.9077,0.9123,222692.0,204646.24,0.9165
1632715200000,0.9134,0.9157,0.906,0.9103,261028.0,237733.38,0.910824
1632722400000,0.9109,0.9172,0.8995,0.9097,265225.0,240926.35,0.908348
1632729600000,0.9102,0.9263,0.9019,0.9062,206481.0,189128.47,0.91414
1632736800000,0.9057,0.9284,0.904,0.9258,224217.0,206730.34,0.916292
1632744000000,0.9248,0.9262,0.9007,0.9057,261192.0,237738.12,0.913156
1632751200000,0.9044,0.9191,0.884,0.8933,447130.0,400628.66,0.901619
1632758400000,0.893,0.8947,0.8755,0.8786,209665.0,185082.3,0.884985
1632765600000,0.8785,0.8834,0.8706,0.874,277833.0,243937.78,0.877024
1632772800000,0.8737,0.8766,0.8581,0.8762,367607.0,318200.61,0.867315
1632780000000,0.8757,0.884,0.8501,0.8509,509618.0,441685.52,0.867629
1632787200000,0.8511,0.857,0.8406,0.8554,656318.0,556933.07,0.848722
1632794400000,0.8554,0.8659,0.8532,0.8605,352150.0,302943.39,0.859617
1632801600000,0.861,0.8688,0.8479,0.85,357430.0,306703.93,0.858562
1632808800000,0.8505,0.8555,0.8295,0.8319,610330.0,512733.34,0.842691
1632816000000,0.833,0.8547,0.8293,0.8456,351605.0,295907.95,0.842177
1632823200000,0.8455,0.8543,0.8388,0.8504,175920.0,148987.88,0.846514
1632830400000,0.8522,0.8536,0.8351,0.8405,421512.0,356354.95,0.844128
1632837600000,0.84,0.8423,0.8199,0.82,275039.0,228156.76,0.831374
1632844800000,0.8193,0.832,0.8125,0.8161,347526.0,285192.53,0.822281
1632852000000,0.816,0.8357,0.8111,0.8301,146674.0,120891.35,0.823431
1632859200000,0.831,0.8415,0.8307,0.8415,86499.0,72372.73,0.836054
1632866400000,0.8417,0.8422,0.8131,0.8152,147968.0,122778.71,0.827441
1632873600000,0.8143,0.835,0.81,0.8253,319835.0,263620.02,0.822637
1632880800000,0.8263,0.8455,0.8247,0.8438,182470.0,152095.1,0.835111
1632888000000,0.8451,0.8489,0.8391,0.8432,181851.0,153325.01,0.843999
1632895200000,0.8445,0.8492,0.8404,0.8491,33190.0,28005.96,0.844653
1632902400000,0.8472,0.8498,0.8377,0.8427,37515.0,31569.05,0.843707
1632909600000,0.8434,0.8609,0.8432,0.8566,170944.0,146041.78,0.852381
1632916800000,0.8565,0.8641,0.8411,0.8552,130197.0,110893.23,0.852597
1632924000000,0.8551,0.8659,0.8457,0.847,381470.0,327256.72,0.855999
1632931200000,0.8493,0.8526,0.8318,0.8343,129020.0,108471.66,0.84226
1632938400000,0.8337,0.8415,0.8219,0.8244,100659.0,83730.95,0.831858
1632945600000,0.8236,0.8246,0.8113,0.8226,179950.0,147173.23,0.817943
1632952800000,0.8229,0.8337,0.8154,0.833,173545.0,143073.43,0.82427
1632960000000,0.8328,0.8603,0.8277,0.8582,193314.0,163961.02,0.843732
1632967200000,0.8574,0.8679,0.8548,0.8652,173359.0,149110.31,0.861355
1632974400000,0.8663,0.8732,0.863,0.864,342111.0,297110.22,0.868138
1632981600000,0.8659,0.873,0.8558,0.8577,237928.0,205770.61,0.864557
1632988800000,0.858,0.8626,0.8444,0.8524,375398.0,318846.77,0.853459
1632996000000,0.8522,0.8566,0.8453,0.8534,121198.0,103106.66,0.850945
1633003200000,0.8535,0.8774,0.8532,0.8654,530101.0,459657.22,0.865676
1633010400000,0.8646,0.8962,0.8604,0.8926,1046756.0,924125.68,0.878246
1633017600000,0.8912,0.8948,0.8755,0.8851,261611.0,231532.73,0.885073
1633024800000,0.8869,0.8892,0.8756,0.8757,413458.0,364522.6,0.882625
1633032000000,0.8757,0.8778,0.8615,0.8746,309807.0,269690.45,0.869644
1633039200000,0.8731,0.9158,0.8713,0.9158,420801.0,376020.24,0.893281
1633046400000,0.9158,0.9288,0.8923,0.9019,876070.0,791830.75,0.910614
1633053600000,0.9012,0.9022,0.8835,0.8922,278317.0,248007.7,0.892613
1633060800000,0.892,0.9003,0.8871,0.8958,216459.0,193266.07,0.893696
1633068000000,0.896,0.9263,0.891,0.9237,427947.0,388533.33,0.908432
1633075200000,0.9224,0.9314,0.9155,0.928,420455.0,388023.77,0.923394
1633082400000,0.928,0.9753,0.9234,0.969,1817076.0,1733732.97,0.949507
1633089600000,0.9694,0.9769,0.96,0.9628,492713.0,476743.0,0.968543
1633096800000,0.963,0.9766,0.958,0.9766,360441.0,348241.82,0.966914
1633104000000,0.9766,0.9828,0.9695,0.9769,217084.0,212224.68,0.97615
1633111200000,0.9769,0.9777,0.962,0.9693,405198.0,392403.87,0.969648
1633118400000,0.9695,0.98,0.9624,0.9757,199651.0,193672.55,0.971155
1633125600000,0.9765,0.9887,0.9603,0.98,462247.0,451810.18,0.974486
1633132800000,0.9814,0.9944,0.9626,0.9804,685535.0,673136.78,0.978499
1633140000000,0.979,0.9859,0.97,0.9747,269145.0,263087.23,0.97797
1633147200000,0.9737,0.9794,0.9663,0.9767,128711.0,125453.66,0.972819
1633154400000,0.9774,0.9883,0.9727,0.9804,353535.0,347180.58,0.980515
1633161600000,0.9805,0.9902,0.9685,0.9877,205693.0,201781.11,0.979216
1633168800000,0.987,0.9871,0.9691,0.9833,257624.0,252060.1,0.978025
1633176000000,0.984,1.0079,0.9794,0.9937,491332.0,487953.33,0.993793
1633183200000,0.9938,1.0043,0.9902,1.0007,437786.0,436548.66,0.99725
1633190400000,0.9988,1.0096,0.9941,1.0021,301109.0,302026.61,1.001866
1633197600000,1.0021,1.0133,0.9976,1.0116,185332.0,186574.77,1.005309
1633204800000,1.0125,1.0127,0.9944,1.0098,242021.0,243202.2,1.003508
1633212000000,1.0105,1.0135,0.9716,0.9734,374500.0,370442.38,0.992696
1633219200000,0.9737,0.986,0.9593,0.9766,375764.0,365025.85,0.972643
1633226400000,0.9759,0.9841,0.9702,0.9814,176894.0,172744.05,0.977089
1633233600000,0.9828,1.0079,0.9807,1.0069,432236.0,429634.53,0.994166
1633240800000,1.0067,1.019,1.0029,1.0094,434755.0,440118.25,1.010971
1633248000000,1.0098,1.0165,0.9859,1.0165,676572.0,678544.07,1.001055
1633255200000,1.0165,1.0525,1.0122,1.0382,1489500.0,1539073.76,1.032741
1633262400000,1.0381,1.0426,1.019,1.0228,542272.0,556912.84,1.030841
1633269600000,1.0228,1.026,1.0089,1.0114,450053.0,458613.81,1.017494
1633276800000,1.0127,1.0232,1.001,1.0189,385149.0,389102.71,1.012026
1633284000000,1.0189,1.0277,1.0111,1.0191,229764.0,234502.67,1.0194
1633291200000,1.0203,1.0233,0.9813,0.9891,406811.0,407090.72,1.001916
1633298400000,0.9884,1.007,0.9858,1.0041,237230.0,236715.04,0.996424
1633305600000,1.0048,1.0048,0.9733,0.9854,539416.0,532110.92,0.988416
1633312800000,0.9832,0.9844,0.9601,0.9609,335304.0,325425.07,0.972303
1633320000000,0.9619,0.9802,0.9538,0.9767,327927.0,317785.02,0.966804
1633327200000,0.9758,0.9833,0.9651,0.9833,270752.0,263584.61,0.973963
1633334400000,0.9825,0.9835,0.9665,0.9793,200533.0,195679.81,0.974947
1633341600000,0.9793,0.9797,0.9558,0.9648,263221.0,254597.54,0.967314
1633348800000,0.9645,0.9867,0.9589,0.986,223465.0,218386.52,0.972369
1633356000000,0.986,0.9951,0.934,0.9617,821206.0,785684.16,0.964167
1633363200000,0.9617,0.9848,0.9581,0.9792,382032.0,372227.61,0.97157
1633370400000,0.9831,0.9869,0.974,0.9841,317155.0,310867.8,0.980445
1633377600000,0.9845,0.9861,0.9603,0.9677,205738.0,199516.88,0.972856
1633384800000,0.9694,0.9771,0.9579,0.9719,161685.0,156489.1,0.967487
1633392000000,0.9727,0.9813,0.963,0.9692,341704.0,331980.9,0.972161
1633399200000,0.9698,0.972,0.9628,0.9693,95060.0,91919.92,0.967398
1633406400000,0.9674,0.9768,0.9586,0.9747,178273.0,172256.55,0.96756
1633413600000,0.9737,0.987,0.9621,0.973,1955311.0,1902649.07,0.97455
1633420800000,0.9713,0.9892,0.9675,0.9878,872217.0,851101.7,0.978147
1633428000000,0.9888,0.9979,0.9877,0.9885,469387.0,465696.15,0.992801
1633435200000,0.9877,1.0064,0.9845,0.9976,483587.0,482570.95,0.995601
1633442400000,0.9982,1.0001,0.9711,0.9831,375576.0,369416.19,0.985233
1633449600000,0.9843,0.9983,0.9715,0.9886,654429.0,644220.64,0.98489
1633456800000,0.9884,1.0114,0.9884,1.0056,327547.0,328152.24,1.000371
1633464000000,1.0056,1.0184,1.0037,1.0157,460590.0,466048.38,1.011104
1633471200000,1.0166,1.0308,1.0096,1.0263,348594.0,355089.19,1.020131
1633478400000,1.0267,1.0486,1.0097,1.0452,666112.0,683765.73,1.028742
1633485600000,1.0444,1.0498,1.024,1.0262,512986.0,531540.3,1.037127
1633492800000,1.0276,1.0287,1.0039,1.0103,526951.0,535810.93,1.015933
1633500000000,1.0086,1.0299,0.9935,0.9974,619768.0,627839.31,1.011911
1633507200000,0.9985,1.0027,0.9533,0.9631,844412.0,819446.82,0.977588
1633514400000,0.9622,0.9774,0.958,0.9691,255404.0,247702.75,0.967767
1633521600000,0.969,1.0329,0.9655,1.0192,866450.0,870288.47,1.000021
1633528800000,1.0194,1.044,1.0144,1.0398,651552.0,673201.31,1.029146
1633536000000,1.0393,1.0482,1.0307,1.0321,573088.0,595403.51,1.039616
1633543200000,1.0336,1.0623,1.0298,1.0603,1179663.0,1239181.43,1.045867
1633550400000,1.061,1.0647,1.0249,1.0393,706041.0,737624.76,1.04437
1633557600000,1.0388,1.0451,1.0215,1.0372,312559.0,322851.9,1.033295
1633564800000,1.0372,1.0405,0.9976,1.0076,427745.0,433660.79,1.018597
1633572000000,1.0058,1.0141,0.9939,0.9975,299842.0,300840.77,1.004104
1633579200000,0.9964,1.0238,0.9953,1.0226,333035.0,337947.05,1.009563
1633586400000,1.02,1.0361,1.0093,1.0341,250918.0,256383.37,1.022377
1633593600000,1.0342,1.0419,1.011,1.0224,324148.0,333773.08,1.02638
1633600800000,1.0224,1.0278,1.011,1.0258,318284.0,324323.89,1.019351
1633608000000,1.0263,1.0325,1.0124,1.0306,292324.0,298964.17,1.022381
1633615200000,1.031,1.0386,1.0003,1.011,436452.0,442351.12,1.019337
1633622400000,1.0131,1.0224,1.0024,1.0119,235034.0,238343.73,1.0124
1633629600000,1.013,1.0206,1.0071,1.0157,167665.0,169989.14,1.013845
1633636800000,1.0163,1.0255,1.0133,1.0224,106915.0,109070.88,1.019403
1633644000000,1.0214,1.0282,1.0049,1.0271,323050.0,327189.92,1.016433
1633651200000,1.0283,1.043,1.0143,1.0276,1317398.0,1354053.96,1.02865
1633658400000,1.027,1.03,1.0101,1.024,362516.0,368894.94,1.020019
1633665600000,1.0239,1.0419,1.0205,1.0413,610084.0,629444.04,1.030923
1633672800000,1.0412,1.0569,1.038,1.0518,813626.0,853645.47,1.047531
1633680000000,1.0521,1.0704,1.0432,1.0648,623195.0,659395.25,1.056705
1633687200000,1.0648,1.0753,1.0556,1.0581,412016.0,440090.02,1.065569
1633694400000,1.06,1.0919,1.0557,1.0782,1225474.0,1318616.03,1.074117
1633701600000,1.0779,1.1019,1.0756,1.0792,697798.0,760723.55,1.088756
1633708800000,1.0793,1.0979,1.0736,1.0813,589688.0,639789.53,1.085759
1633716000000,1.0808,1.0993,1.0791,1.0989,493532.0,537738.18,1.089037
1633723200000,1.0989,1.11,1.0698,1.1011,1157037.0,1263897.74,1.089892
1633730400000,1.1003,1.101,1.0711,1.0832,664387.0,721421.1,1.085542
1633737600000,1.084,1.0904,1.0497,1.0672,858524.0,917236.29,1.069803
1633744800000,1.0662,1.1008,1.06,1.0895,1201036.0,1306425.88,1.080626
1633752000000,1.0892,1.092,1.0761,1.0789,266820.0,289074.32,1.08405
1633759200000,1.0812,1.0923,1.0812,1.0877,287436.0,312553.91,1.086966
1633766400000,1.0887,1.0887,1.0719,1.0844,409309.0,442084.17,1.080196
1633773600000,1.0839,1.0945,1.0661,1.0696,790072.0,856133.61,1.08054
1633780800000,1.0689,1.0979,1.0683,1.093,598799.0,648732.88,1.083527
1633788000000,1.0943,1.0952,1.08,1.0873,264607.0,287902.02,1.087421
1633795200000,1.0869,1.1086,1.0785,1.096,564947.0,619031.51,1.093599
1633802400000,1.0966,1.1012,1.0805,1.0826,193115.0,210466.69,1.091011
1633809600000,1.0814,1.084,1.0721,1.083,293083.0,315742.31,1.078031
1633816800000,1.0829,1.1194,1.0795,1.1174,702106.0,775232.7,1.099289
1633824000000,1.1171,1.1288,1.0727,1.082,921187.0,1012414.48,1.10088
1633831200000,1.0814,1.0897,1.0728,1.0869,268015.0,289501.45,1.081171
1633838400000,1.0874,1.1036,1.0831,1.102,218560.0,238963.88,1.093154
1633845600000,1.103,1.1199,1.1015,1.1181,416201.0,462751.28,1.11073
1633852800000,1.1178,1.1243,1.09,1.0937,868980.0,958920.82,1.107347
1633860000000,1.0932,1.0995,1.0801,1.0939,553197.0,603807.86,1.089799
1633867200000,1.0945,1.0945,1.0772,1.0838,401629.0,436207.48,1.085501
1633874400000,1.0842,1.0949,1.0792,1.0917,261728.0,284528.22,1.086996
1633881600000,1.0921,1.0921,1.0699,1.0833,429759.0,464105.6,1.080726
1633888800000,1.083,1.0845,1.0683,1.0684,507912.0,546361.47,1.076578
1633896000000,1.0684,1.0828,1.0416,1.0471,719820.0,760893.36,1.062519
1633903200000,1.0465,1.0559,1.0323,1.0449,375061.0,391587.75,1.044098
1633910400000,1.0451,1.0504,1.0272,1.0449,392531.0,408088.9,1.0388
1633917600000,1.0468,1.0585,1.0454,1.0571,180706.0,189881.25,1.05195
1633924800000,1.0559,1.0643,1.0536,1.0551,206205.0,218660.91,1.058955
1633932000000,1.0559,1.0713,1.0525,1.0692,276540.0,293111.82,1.061807
1633939200000,1.0692,1.0768,1.0572,1.0604,248412.0,265334.39,1.067117
1633946400000,1.0604,1.0648,1.0347,1.0422,360262.0,376697.66,1.049594
1633953600000,1.0435,1.0516,1.04,1.0501,148942.0,155967.42,1.045712
1633960800000,1.0515,1.0515,1.0389,1.0415,134017.0,139957.82,1.044957
1633968000000,1.0426,1.0452,1.0277,1.0285,211778.0,219271.36,1.036624
1633975200000,1.0295,1.0307,1.0019,1.0048,503362.0,512980.16,1.016108
1633982400000,1.0046,1.0071,0.99,1.0034,382924.0,382464.88,0.998543
1633989600000,1.0009,1.0179,1.0009,1.0179,266176.0,268578.53,1.0094
1633996800000,1.0167,1.0169,0.9851,0.9955,300061.0,299158.63,1.000362
1634004000000,0.9962,0.9966,0.9629,0.9706,437689.0,427661.17,0.979135
1634011200000,0.9712,0.9862,0.9656,0.9848,278592.0,271924.81,0.975643
1634018400000,0.986,0.9862,0.9661,0.9816,578113.0,565633.22,0.976057
1634025600000,0.98,0.9885,0.9469,0.9512,453453.0,439068.39,0.967986
1634032800000,0.9509,0.9583,0.941,0.9562,252335.0,239406.36,0.949556
1634040000000,0.9568,0.9865,0.9372,0.984,454940.0,440025.76,0.961146
1634047200000,0.9822,1.0083,0.9791,1.0069,313818.0,312792.91,0.993515
1634054400000,1.0065,1.0127,0.9878,0.9901,166924.0,167472.1,1.000487
1634061600000,0.9905,1.0049,0.9841,0.9848,427458.0,424241.46,0.994631
1634068800000,0.9849,1.0108,0.9722,0.9988,619956.0,615550.75,0.991488
1634076000000,0.999,1.0033,0.9933,0.9994,118243.0,117937.17,0.9983
1634083200000,0.9998,1.0234,0.9891,1.0119,790556.0,799851.58,1.006263
1634090400000,1.0126,1.0239,1.0102,1.0212,169401.0,172217.79,1.017066
1634097600000,1.0215,1.0216,0.9858,0.9859,228341.0,229574.6,1.0037
1634104800000,0.9857,0.9928,0.9732,0.9763,343785.0,338553.49,0.983122
1634112000000,0.9732,0.9928,0.9726,0.9914,244332.0,240195.19,0.982802
1634119200000,0.9911,1.0012,0.9828,1.0008,343674.0,341216.09,0.991705
1634126400000,0.9998,1.0036,0.9813,0.9833,487071.0,484654.16,0.992593
1634133600000,0.982,1.001,0.9744,0.999,268387.0,266383.7,0.987382
1634140800000,0.999,1.0103,0.9962,1.0044,383347.0,385169.3,1.003309
1634148000000,1.0073,1.0159,1.0013,1.0085,158919.0,160109.07,1.008601
1634155200000,1.0097,1.0181,1.0075,1.0142,215344.0,217962.52,1.01284
1634162400000,1.0145,1.0295,1.0132,1.0284,184903.0,188581.12,1.021328
1634169600000,1.0295,1.0302,1.0179,1.0273,158997.0,162805.57,1.024015
1634176800000,1.0285,1.0313,1.0219,1.03,137471.0,141196.36,1.026583
1634184000000,1.03,1.0328,1.0272,1.0317,176442.0,181788.36,1.02998
1634191200000,1.0303,1.0342,1.0234,1.0259,243771.0,250668.34,1.02883
1634198400000,1.0243,1.0334,1.0207,1.0321,186037.0,191290.33,1.02693
1634205600000,1.0308,1.0419,1.0264,1.0381,212084.0,219549.69,1.034132
1634212800000,1.0387,1.0461,1.0318,1.035,583715.0,607253.46,1.038986
1634220000000,1.0352,1.042,1.0192,1.0312,540983.0,559345.9,1.03058
1634227200000,1.0317,1.0343,1.0165,1.0286,133668.0,137114.36,1.025364
1634234400000,1.0283,1.0311,1.013,1.0212,228823.0,234075.41,1.021942
1634241600000,1.0218,1.0236,1.0089,1.0229,163741.0,166239.27,1.016241
1634248800000,1.0224,1.0352,1.017,1.0352,121707.0,124755.65,1.025719
1634256000000,1.0352,1.0359,0.9935,1.0029,298547.0,301337.04,1.013962
1634263200000,1.0028,1.0186,0.9972,1.0122,241361.0,244120.17,1.00792
1634270400000,1.0122,1.0259,1.0069,1.0259,572240.0,581975.57,1.016004
1634277600000,1.0259,1.0281,1.0039,1.0043,276189.0,280210.76,1.016224
1634284800000,1.0043,1.0069,0.9761,0.9871,551288.0,546952.11,0.991145
1634292000000,0.9869,1.0001,0.9804,0.9978,125380.0,124238.05,0.990076
1634299200000,0.9975,1.0131,0.9921,0.996,641111.0,642453.64,1.002607
1634306400000,0.9962,1.0184,0.9928,1.008,529109.0,532499.24,1.005796
1634313600000,1.0069,1.0226,0.9971,1.012,323964.0,327498.69,1.009854
1634320800000,1.0121,1.0199,1.0109,1.0152,112320.0,114002.97,1.015453
1634328000000,1.0148,1.0277,1.0096,1.0121,316277.0,322421.62,1.018679
1634335200000,1.012,1.0251,1.0103,1.0251,115730.0,117534.96,1.017493
1634342400000,1.0251,1.0258,1.0015,1.005,463892.0,469749.73,1.013361
1634349600000,1.0072,1.0094,0.999,1.0013,156782.0,157357.55,1.004196
1634356800000,1.001,1.014,0.9977,1.013,139013.0,139871.97,1.00567
1634364000000,1.013,1.0158,1.0078,1.0101,164249.0,166162.69,1.011808
1634371200000,1.0112,1.023,1.0079,1.0226,223433.0,227341.14,1.015209
1634378400000,1.023,1.0308,1.02,1.03,226102.0,231833.89,1.025271
1634385600000,1.0301,1.0345,1.0002,1.0178,519121.0,528333.21,1.017131
1634392800000,1.0178,1.0185,1.0012,1.0097,222075.0,224052.16,1.009624
1634400000000,1.0089,1.019,1.0006,1.0114,258362.0,261408.18,1.009798
1634407200000,1.0102,1.0134,1.0017,1.0018,71116.0,71694.26,1.007779
1634414400000,1.0011,1.0042,0.9929,0.9964,196715.0,196564.8,0.998541
1634421600000,0.9954,1.0089,0.9923,1.0054,200133.0,200413.49,1.00062
1634428800000,1.0034,1.0106,0.9851,1.0057,193008.0,192825.79,0.997836
1634436000000,1.0062,1.015,1.0032,1.011,242656.0,245127.79,1.009122
1634443200000,1.0107,1.0245,1.0084,1.0088,277296.0,282520.63,1.016473
1634450400000,1.0084,1.0219,1.0067,1.0095,175792.0,178137.3,1.014307
1634457600000,1.0094,1.0219,1.0091,1.0149,134113.0,136389.53,1.015662
1634464800000,1.0147,1.0195,1.0069,1.0069,90943.0,92261.38,1.013454
1634472000000,1.0069,1.009,1.0003,1.0058,114868.0,115406.41,1.004643
1634479200000,1.0058,1.0065,0.9843,0.9893,184974.0,184062.02,0.995056
1634486400000,0.988,0.9944,0.9876,0.9931,98358.0,97561.05,0.991074
1634493600000,0.9926,0.9974,0.9824,0.986,83634.0,82649.12,0.989931
1634500800000,0.9862,0.9862,0.9541,0.9769,502089.0,484999.53,0.969906
1634508000000,0.977,0.9931,0.9768,0.9908,530023.0,523373.67,0.985179
1634515200000,0.9903,0.9935,0.9845,0.9882,102762.0,101646.78,0.988997
1634522400000,0.989,0.9907,0.9766,0.9799,85683.0,84216.06,0.983557
1634529600000,0.9795,0.9843,0.976,0.9841,52087.0,51051.59,0.980013
1634536800000,0.9837,0.9981,0.9793,0.9821,222544.0,220282.74,0.988711
1634544000000,0.9817,0.9919,0.968,0.9741,161999.0,159138.79,0.980003
1634551200000,0.9716,0.9815,0.9541,0.9623,907260.0,877466.36,0.967825
1634558400000,0.9621,0.9722,0.9501,0.9714,322062.0,309452.33,0.960891
1634565600000,0.9724,0.9743,0.9619,0.9704,139479.0,134903.13,0.968078
1634572800000,0.9696,0.9753,0.9546,0.9549,229978.0,221380.75,0.96534
1634580000000,0.9551,0.9748,0.9532,0.9718,267780.0,257255.55,0.964097
1634587200000,0.972,0.977,0.9671,0.9718,159945.0,155526.07,0.97205
1634594400000,0.972,0.9744,0.967,0.9697,70334.0,68214.33,0.970696
1634601600000,0.9692,0.977,0.9617,0.976,98294.0,95068.65,0.969181
1634608800000,0.9768,0.9873,0.9713,0.9859,143543.0,140611.82,0.97912
1634616000000,0.986,0.9871,0.9693,0.9714,173036.0,168759.18,0.978099
1634623200000,0.9704,0.9718,0.96,0.9675,108334.0,104644.1,0.965853
1634630400000,0.9675,0.9717,0.9603,0.9659,141868.0,136944.38,0.965997
1634637600000,0.9654,0.9731,0.9633,0.9701,88555.0,85633.76,0.968227
1634644800000,0.9688,0.9717,0.9592,0.9603,398414.0,384936.97,0.965568
1634652000000,0.9606,0.9622,0.9436,0.9544,295077.0,281376.98,0.952769
1634659200000,0.9558,0.9641,0.9535,0.9607,101869.0,97675.8,0.958831
1634666400000,0.9612,0.9638,0.9502,0.9525,382272.0,365396.68,0.957017
1634673600000,0.9512,0.955,0.9423,0.951,409204.0,387821.42,0.94865
1634680800000,0.9513,0.972,0.9496,0.9665,313471.0,301590.65,0.961047
1634688000000,0.9659,0.9712,0.957,0.9631,93159.0,89808.53,0.964096
1634695200000,0.9651,0.9668,0.9569,0.9569,97645.0,94045.38,0.962026
1634702400000,0.957,0.9601,0.9553,0.9583,63753.0,61073.93,0.957701
1634709600000,0.9597,0.9685,0.9578,0.964,80681.0,77698.41,0.963205
1634716800000,0.9643,0.9716,0.9637,0.971,97615.0,94385.83,0.96765
1634724000000,0.9703,0.9724,0.9616,0.9625,137304.0,132437.66,0.96709
1634731200000,0.9625,0.98,0.9625,0.9767,308265.0,299408.7,0.971575
1634738400000,0.9759,0.9899,0.9738,0.9896,392966.0,385998.88,0.981651
1634745600000,0.9896,1.004,0.9866,1.0006,466823.0,465695.34,0.995322
1634752800000,1.0004,1.0055,1.0001,1.003,208908.0,209586.6,1.002868
1634760000000,1.0026,1.0049,0.9929,0.999,208367.0,208222.88,0.998856
1634767200000,0.9978,1.0057,0.9944,1.0039,218813.0,218858.36,0.999987
1634774400000,1.0045,1.0169,0.9966,1.0042,652437.0,656870.95,1.00675
1634781600000,1.0061,1.011,0.9941,1.0062,343017.0,343985.92,1.00255
1634788800000,1.0059,1.0134,0.9981,1.0123,148541.0,149743.44,1.005597
1634796000000,1.0127,1.0229,0.9977,1.0188,579114.0,585211.84,1.010219
1634803200000,1.0195,1.0366,1.0174,1.0326,477826.0,492028.5,1.027125
1634810400000,1.0326,1.0456,1.005,1.0107,762629.0,783972.35,1.025586
1634817600000,1.0118,1.0909,1.0009,1.086,2729214.0,2885480.52,1.045286
1634824800000,1.0873,1.0886,1.0048,1.0196,2727664.0,2864327.15,1.045384
1634832000000,1.0196,1.0221,0.9962,0.9984,646392.0,652930.28,1.00918
1634839200000,0.9993,1.018,0.9983,1.004,382221.0,385089.5,1.008244
1634846400000,1.0036,1.0144,0.9973,1.0092,291440.0,293628.9,1.005835
1634853600000,1.0095,1.0173,1.003,1.0055,265682.0,268810.58,1.010203
1634860800000,1.0061,1.022,0.9981,1.0113,344349.0,348090.93,1.010066
1634868000000,1.0113,1.0296,1.0038,1.0279,352751.0,358990.96,1.016365
1634875200000,1.0283,1.0326,1.0129,1.0191,434480.0,443501.68,1.022695
1634882400000,1.0193,1.025,1.0105,1.0212,251179.0,255755.96,1.017739
1634889600000,1.0213,1.024,1.0128,1.0167,233191.0,237834.9,1.018374
1634896800000,1.0163,1.0247,1.0101,1.0226,210831.0,214798.69,1.0173
1634904000000,1.0235,1.0272,1.0056,1.0097,287029.0,292461.17,1.016377
1634911200000,1.01,1.0104,0.9916,0.9976,612956.0,612747.13,1.000658
1634918400000,0.9965,1.003,0.985,0.9917,191876.0,190933.3,0.993998
1634925600000,0.9907,1.0019,0.9893,1.0012,135505.0,134879.78,0.995526
1634932800000,1.0005,1.0044,0.9877,0.9881,137476.0,137066.69,0.99633
1634940000000,0.9874,1.0034,0.9866,1.0033,101539.0,100844.09,0.994899
1634947200000,1.003,1.006,0.9938,1.0031,89863.0,89885.78,0.9999
1634954400000,1.0027,1.0117,1.0026,1.0104,108670.0,109259.88,1.007281
1634961600000,1.0112,1.013,1.0,1.0012,82520.0,83064.9,1.006552
1634968800000,1.002,1.0137,0.9957,1.0097,131959.0,132719.52,1.004645
1634976000000,1.0101,1.0143,0.9944,0.9989,114649.0,115361.19,1.004337
1634983200000,0.9988,1.0102,0.9857,1.009,232019.0,231545.43,0.99768
1634990400000,1.0093,1.0232,1.0069,1.0136,233091.0,236958.38,1.015114
1634997600000,1.0145,1.021,1.0076,1.0189,178338.0,181065.66,1.014234
1635004800000,1.0189,1.0224,1.005,1.0068,123998.0,125690.43,1.013817
1635012000000,1.007,1.0103,0.9976,0.9982,89367.0,89568.64,1.004134
1635019200000,0.9982,1.0115,0.9973,1.0047,186015.0,187074.85,1.004563
1635026400000,1.0039,1.0144,1.0018,1.0144,127776.0,128693.3,1.007879
1635033600000,1.0146,1.0181,1.0061,1.0143,305403.0,309205.33,1.0121
1635040800000,1.0132,1.0208,1.0114,1.0194,181261.0,184320.93,1.016076
1635048000000,1.0199,1.0215,1.01,1.0116,89802.0,91044.62,1.01575
1635055200000,1.0115,1.0133,1.0038,1.0068,85974.0,86676.13,1.008511
1635062400000,1.006,1.0122,0.9988,1.0063,208253.0,209523.98,1.0055
1635069600000,1.0057,1.0096,0.9917,0.995,303585.0,304145.9,1.000679
1635076800000,0.994,0.9985,0.985,0.9939,213327.0,211630.02,0.99175
1635084000000,0.9939,0.9957,0.9811,0.9811,209729.0,207262.54,0.988614
1635091200000,0.9814,0.9918,0.9734,0.9883,226824.0,223083.14,0.982518
1635098400000,0.988,0.988,0.9722,0.9813,135895.0,132750.3,0.979886
1635105600000,0.9808,0.992,0.9797,0.9913,146919.0,145180.68,0.985805
1635112800000,0.9918,0.9969,0.988,0.9958,77002.0,76479.25,0.992378
1635120000000,0.9947,1.0054,0.9897,1.0007,192454.0,192417.47,0.997544
1635127200000,1.0015,1.0084,0.9981,1.0051,161675.0,162119.51,1.003248
1635134400000,1.0063,1.0115,1.0018,1.0081,132115.0,133027.04,1.006645
1635141600000,1.0082,1.0201,1.0066,1.0135,788795.0,800646.2,1.01345
1635148800000,1.0124,1.0168,1.0007,1.0034,259337.0,261500.61,1.008822
1635156000000,1.0034,1.0046,0.9964,0.9981,217036.0,216946.87,1.000471
1635163200000,0.9981,1.0088,0.9968,1.0066,299371.0,300118.24,1.002865
1635170400000,1.0067,1.0167,1.0052,1.0151,184100.0,185972.48,1.010958
1635177600000,1.0142,1.0174,1.001,1.004,234797.0,236938.0,1.009211
1635184800000,1.0042,1.0073,0.9987,1.0044,102806.0,103097.89,1.003
1635192000000,1.0045,1.0132,0.9993,1.0061,409762.0,412452.23,1.006253
1635199200000,1.0061,1.0111,1.0038,1.0111,149463.0,150415.17,1.007297
1635206400000,1.0114,1.0136,1.0066,1.0089,170358.0,172060.09,1.010098
1635213600000,1.009,1.0352,1.0061,1.0331,1081538.0,1104103.5,1.020567
1635220800000,1.0339,1.051,1.0193,1.0496,871110.0,901936.19,1.034719
1635228000000,1.0496,1.0815,1.0481,1.0557,2498916.0,2661112.34,1.064902
1635235200000,1.0554,1.0707,1.0554,1.0653,643097.0,684548.99,1.063366
1635242400000,1.0666,1.0787,1.0615,1.0625,581574.0,623626.92,1.07018
1635249600000,1.0631,1.0827,1.0551,1.0729,911807.0,974657.08,1.068929
1635256800000,1.0735,1.1,1.0688,1.0866,2431381.0,2641148.06,1.084601
1635264000000,1.0859,1.092,1.0742,1.0904,638301.0,691151.98,1.083018
1635271200000,1.0908,1.0942,1.0815,1.0832,285503.0,310452.45,1.087934
1635278400000,1.0838,1.0935,1.0629,1.0657,633022.0,685126.68,1.078531
1635285600000,1.0669,1.0716,1.0465,1.0671,499837.0,529583.96,1.05905
1635292800000,1.0679,1.0686,1.0525,1.0593,637557.0,675356.35,1.060316
1635300000000,1.0602,1.0648,1.0487,1.0575,401534.0,423948.66,1.056735
1635307200000,1.0581,1.0772,1.0552,1.0574,330705.0,352612.88,1.066202
1635314400000,1.0574,1.0649,1.0174,1.0174,864472.0,900957.53,1.041958
1635321600000,1.0174,1.0178,0.9042,0.9579,3062646.0,2949438.34,0.959038
1635328800000,0.9578,0.9685,0.9407,0.9533,545003.0,520804.96,0.954594
1635336000000,0.9535,0.9701,0.9463,0.9543,779593.0,749411.9,0.958201
1635343200000,0.954,0.9729,0.9484,0.9618,345998.0,332584.75,0.960721
1635350400000,0.961,0.9738,0.9487,0.9628,957666.0,920931.83,0.961249
1635357600000,0.9629,0.9709,0.9384,0.9605,418056.0,399666.71,0.95464
1635364800000,0.9601,0.9699,0.9552,0.9627,232406.0,224197.16,0.962559
1635372000000,0.9623,0.9652,0.9285,0.9313,284803.0,268356.48,0.946861
1635379200000,0.9313,0.9463,0.919,0.9461,514835.0,480986.94,0.93217
1635386400000,0.946,0.9523,0.9371,0.9431,205410.0,193754.21,0.944701
1635393600000,0.9433,0.9565,0.9371,0.9553,382201.0,361938.41,0.946536
1635400800000,0.9566,0.9579,0.9351,0.9476,407536.0,385511.73,0.946273
1635408000000,0.947,0.9887,0.947,0.981,558767.0,544488.75,0.968617
1635415200000,0.9813,0.9839,0.9632,0.9676,246614.0,240080.69,0.973439
1635422400000,0.9678,0.9853,0.9647,0.9816,208797.0,203463.45,0.975038
1635429600000,0.9817,0.9883,0.9769,0.9769,334670.0,329194.05,0.982753
1635436800000,0.9778,0.9807,0.9557,0.9784,1184757.0,1147272.68,0.968199
1635444000000,0.9784,0.9827,0.9455,0.976,540697.0,521530.81,0.964086
1635451200000,0.9758,0.9838,0.9578,0.964,393301.0,382393.69,0.970849
1635458400000,0.9644,0.9774,0.9624,0.9772,229532.0,222737.63,0.9697
1635465600000,0.9749,0.9936,0.9663,0.9895,365935.0,360504.7,0.979777
1635472800000,0.9871,0.9981,0.9868,0.9981,205167.0,203299.16,0.992403
1635480000000,0.9974,1.0078,0.9836,0.991,498936.0,498629.06,0.995727
1635487200000,0.9914,0.9979,0.9808,0.9842,226173.0,223608.29,0.989422
1635494400000,0.9829,0.9956,0.9805,0.9891,161482.0,159746.1,0.98814
1635501600000,0.9898,1.0135,0.9861,1.0101,466994.0,468701.95,0.999776
1635508800000,1.01,1.0415,1.0005,1.0353,1820043.0,1861185.3,1.020826
1635516000000,1.0353,1.0393,1.0207,1.0347,567056.0,583768.52,1.029999
1635523200000,1.0356,1.0669,1.0354,1.0449,1447391.0,1525923.1,1.051393
1635530400000,1.0457,1.0508,1.0363,1.0482,222919.0,232384.1,1.043525
1635537600000,1.0498,1.065,1.0441,1.0609,304184.0,320651.98,1.054489
1635544800000,1.061,1.0642,1.0391,1.0523,426030.0,446865.91,1.051495
1635552000000,1.0519,1.0548,1.031,1.0374,483997.0,502375.49,1.042721
1635559200000,1.0371,1.0418,1.0283,1.0309,233772.0,242066.1,1.035108
1635566400000,1.0305,1.0435,1.0292,1.0375,197025.0,204318.1,1.0365
1635573600000,1.0357,1.0464,1.0339,1.0399,127986.0,133238.57,1.040218
1635580800000,1.0395,1.0427,1.0251,1.0291,280596.0,289515.83,1.033862
1635588000000,1.0296,1.0388,1.0254,1.036,174442.0,180370.47,1.032058
1635595200000,1.0359,1.0435,1.0248,1.0431,482505.0,498594.91,1.033944
1635602400000,1.0415,1.3676,1.02,1.1647,25399379.79,30812200.43,1.196741
1635609600000,1.1654,1.2,1.1283,1.1447,6339762.0,7362892.75,1.164344
1635616800000,1.1451,1.2074,1.1354,1.1385,3973948.0,4654151.28,1.171462
1635624000000,1.138,1.1628,1.1119,1.1329,2707078.0,3082667.36,1.137355
1635631200000,1.1334,1.154,1.0817,1.152,1893907.0,2112065.08,1.117432
1635638400000,1.1505,1.3548,1.1352,1.2794,10089580.0,12668302.91,1.247832
1635645600000,1.2792,1.376,1.2124,1.243,4993229.82,6392535.37,1.29461
1635652800000,1.2435,1.2457,1.1931,1.2119,1256921.0,1532849.77,1.218577
1635660000000,1.211,1.2315,1.1983,1.2087,979222.0,1188337.4,1.214906
1635667200000,1.2096,1.5333,1.2042,1.4639,16036353.31,22234845.28,1.374365
1635674400000,1.4575,1.4647,1.299,1.3376,13460487.0,18229486.55,1.379485
1635681600000,1.3372,1.69,1.3306,1.3739,32697129.27,48338871.83,1.510704
1635688800000,1.3735,1.6633,1.3285,1.337,31726167.0,47660012.18,1.496319
1635696000000,1.3357,1.4,1.2504,1.2531,8454943.0,11219464.41,1.327741
1635703200000,1.2538,1.2561,1.1722,1.1936,4822199.0,5892764.29,1.212739
1635710400000,1.1936,1.2229,1.1666,1.1728,3515234.0,4187322.78,1.195158
1635717600000,1.172,1.2013,1.1568,1.1875,3296064.0,3880468.01,1.179028
1635724800000,1.1882,1.1958,1.1387,1.1453,4589850.0,5361290.11,1.167332
1635732000000,1.146,1.171,1.1059,1.1094,2228393.0,2517398.93,1.139372
1635739200000,1.1081,1.1713,1.1034,1.1414,2068415.0,2367045.58,1.138156
1635746400000,1.1415,1.182,1.1281,1.1772,1974562.0,2292177.09,1.15452
1635753600000,1.1773,1.1832,1.149,1.1803,1230536.0,1435907.9,1.166076
1635760800000,1.1804,1.2,1.1617,1.1839,3210470.0,3796754.67,1.180847
1635768000000,1.1839,1.2759,1.1826,1.2289,7199718.0,8852793.68,1.230661
1635775200000,1.2286,1.2981,1.2126,1.2514,5290775.0,6627935.56,1.255628
1635782400000,1.2506,1.2844,1.2041,1.2214,2431611.0,3005666.38,1.244532
1635789600000,1.2207,1.2445,1.2063,1.2301,1278576.0,1570784.05,1.2254
1635796800000,1.2298,1.2298,1.1871,1.1999,907977.0,1092682.05,1.207556
1635804000000,1.2004,1.2477,1.1961,1.241,1365299.0,1670778.98,1.22212
1635811200000,1.2395,1.3272,1.2295,1.3025,5451426.0,7001333.05,1.279203
1635818400000,1.3025,1.3374,1.2767,1.3084,3251975.0,4249083.71,1.307054
1635825600000,1.3077,1.4,1.3074,1.3388,3571172.0,4836513.7,1.354584
1635832800000,1.3392,1.3637,1.3124,1.3367,2053387.0,2743891.17,1.33805
1635840000000,1.3395,1.351,1.2934,1.2993,1952123.0,2580506.19,1.322588
1635847200000,1.2981,1.32,1.2749,1.2771,1381357.0,1791266.97,1.298014
1635854400000,1.277,1.2844,1.2678,1.2811,917625.0,1171094.25,1.276054
1635861600000,1.2816,1.46,1.2783,1.304,20917865.0,28332974.49,1.369441
1635868800000,1.3022,1.3314,1.2832,1.3104,1008681.0,1313926.14,1.307307
1635876000000,1.3095,1.3481,1.3086,1.3396,1427956.0,1901672.06,1.328995
1635883200000,1.3399,1.3451,1.2946,1.3019,665711.0,876152.33,1.319677
1635890400000,1.3012,1.3446,1.2959,1.3122,915601.0,1205780.98,1.320425
1635897600000,1.3144,1.3165,1.2559,1.2617,1578368.0,2013305.14,1.285769
1635904800000,1.2611,1.2646,1.2454,1.2601,1006385.0,1262541.84,1.254996
1635912000000,1.2604,1.261,1.2262,1.2531,1064722.0,1323794.66,1.243454
1635919200000,1.2531,1.2703,1.247,1.2644,635323.0,799395.55,1.258644
1635926400000,1.2652,1.2702,1.2474,1.2518,540394.0,679878.73,1.258828
1635933600000,1.2525,1.2628,1.2401,1.2501,525665.0,657068.02,1.25145
1635940800000,1.2501,1.2521,1.1836,1.1998,1683466.0,2040684.07,1.216744
1635948000000,1.1983,1.2214,1.1883,1.2204,1106613.0,1339871.73,1.204286
1635955200000,1.2207,1.2291,1.2086,1.2279,587466.0,716221.54,1.218677
1635962400000,1.2268,1.2522,1.2086,1.2479,1270317.0,1570785.13,1.229968
1635969600000,1.247,1.2609,1.2444,1.2504,453728.0,567480.41,1.252692
1635976800000,1.2505,1.2537,1.2296,1.2375,414688.0,514169.78,1.241466
1635984000000,1.2364,1.27,1.2012,1.203,1446911.0,1777440.27,1.236595
1635991200000,1.2032,1.2049,1.1887,1.1953,612166.0,731651.97,1.196645
1635998400000,1.1951,1.2079,1.1951,1.1985,481256.0,578583.06,1.201584
1636005600000,1.1973,1.2169,1.1928,1.1949,432952.0,522206.69,1.204872
1636012800000,1.1936,1.2062,1.1742,1.1919,930033.0,1105674.54,1.190198
1636020000000,1.1919,1.205,1.1819,1.19,541205.0,646910.72,1.193454
1636027200000,1.1908,1.2067,1.186,1.1988,557828.0,667056.19,1.19641
1636034400000,1.1986,1.2078,1.1516,1.1665,1007085.0,1181575.38,1.179447
1636041600000,1.1666,1.1762,1.1505,1.1528,1109807.0,1290962.84,1.163634
1636048800000,1.1531,1.1858,1.1501,1.1744,402250.0,470061.35,1.16836
1636056000000,1.173,1.1908,1.169,1.19,277701.0,327839.6,1.179613
1636063200000,1.1892,1.1962,1.1795,1.1942,203023.0,241430.66,1.187762
1636070400000,1.1942,1.2365,1.1836,1.2147,1235840.0,1497211.95,1.210268
1636077600000,1.2136,1.2164,1.1911,1.1911,397920.0,478014.61,1.204095
1636084800000,1.191,1.1963,1.1877,1.1942,191315.0,227953.8,1.191978
1636092000000,1.1944,1.2176,1.1935,1.2094,1036395.0,1249243.37,1.205941
1636099200000,1.2076,1.2282,1.2037,1.2215,1266962.0,1538095.72,1.216073
1636106400000,1.2214,1.2249,1.181,1.1849,528621.0,636051.25,1.202908
1636113600000,1.1838,1.2128,1.1806,1.2082,500747.0,599093.17,1.196817
1636120800000,1.2075,1.2112,1.1669,1.1772,505950.0,599582.16,1.188613
1636128000000,1.1764,1.1973,1.1738,1.1973,196538.0,232755.81,1.18523
1636135200000,1.1958,1.1971,1.1737,1.1825,138523.0,164469.63,1.185071
1636142400000,1.1825,1.1825,1.1607,1.1742,244136.0,285501.98,1.171346
1636149600000,1.1724,1.1925,1.1724,1.1914,256726.0,303414.89,1.182608
1636156800000,1.1915,1.2168,1.1782,1.2168,469059.0,561351.24,1.1967
1636164000000,1.2168,1.2227,1.2011,1.2167,460043.0,557737.27,1.2119
1636171200000,1.2155,1.2253,1.2038,1.2243,297928.0,362192.76,1.214316
1636178400000,1.2254,1.2396,1.1883,1.1958,806014.0,979235.97,1.214254
1636185600000,1.1974,1.2135,1.192,1.2044,296079.0,356506.08,1.2028
1636192800000,1.2043,1.2083,1.1575,1.1713,556606.0,656908.4,1.182322
1636200000000,1.1711,1.1856,1.1535,1.1856,316870.0,370469.2,1.169077
1636207200000,1.1846,1.2362,1.1756,1.2085,1017530.0,1233071.71,1.206278
1636214400000,1.2098,1.2194,1.1934,1.2086,505821.0,610558.91,1.206399
1636221600000,1.2091,1.2265,1.1973,1.218,307444.0,372759.27,1.211861
1636228800000,1.2174,1.2289,1.2139,1.2242,210796.0,257829.14,1.221432
1636236000000,1.2261,1.24,1.2123,1.2398,450376.0,551804.03,1.225707
1636243200000,1.2381,1.2543,1.2094,1.2118,760451.0,937448.09,1.232497
1636250400000,1.2128,1.2195,1.2085,1.2188,129300.0,157131.41,1.213855
1636257600000,1.219,1.2231,1.2052,1.2113,205282.0,249096.35,1.214101
1636264800000,1.2106,1.216,1.2009,1.2073,233509.0,282142.63,1.208444
1636272000000,1.2082,1.2231,1.2008,1.2224,278351.0,336755.48,1.211572
1636279200000,1.2215,1.2241,1.2042,1.2135,287986.0,348945.87,1.214009
1636286400000,1.2149,1.2152,1.2029,1.2074,227805.0,275387.91,1.208835
1636293600000,1.206,1.213,1.2025,1.2082,186062.0,224623.34,1.207757
1636300800000,1.2095,1.2244,1.2078,1.2124,273661.0,332943.39,1.21614
1636308000000,1.2132,1.2228,1.2063,1.2119,250270.0,303616.88,1.214553
1636315200000,1.2132,1.2195,1.2079,1.2182,253483.0,307314.3,1.213603
1636322400000,1.2183,1.2206,1.2086,1.2174,144406.0,175170.24,1.214595
1636329600000,1.2174,1.2196,1.1926,1.2,568502.0,684651.35,1.205799
1636336800000,1.1998,1.2092,1.1902,1.2042,526587.0,630528.71,1.199669
1636344000000,1.2034,1.2056,1.1922,1.1961,187819.0,224905.91,1.198832
1636351200000,1.1954,1.1965,1.1884,1.1923,275677.0,328588.61,1.192397
1636358400000,1.192,1.1992,1.1885,1.198,221909.0,264713.11,1.193752
1636365600000,1.1986,1.2046,1.1951,1.2045,286151.0,343028.38,1.199669
1636372800000,1.2045,1.2045,1.1897,1.1942,168934.0,202504.9,1.19679
1636380000000,1.1931,1.2036,1.1911,1.2031,257608.0,308291.33,1.197207
1636387200000,1.2024,1.2791,1.1965,1.2201,4140268.0,5149247.79,1.238108
1636394400000,1.2202,1.2386,1.2119,1.2323,957250.0,1172250.19,1.225196
1636401600000,1.2318,1.2515,1.2296,1.245,505049.0,627656.69,1.240765
1636408800000,1.2464,1.27,1.2403,1.2622,810612.0,1016202.68,1.255215
1636416000000,1.2636,1.384,1.2476,1.3668,5643743.0,7422861.88,1.3159
1636423200000,1.3685,1.4585,1.3232,1.3965,6214089.0,8637503.99,1.39094
1636430400000,1.3955,1.445,1.3836,1.408,3542216.0,5002691.0,1.414431
1636437600000,1.408,1.4218,1.3608,1.3654,2179394.0,3025791.04,1.391939
1636444800000,1.3656,1.3667,1.339,1.3612,1198779.0,1620545.81,1.352783
1636452000000,1.3619,1.3678,1.313,1.3257,1092586.0,1460155.12,1.339984
1636459200000,1.3268,1.368,1.3144,1.3545,1645643.0,2216569.68,1.341239
1636466400000,1.3555,1.3555,1.2938,1.3009,1042737.0,1375598.47,1.323786
1636473600000,1.3036,1.318,1.288,1.316,1069625.0,1393510.86,1.302697
1636480800000,1.3146,1.3192,1.2784,1.2879,552357.0,717317.96,1.298506
1636488000000,1.2869,1.3109,1.2792,1.3095,627450.0,812490.9,1.294591
1636495200000,1.3095,1.3277,1.2989,1.3099,825398.0,1084701.18,1.3133
1636502400000,1.3083,1.3166,1.2636,1.276,1093707.0,1405628.83,1.28989
1636509600000,1.2763,1.2874,1.2613,1.2644,578827.0,738728.27,1.274569
1636516800000,1.2653,1.2811,1.2586,1.2689,639609.0,811065.2,1.269868
1636524000000,1.2685,1.2796,1.2631,1.2725,615931.0,783934.04,1.271363
1636531200000,1.2725,1.2819,1.2673,1.2695,273222.0,347805.51,1.274638
1636538400000,1.2696,1.2958,1.268,1.2845,597954.0,767692.49,1.282275
1636545600000,1.2845,1.2959,1.2666,1.2958,709456.0,908975.41,1.280906
1636552800000,1.2958,1.3243,1.2911,1.3243,777716.0,1013634.11,1.307169
1636560000000,1.3243,1.41,1.3226,1.3733,3749000.0,5114847.17,1.367792
1636567200000,1.3731,1.4321,1.3316,1.3344,3730778.0,5173004.22,1.382932
1636574400000,1.3329,1.3623,1.2102,1.233,3652496.0,4709818.57,1.286649
1636581600000,1.2301,1.2562,1.191,1.2058,2157102.0,2633361.88,1.223803
1636588800000,1.2065,1.2156,1.1891,1.2086,1370863.0,1647892.82,1.202342
1636596000000,1.2074,1.233,1.1817,1.233,1298549.0,1567823.33,1.206497
1636603200000,1.233,1.2521,1.2003,1.2506,1855210.0,2273691.22,1.225736
1636610400000,1.2501,1.2824,1.2462,1.275,1143668.0,1448251.98,1.264535
1636617600000,1.2757,1.2986,1.2509,1.2838,2296718.0,2937183.23,1.274714
1636624800000,1.2835,1.2948,1.2663,1.2823,811259.0,1037075.28,1.280549
1636632000000,1.2823,1.2964,1.26,1.2815,1347098.0,1724116.43,1.2782
1636639200000,1.2815,1.3229,1.2605,1.2902,1608674.0,2088504.35,1.291729
1636646400000,1.2916,1.3152,1.2897,1.2936,579889.0,755094.18,1.302465
1636653600000,1.2936,1.3278,1.2756,1.3095,775199.0,1009541.43,1.301704
1636660800000,1.3096,1.3382,1.3014,1.3335,467485.0,617462.22,1.319594
1636668000000,1.3336,1.3389,1.3086,1.313,521265.0,689520.58,1.323809
1636675200000,1.313,1.4286,1.3083,1.403,3695856.0,5108439.33,1.37015
1636682400000,1.4054,1.43,1.3799,1.3875,2077962.0,2920677.54,1.40523
1636689600000,1.3875,1.4005,1.3478,1.3488,1362999.0,1872916.54,1.375085
1636696800000,1.3479,1.3667,1.3102,1.3224,1236413.0,1654929.15,1.338627
1636704000000,1.3217,1.3466,1.2652,1.2709,2139901.0,2800868.34,1.306936
1636711200000,1.2702,1.2818,1.2536,1.2612,1207714.0,1533815.52,1.267752
1636718400000,1.2616,1.3028,1.251,1.2913,1442065.0,1849266.53,1.27694
1636725600000,1.2923,1.2938,1.2512,1.2611,546666.0,695156.89,1.27185
1636732800000,1.2626,1.2798,1.238,1.2796,629528.0,791390.39,1.258374
1636740000000,1.2793,1.3039,1.2753,1.296,616523.0,798101.04,1.289782
1636747200000,1.296,1.3199,1.2939,1.2995,526432.0,688107.66,1.306942
1636754400000,1.2992,1.3305,1.2963,1.3216,523279.0,688193.72,1.31376
1636761600000,1.3216,1.3346,1.2828,1.2856,952580.0,1246132.02,1.3094
1636768800000,1.2859,1.3181,1.2848,1.3165,559678.0,729604.97,1.301517
1636776000000,1.3163,1.3269,1.3002,1.3089,445423.0,583973.14,1.313569
1636783200000,1.3089,1.3275,1.3002,1.3074,761348.0,998838.92,1.313854
1636790400000,1.3105,1.315,1.2854,1.2902,490102.0,637954.91,1.30018
1636797600000,1.2897,1.2971,1.2823,1.2908,341082.0,440245.98,1.289699
1636804800000,1.29,1.2974,1.2747,1.2803,414333.0,532321.98,1.286093
1636812000000,1.2818,1.3079,1.2772,1.2961,729807.0,943530.14,1.292756
1636819200000,1.2961,1.3087,1.2953,1.3075,306280.0,398807.54,1.302044
1636826400000,1.3075,1.3126,1.2941,1.2971,293156.0,382603.37,1.30344
1636833600000,1.2965,1.3023,1.2889,1.2909,320491.0,415000.64,1.295687
1636840800000,1.2911,1.3029,1.2881,1.2961,105437.0,136467.08,1.295556
1636848000000,1.2966,1.3049,1.284,1.2863,234411.0,303283.4,1.294644
1636855200000,1.2864,1.2903,1.274,1.2756,216818.0,278253.28,1.282292
1636862400000,1.2769,1.288,1.2652,1.2731,567572.0,724375.13,1.276611
1636869600000,1.2732,1.2761,1.2613,1.263,270892.0,344201.56,1.268781
1636876800000,1.262,1.2626,1.244,1.2543,451501.0,565728.94,1.253083
1636884000000,1.255,1.2653,1.2543,1.2625,162932.0,205476.68,1.259938
1636891200000,1.2617,1.2704,1.2567,1.2699,228008.0,288279.29,1.263329
1636898400000,1.2689,1.2707,1.2511,1.2535,244922.0,309027.79,1.260845
1636905600000,1.252,1.2568,1.2393,1.2567,436722.0,544921.63,1.247934
1636912800000,1.2559,1.2628,1.2458,1.2566,311839.0,391283.5,1.254299
1636920000000,1.2573,1.2686,1.2544,1.2639,150447.0,189853.84,1.261551
1636927200000,1.2636,1.2775,1.2634,1.2753,137179.0,174096.62,1.270658
1636934400000,1.2762,1.2989,1.2722,1.2872,461558.0,591351.91,1.285721
1636941600000,1.2871,1.2897,1.2737,1.2775,217393.0,278193.76,1.281641
1636948800000,1.2773,1.2801,1.27,1.2722,175851.0,224066.93,1.27507
1636956000000,1.2715,1.2828,1.2662,1.2705,254638.0,324601.31,1.274503
1636963200000,1.2706,1.2712,1.25,1.259,833722.0,1048672.04,1.26026
1636970400000,1.2581,1.2646,1.2559,1.2596,282620.0,356234.44,1.26026
1636977600000,1.2596,1.2697,1.2562,1.2695,307912.0,388761.49,1.262701
1636984800000,1.2697,1.271,1.239,1.2455,646029.0,809143.08,1.254566
1636992000000,1.2455,1.2516,1.2324,1.2425,613572.0,763115.44,1.241988
1636999200000,1.2425,1.2457,1.2245,1.2392,357319.0,440941.45,1.235065
1637006400000,1.2381,1.2392,1.2203,1.2344,267695.0,329314.8,1.229687
1637013600000,1.2344,1.2348,1.2237,1.2261,171548.0,210833.16,1.229088
1637020800000,1.2262,1.2269,1.1242,1.1685,1678813.0,1965130.79,1.173682
1637028000000,1.1684,1.1684,1.1201,1.1301,824860.0,944186.47,1.143317
1637035200000,1.1307,1.1509,1.1174,1.1388,480558.0,547186.12,1.134141
1637042400000,1.1397,1.1423,1.122,1.1373,645901.0,731932.77,1.132128
1637049600000,1.1377,1.1515,1.1212,1.1217,690107.0,785023.67,1.136848
1637056800000,1.1213,1.1257,1.0471,1.123,2228981.0,2423759.87,1.086396
1637064000000,1.1228,1.1292,1.1031,1.1259,460535.0,514462.78,1.116121
1637071200000,1.1255,1.1477,1.1236,1.1324,599774.0,681757.35,1.13579
1637078400000,1.1325,1.1458,1.1268,1.1373,421422.0,479631.04,1.136323
1637085600000,1.1392,1.1448,1.1217,1.1385,195616.0,221593.82,1.133249
1637092800000,1.137,1.1409,1.101,1.127,391967.0,439331.91,1.120774
1637100000000,1.1282,1.1402,1.1163,1.1176,137015.0,154682.35,1.128527
1637107200000,1.1187,1.1255,1.0976,1.0996,441829.0,492653.96,1.111869
1637114400000,1.1007,1.1433,1.0855,1.1126,938169.0,1044297.92,1.114483
1637121600000,1.1127,1.1441,1.0915,1.1287,659423.0,734951.37,1.117731
1637128800000,1.1279,1.1403,1.1072,1.1285,425105.0,476514.72,1.12375
1637136000000,1.1294,1.1361,1.1006,1.104,295384.0,330760.68,1.118592
1637143200000,1.1039,1.1523,1.1039,1.1504,599315.0,680603.58,1.128385
1637150400000,1.1488,1.1494,1.1295,1.1361,420709.0,478836.92,1.13911
1637157600000,1.1372,1.1412,1.1101,1.122,296422.0,333416.65,1.125399
1637164800000,1.1226,1.1389,1.1148,1.135,164840.0,186158.84,1.126712
1637172000000,1.1351,1.138,1.1237,1.1303,192041.0,217211.49,1.130796
1637179200000,1.131,1.1593,1.1258,1.1502,251434.0,288107.2,1.142724
1637186400000,1.1503,1.1564,1.1388,1.1527,240388.0,276071.5,1.147582
1637193600000,1.1538,1.183,1.1529,1.1711,893942.0,1045078.89,1.168445
1637200800000,1.171,1.1812,1.1633,1.1783,250880.0,293883.38,1.172146
1637208000000,1.1783,1.1849,1.1179,1.1266,1080031.0,1233811.96,1.151216
1637215200000,1.1255,1.1262,1.1049,1.1141,320041.0,356566.63,1.115222
1637222400000,1.1143,1.1162,1.0928,1.1071,350807.0,387145.71,1.10435
1637229600000,1.1081,1.1724,1.1018,1.1213,864853.0,982079.01,1.137297
1637236800000,1.122,1.1642,1.101,1.1388,1176324.0,1330144.04,1.13264
1637244000000,1.1384,1.1691,1.0705,1.0794,1487997.0,1666917.83,1.120872
1637251200000,1.0791,1.0854,1.0364,1.0649,997714.0,1060750.84,1.060662
1637258400000,1.0652,1.092,1.0645,1.0819,171943.0,185198.0,1.078727
1637265600000,1.0826,1.0892,1.0642,1.0676,236007.0,254425.56,1.076858
1637272800000,1.0679,1.077,1.047,1.0583,495849.0,525816.39,1.061971
1637280000000,1.0574,1.0779,1.045,1.0486,668170.0,710553.25,1.061604
1637287200000,1.0496,1.0704,1.0373,1.0489,504971.0,530822.09,1.053851
1637294400000,1.0479,1.0907,1.0474,1.0853,421408.0,452537.27,1.069612
1637301600000,1.0856,1.0978,1.0773,1.0837,456730.0,496989.92,1.087556
1637308800000,1.0854,1.1397,1.0854,1.1081,1058367.0,1182269.97,1.113272
1637316000000,1.1088,1.1108,1.0931,1.0985,438954.0,483125.12,1.101793
1637323200000,1.0988,1.1222,1.097,1.1212,303133.0,336968.37,1.109502
1637330400000,1.1222,1.1355,1.1166,1.1327,325725.0,366674.21,1.125933
1637337600000,1.1334,1.1513,1.13,1.1398,274003.0,312846.24,1.140744
1637344800000,1.1388,1.1487,1.1318,1.142,211701.0,241303.36,1.140249
1637352000000,1.1418,1.1501,1.1312,1.1454,234006.0,267039.85,1.140623
1637359200000,1.1463,1.1506,1.1324,1.142,256111.0,292326.12,1.141462
1637366400000,1.1415,1.1689,1.1406,1.1651,324997.0,375950.13,1.155055
1637373600000,1.1646,1.1679,1.1462,1.1469,211750.0,244852.69,1.157309
1637380800000,1.1469,1.15,1.1389,1.1478,194374.0,222564.99,1.144445
1637388000000,1.1482,1.156,1.1437,1.1487,161108.0,185423.25,1.149851
1637395200000,1.149,1.1689,1.1469,1.1613,252086.0,292218.29,1.158133
1637402400000,1.1616,1.1648,1.1514,1.1615,268803.0,311384.27,1.1581
1637409600000,1.1616,1.166,1.1422,1.1435,229120.0,264839.21,1.154362
1637416800000,1.1442,1.1465,1.103,1.1058,596202.0,666688.99,1.12469
1637424000000,1.1053,1.1151,1.0982,1.1105,170375.0,188871.06,1.10662
1637431200000,1.1112,1.1563,1.1086,1.1437,688506.0,783065.19,1.133106
1637438400000,1.1448,1.1472,1.139,1.1471,129881.0,148382.04,1.143043
1637445600000,1.1474,1.1594,1.1441,1.1541,180937.0,208026.71,1.1518
1637452800000,1.1534,1.1545,1.1343,1.1374,200287.0,228864.86,1.144214
1637460000000,1.1364,1.1388,1.114,1.1175,489751.0,550661.89,1.126307
1637467200000,1.1162,1.1256,1.112,1.1256,206404.0,230914.59,1.118515
1637474400000,1.1255,1.131,1.1209,1.1273,108352.0,121993.59,1.125946
1637481600000,1.1275,1.1308,1.12,1.1291,193438.0,217550.45,1.125384
1637488800000,1.129,1.1323,1.1168,1.1249,285940.0,321509.07,1.124507
1637496000000,1.1244,1.1331,1.1177,1.1191,229354.0,258213.52,1.125511
1637503200000,1.1186,1.1333,1.1125,1.1316,180641.0,202609.6,1.122662
1637510400000,1.1323,1.1435,1.1269,1.1358,237263.0,269525.91,1.135213
1637517600000,1.1363,1.1473,1.1293,1.1346,288451.0,328300.47,1.138306
1637524800000,1.1353,1.1487,1.1353,1.1458,204229.0,233644.62,1.142263
1637532000000,1.1459,1.1463,1.1161,1.1176,262672.0,297541.36,1.131045
1637539200000,1.1194,1.1224,1.0866,1.0945,579557.0,638065.2,1.104163
1637546400000,1.0945,1.0965,1.0736,1.0789,465819.0,504923.98,1.084833
1637553600000,1.0791,1.083,1.066,1.0808,340144.0,365173.18,1.074486
1637560800000,1.0819,1.0948,1.0766,1.091,228415.0,248159.89,1.08565
1637568000000,1.0905,1.1,1.09,1.0917,134281.0,147056.88,1.095014
1637575200000,1.0907,1.1132,1.0878,1.0956,229854.0,252968.4,1.100569
1637582400000,1.0964,1.1132,1.0728,1.1087,322054.0,353150.33,1.092773
1637589600000,1.1077,1.1113,1.0959,1.0987,195151.0,215083.99,1.103637
1637596800000,1.0999,1.1135,1.0956,1.1029,346060.0,382356.74,1.104572
1637604000000,1.1018,1.1018,1.0687,1.0705,267359.0,289733.16,1.084991
1637611200000,1.0716,1.0783,1.0628,1.0775,204404.0,219004.5,1.0704
1637618400000,1.0774,1.0893,1.0762,1.0773,165919.0,179495.52,1.08275
1637625600000,1.0778,1.0884,1.0685,1.0859,221915.0,239337.14,1.078303
1637632800000,1.0858,1.0939,1.0783,1.0919,181041.0,196994.03,1.085991
1637640000000,1.0925,1.138,1.0871,1.1008,928699.0,1034930.95,1.112656
1637647200000,1.1009,1.1156,1.0889,1.1154,3328519.0,3674325.07,1.10178
1637654400000,1.1155,1.1158,1.0871,1.1066,1688072.0,1862700.87,1.101214
1637661600000,1.1065,1.1278,1.0951,1.0963,478084.0,532008.56,1.111701
1637668800000,1.0963,1.101,1.0825,1.0959,410175.0,447451.77,1.091749
1637676000000,1.097,1.1129,1.0914,1.108,294493.0,324880.08,1.102125
1637683200000,1.1081,1.1219,1.1062,1.1154,429470.0,478861.45,1.114181
1637690400000,1.1159,1.127,1.1092,1.1236,431423.0,482340.41,1.118019
1637697600000,1.1234,1.1284,1.119,1.1271,231462.0,260219.96,1.123638
1637704800000,1.128,1.134,1.1188,1.1243,220335.0,247677.15,1.126404
1637712000000,1.1242,1.1262,1.1009,1.1019,415654.0,462956.45,1.113671
1637719200000,1.1018,1.1072,1.0907,1.0976,321799.0,353536.24,1.098938
1637726400000,1.0976,1.1363,1.0973,1.1094,5478827.0,6147250.45,1.117112
1637733600000,1.1093,1.12,1.095,1.0978,481388.0,531759.35,1.107721
1637740800000,1.0976,1.1103,1.096,1.0975,314958.0,347394.45,1.10315
1637748000000,1.098,1.1019,1.0889,1.098,327196.0,358997.03,1.0954
1637755200000,1.0985,1.1033,1.0679,1.0694,586817.0,637361.8,1.085935
1637762400000,1.0698,1.0851,1.0571,1.0822,451688.0,482263.18,1.070847
1637769600000,1.0822,1.0846,1.0604,1.0621,236068.0,252984.91,1.072573
1637776800000,1.0631,1.077,1.0617,1.0691,313196.0,334912.66,1.06948
1637784000000,1.0681,1.179,1.0601,1.1442,6075969.0,6919235.74,1.121079
1637791200000,1.1442,1.1733,1.138,1.164,1395706.0,1614022.46,1.155782
1637798400000,1.1637,1.168,1.1468,1.1552,885828.0,1022763.42,1.157314
1637805600000,1.155,1.169,1.1515,1.1669,510009.0,591152.86,1.160159
1637812800000,1.1667,1.1799,1.1468,1.1568,751001.0,873070.0,1.163387
1637820000000,1.1559,1.169,1.1542,1.1619,472733.0,549474.61,1.161716
1637827200000,1.1606,1.201,1.1596,1.1944,1592521.0,1889384.88,1.18086
1637834400000,1.1952,1.1955,1.153,1.186,1100252.0,1288263.94,1.174056
1637841600000,1.186,1.208,1.15,1.1592,2111822.0,2479601.63,1.179361
1637848800000,1.1592,1.1734,1.1439,1.1536,2769279.0,3193502.31,1.15867
1637856000000,1.1542,1.1599,1.1354,1.1515,1293570.0,1486234.14,1.147634
1637863200000,1.1515,1.1592,1.1442,1.158,447228.0,515473.16,1.15155
1637870400000,1.1575,1.1592,1.1453,1.1571,608257.0,701771.52,1.152249
1637877600000,1.1571,1.1712,1.1551,1.1679,687406.0,799363.59,1.163232
1637884800000,1.1684,1.2071,1.1632,1.1934,1344638.0,1593160.1,1.185525
1637892000000,1.1934,1.2568,1.1931,1.2306,3247937.0,4000626.28,1.226157
1637899200000,1.2306,1.2311,1.1797,1.212,998503.0,1203422.86,1.204862
1637906400000,1.2127,1.2395,1.1662,1.1862,1200461.0,1449647.82,1.202965
1637913600000,1.1867,1.1872,1.0415,1.0783,3502733.0,3826100.41,1.111435
1637920800000,1.0761,1.0852,1.0497,1.0573,1535722.0,1644089.62,1.067507
1637928000000,1.0594,1.1361,1.045,1.1272,2489911.0,2725776.73,1.090108
1637935200000,1.1271,1.1635,1.121,1.1218,1171571.0,1331154.91,1.142319
1637942400000,1.1217,1.13,1.1092,1.1143,411306.0,460794.72,1.119652
1637949600000,1.1137,1.1161,1.1008,1.1119,475255.0,527587.83,1.108435
1637956800000,1.1123,1.1321,1.1028,1.1163,276668.0,309340.85,1.117465
1637964000000,1.1176,1.1316,1.0838,1.091,753718.0,836623.25,1.107985
1637971200000,1.0915,1.14,1.0899,1.1386,1410749.0,1581838.73,1.114922
1637978400000,1.1386,1.1508,1.1299,1.1419,577170.0,658219.77,1.140351
1637985600000,1.1415,1.1957,1.1377,1.1624,937107.0,1099424.01,1.167195
1637992800000,1.1624,1.2179,1.15,1.1686,1192632.0,1409297.92,1.183989
1638000000000,1.1685,1.2067,1.1684,1.1969,694078.0,828799.58,1.188323
1638007200000,1.1958,1.1976,1.16,1.1697,773753.0,913022.5,1.178259
1638014400000,1.1699,1.2284,1.1699,1.1903,1150587.0,1381868.19,1.199747
1638021600000,1.19,1.195,1.1747,1.1843,423321.0,500616.16,1.184804
1638028800000,1.1843,1.1959,1.1792,1.193,219742.0,260715.91,1.18747
1638036000000,1.193,1.2152,1.1826,1.2074,422388.0,508036.68,1.198833
1638043200000,1.2086,1.2259,1.1699,1.2111,909556.0,1093338.19,1.197894
1638050400000,1.2131,1.241,1.1965,1.2379,698683.0,851809.67,1.218182
1638057600000,1.2379,1.2528,1.1553,1.1722,1286537.0,1554077.51,1.203922
1638064800000,1.1721,1.1796,1.1313,1.1357,669481.0,771320.97,1.155706
1638072000000,1.1355,1.1443,1.1047,1.127,743984.0,834388.53,1.124421
1638079200000,1.1271,1.1407,1.1181,1.1407,458580.0,519509.68,1.128952
1638086400000,1.1401,1.156,1.1352,1.155,375286.0,429720.19,1.145313
1638093600000,1.1536,1.1702,1.1455,1.1535,389489.0,450115.98,1.15785
1638100800000,1.1536,1.154,1.1341,1.1415,366203.0,418436.72,1.143694
1638108000000,1.1425,1.1464,1.1216,1.126,333901.0,377421.23,1.133969
1638115200000,1.1251,1.1252,1.09,1.1009,824507.0,911625.19,1.106876
1638122400000,1.0997,1.1309,1.0767,1.1234,587581.0,649484.18,1.103411
1638129600000,1.1256,1.1588,1.1233,1.1564,277191.0,316144.7,1.141062
1638136800000,1.1576,1.1788,1.1413,1.1736,592890.0,691314.49,1.159785
1638144000000,1.1744,1.1783,1.1563,1.1585,325574.0,379868.26,1.167428
1638151200000,1.1594,1.1639,1.1462,1.1514,295128.0,340631.61,1.155031
1638158400000,1.1536,1.1583,1.1495,1.1576,211616.0,244118.08,1.153807
1638165600000,1.1576,1.1659,1.1536,1.1629,217527.0,252405.52,1.159726
1638172800000,1.1637,1.1637,1.1272,1.1329,575937.0,660797.99,1.144833
1638180000000,1.1329,1.1483,1.1321,1.1409,202625.0,231482.6,1.140414
1638187200000,1.1414,1.1608,1.1402,1.1573,274184.0,315286.35,1.150701
1638194400000,1.1569,1.1617,1.1458,1.1545,291394.0,336108.83,1.153739
1638201600000,1.1546,1.1763,1.1464,1.174,347630.0,403924.3,1.161003
1638208800000,1.1735,1.1847,1.1639,1.165,315450.0,371103.56,1.17452
1638216000000,1.1652,1.1913,1.1647,1.1878,175196.0,207164.66,1.17833
1638223200000,1.1899,1.2142,1.1872,1.1999,434709.0,521961.66,1.200906
1638230400000,1.1997,1.2053,1.1692,1.1747,311960.0,370031.27,1.187257
1638237600000,1.1743,1.1964,1.1541,1.1713,382845.0,450241.22,1.175253
1638244800000,1.1717,1.1951,1.1539,1.1542,454105.0,534788.38,1.175046
1638252000000,1.1546,1.1629,1.1444,1.1554,318460.0,367394.18,1.153649
1638259200000,1.1554,1.1655,1.1404,1.1554,319912.0,368485.16,1.15295
1638266400000,1.1552,1.1762,1.1525,1.1736,143155.0,166767.05,1.164341
1638273600000,1.174,1.2,1.1722,1.1976,547123.0,651464.27,1.186166
1638280800000,1.1969,1.2259,1.1826,1.1886,633585.0,765028.38,1.204357
1638288000000,1.1885,1.2337,1.1701,1.2132,1141357.0,1376605.98,1.201941
1638295200000,1.2119,1.2259,1.2001,1.2084,358093.0,435039.23,1.213013
1638302400000,1.2098,1.2158,1.1813,1.1882,253541.0,303673.04,1.198501
1638309600000,1.187,1.1951,1.1787,1.1795,181040.0,215060.2,1.187101
1638316800000,1.1813,1.1878,1.1717,1.1725,465154.0,548596.31,1.17998
1638324000000,1.1725,1.1749,1.1631,1.1699,384375.0,449150.14,1.168973
1638331200000,1.1681,1.1728,1.1532,1.1556,349863.0,405938.96,1.16313
1638338400000,1.1568,1.1823,1.152,1.1805,451556.0,530119.52,1.166879
1638345600000,1.1795,1.1858,1.1682,1.1743,902906.0,1063764.52,1.177002
1638352800000,1.175,1.1754,1.1511,1.1631,466609.0,542897.63,1.16288
1638360000000,1.1638,1.1777,1.1605,1.1724,307621.0,359556.19,1.169167
1638367200000,1.1726,1.1809,1.1708,1.1782,248984.0,292815.3,1.175887
1638374400000,1.1771,1.1888,1.1738,1.175,404946.0,477487.81,1.181326
1638381600000,1.1749,1.1767,1.1601,1.1654,434196.0,507307.21,1.168244
1638388800000,1.1653,1.171,1.1383,1.1475,468426.0,539466.45,1.15451
1638396000000,1.1475,1.1574,1.1442,1.1535,132928.0,153005.73,1.150816
1638403200000,1.1533,1.1533,1.1309,1.1349,267388.0,304859.42,1.141694
1638410400000,1.1349,1.136,1.0916,1.112,1020171.0,1137504.3,1.113113
1638417600000,1.1128,1.1187,1.1094,1.1157,299076.0,332946.82,1.114045
1638424800000,1.1152,1.1156,1.1073,1.1146,252784.0,281190.18,1.111445
1638432000000,1.1146,1.1206,1.108,1.1122,353070.0,393684.57,1.114308
1638439200000,1.1122,1.115,1.0969,1.1093,372203.0,411014.99,1.105919
1638446400000,1.1093,1.1125,1.0969,1.1082,379376.0,419199.83,1.104695
1638453600000,1.1084,1.1242,1.0989,1.106,562976.0,626465.5,1.11156
1638460800000,1.1069,1.115,1.1014,1.1141,329404.0,364858.3,1.108027
1638468000000,1.1128,1.1232,1.1088,1.119,308921.0,344936.86,1.116005
1638475200000,1.1185,1.1254,1.1121,1.1247,143003.0,160007.02,1.118586
1638482400000,1.1245,1.1245,1.1141,1.1155,74956.0,83846.77,1.119139
1638489600000,1.1153,1.1159,1.1011,1.1039,179635.0,199283.89,1.108308
1638496800000,1.1039,1.1065,1.0882,1.0953,392669.0,430120.77,1.097219
1638504000000,1.0953,1.11,1.0935,1.1042,193900.0,213788.74,1.101907
1638511200000,1.1055,1.1112,1.1029,1.1078,125247.0,138658.97,1.107058
1638518400000,1.1077,1.1103,1.0966,1.106,194937.0,214856.87,1.103437
1638525600000,1.106,1.1158,1.106,1.1132,179867.0,199964.58,1.111103
1638532800000,1.1132,1.1202,1.1081,1.1136,179480.0,200000.46,1.11415
1638540000000,1.1133,1.1148,1.0894,1.0934,355416.0,391772.76,1.101873
1638547200000,1.0912,1.0919,1.0596,1.0734,588680.0,631600.92,1.075212
1638554400000,1.0728,1.0835,1.0557,1.0589,273815.0,293031.95,1.06985
1638561600000,1.0573,1.0655,1.011,1.0569,969028.0,1006616.02,1.03825
1638568800000,1.0579,1.0611,1.0408,1.0429,234409.0,245982.83,1.051037
1638576000000,1.0443,1.0443,0.9918,1.0062,928691.0,940227.91,1.016958
1638583200000,1.0062,1.0108,0.9629,0.9635,536671.0,530924.0,0.987346
1638590400000,0.9636,0.9856,0.7047,0.8466,3238800.33,2731400.46,0.842432
1638597600000,0.8515,0.8821,0.8208,0.8559,1887503.0,1612130.98,0.851447
1638604800000,0.8569,0.8822,0.8524,0.8652,647254.0,562407.49,0.867424
1638612000000,0.8664,0.8737,0.8175,0.836,661981.0,560008.15,0.845158
1638619200000,0.8364,0.8708,0.8363,0.865,579026.0,493859.71,0.854141
1638626400000,0.8616,0.8983,0.8595,0.8811,721481.0,637284.03,0.879409
1638633600000,0.8804,0.888,0.8604,0.8726,436477.0,381780.78,0.874153
1638640800000,0.8722,0.8998,0.8694,0.899,565548.0,501356.29,0.884359
1638648000000,0.8992,0.9034,0.8737,0.8785,473887.0,422086.33,0.888509
1638655200000,0.8784,0.9029,0.8779,0.8949,269623.0,239841.33,0.890858
1638662400000,0.8928,0.9119,0.8642,0.8884,637147.0,566560.18,0.888045
1638669600000,0.8869,0.8954,0.873,0.8941,294688.0,260435.11,0.884033
1638676800000,0.8927,0.8984,0.8831,0.897,227537.0,202551.18,0.890667
1638684000000,0.8963,0.9024,0.8872,0.8894,228369.0,204794.22,0.894906
1638691200000,0.8894,0.8947,0.8637,0.8663,314275.0,275965.89,0.879418
1638698400000,0.8673,0.8834,0.8636,0.8717,279516.0,244419.9,0.87355
1638705600000,0.8706,0.8866,0.8641,0.8657,422190.0,370403.7,0.875436
1638712800000,0.8662,0.8666,0.8008,0.8114,910864.0,757224.21,0.83263
1638720000000,0.8114,0.8317,0.807,0.8277,601335.0,493195.3,0.819326
1638727200000,0.8275,0.831,0.8035,0.8226,288301.0,235998.47,0.817188
1638734400000,0.8229,0.8323,0.8035,0.828,402478.0,330778.37,0.81784
1638741600000,0.8275,0.8379,0.8144,0.8338,323186.0,267490.29,0.826068
1638748800000,0.8345,0.835,0.7832,0.8089,753112.0,603777.49,0.808281
1638756000000,0.8075,0.8317,0.8075,0.8241,263151.0,216358.15,0.820107
1638763200000,0.8249,0.8336,0.8,0.8,238536.0,195478.75,0.817492
1638770400000,0.8007,0.8114,0.7708,0.7901,473826.0,374665.38,0.791025
1638777600000,0.7931,0.813,0.7636,0.7661,498261.0,391479.37,0.789002
1638784800000,0.7678,0.8058,0.7581,0.8041,432228.0,335438.97,0.781273
1638792000000,0.8031,0.8166,0.7831,0.7875,490859.0,393173.87,0.800111
1638799200000,0.789,0.825,0.7755,0.823,287795.0,229238.59,0.799481
1638806400000,0.8237,0.8419,0.8176,0.8313,480491.0,399630.08,0.829806
1638813600000,0.8327,0.8389,0.8237,0.83,127124.0,105920.45,0.8313
1638820800000,0.8314,0.8554,0.8235,0.8525,264807.0,222344.31,0.839143
1638828000000,0.8518,0.8698,0.8518,0.8626,224454.0,193479.26,0.861156
1638835200000,0.8596,0.8822,0.8538,0.8691,216131.0,188020.4,0.868105
1638842400000,0.8691,0.8761,0.8614,0.8732,137602.0,119380.52,0.868702
1638849600000,0.8737,0.8811,0.8652,0.8791,95239.0,83288.56,0.873054
1638856800000,0.8791,0.9032,0.8774,0.9016,356237.0,317720.78,0.890288
1638864000000,0.8995,0.9656,0.8986,0.9164,1353772.0,1259705.77,0.93249
1638871200000,0.9163,0.9469,0.9085,0.9207,1848044.0,1714012.78,0.92773
1638878400000,0.9217,0.9238,0.8886,0.9007,726729.0,655235.75,0.905712
1638885600000,0.8997,0.9202,0.8956,0.917,264652.0,241121.19,0.907837
1638892800000,0.9169,0.9192,0.889,0.902,448467.0,405518.08,0.903753
1638900000000,0.901,0.9068,0.8884,0.8942,150786.0,135300.53,0.8976
1638907200000,0.8937,0.9051,0.8777,0.8914,262256.0,233531.28,0.891398
1638914400000,0.8928,0.9016,0.8759,0.9,253494.0,224864.5,0.888597
1638921600000,0.8996,0.9136,0.8857,0.9082,280357.0,252878.38,0.899547
1638928800000,0.9088,0.9285,0.8943,0.9,468627.0,429000.67,0.911518
1638936000000,0.8989,0.9134,0.8985,0.9046,157059.0,142255.41,0.906109
1638943200000,0.9063,0.9161,0.9035,0.9157,151278.0,137912.32,0.909606
1638950400000,0.9149,0.9234,0.9023,0.9038,168748.0,154436.46,0.91311
1638957600000,0.9028,0.9163,0.8493,0.863,1633183.0,1421622.49,0.88279
1638964800000,0.8626,0.8834,0.8574,0.8779,278566.0,242751.06,0.870414
1638972000000,0.878,0.9225,0.8748,0.9077,321684.0,290392.28,0.899272
1638979200000,0.9099,0.92,0.8962,0.9019,167680.0,152152.09,0.908164
1638986400000,0.9018,0.916,0.8976,0.9092,128643.0,116942.53,0.906855
1638993600000,0.9098,0.9185,0.9049,0.9106,91374.0,83220.57,0.911701
1639000800000,0.9115,0.9152,0.897,0.9152,119404.0,108435.24,0.906024
1639008000000,0.9149,0.9269,0.9089,0.9096,260016.0,238888.31,0.918025
1639015200000,0.909,0.9195,0.8847,0.8888,358708.0,324069.32,0.902394
1639022400000,0.8871,0.9048,0.8849,0.9001,84590.0,75869.44,0.894999
1639029600000,0.8993,0.909,0.888,0.9058,101829.0,91527.87,0.898401
1639036800000,0.9056,0.9071,0.8843,0.8944,111863.0,100423.25,0.895424
1639044000000,0.8954,0.9161,0.8835,0.8836,251438.0,226658.75,0.900149
1639051200000,0.8835,0.8909,0.8732,0.8895,224711.0,198388.71,0.881918
1639058400000,0.888,0.9542,0.8547,0.9015,4370262.0,3988683.06,0.904495
1639065600000,0.9013,0.9181,0.8826,0.8865,934887.0,845279.48,0.900643
1639072800000,0.886,0.8946,0.8605,0.8656,645721.0,565163.95,0.877722
1639080000000,0.865,0.8746,0.8533,0.8691,348645.0,300214.74,0.863921
1639087200000,0.8672,0.8795,0.8623,0.8638,275141.0,239157.33,0.870953
1639094400000,0.8639,0.8784,0.8509,0.8569,478808.0,413483.37,0.86472
1639101600000,0.8572,0.8854,0.8495,0.8627,957430.0,827820.52,0.867494
1639108800000,0.8624,0.8665,0.8417,0.8462,241198.0,205980.28,0.854076
1639116000000,0.8472,0.8508,0.8174,0.8249,438283.0,364941.84,0.833855
1639123200000,0.8249,0.8407,0.8222,0.8382,350539.0,290893.56,0.831435
1639130400000,0.838,0.8488,0.833,0.8475,195238.0,164009.74,0.840716
1639137600000,0.847,0.8707,0.8424,0.8668,376486.0,322181.66,0.856501
1639144800000,0.8666,0.8726,0.825,0.8302,481699.0,407146.87,0.848868
1639152000000,0.8306,0.8309,0.8137,0.8224,463940.0,381341.83,0.822047
1639159200000,0.8225,0.8324,0.8208,0.8286,171969.0,142107.74,0.826678
1639166400000,0.828,0.8367,0.8179,0.8223,132817.0,109951.96,0.827351
1639173600000,0.8222,0.8257,0.7942,0.7999,324666.0,262747.0,0.809792
1639180800000,0.7984,0.8131,0.7829,0.8041,430079.0,342993.73,0.797971
1639188000000,0.8046,0.8212,0.8036,0.8129,166242.0,135106.95,0.812615
1639195200000,0.8136,0.8245,0.81,0.8179,173729.0,141875.11,0.817284
1639202400000,0.8171,0.8303,0.8108,0.82,228121.0,186988.99,0.820561
1639209600000,0.8195,0.8356,0.8154,0.833,232843.0,192415.51,0.825406
1639216800000,0.8314,0.836,0.8256,0.828,113057.0,93924.82,0.83083
1639224000000,0.8283,0.8373,0.8219,0.8243,185352.0,153915.26,0.829657
1639231200000,0.8248,0.8356,0.8196,0.8355,143611.0,118770.96,0.827279
1639238400000,0.8354,0.8471,0.8343,0.8419,275000.0,231471.18,0.840841
1639245600000,0.8415,0.8429,0.8303,0.8315,118660.0,99269.46,0.836619
1639252800000,0.8316,0.8385,0.8284,0.8384,127832.0,106638.66,0.833252
1639260000000,0.8378,0.8497,0.8348,0.848,208487.0,175677.04,0.842164
1639267200000,0.849,0.849,0.836,0.8366,179290.0,151039.05,0.842412
1639274400000,0.8369,0.8399,0.8337,0.838,151814.0,127046.06,0.836795
1639281600000,0.8378,0.8379,0.8232,0.8245,147449.0,122461.44,0.830396
1639288800000,0.8247,0.835,0.8247,0.8335,69444.0,57705.87,0.830017
1639296000000,0.8328,0.8336,0.8159,0.8174,175303.0,144539.22,0.824668
1639303200000,0.8167,0.8248,0.8107,0.8225,173396.0,141763.85,0.817668
1639310400000,0.8221,0.8292,0.8209,0.8286,120191.0,99284.36,0.824996
1639317600000,0.8285,0.8309,0.8226,0.8248,161316.0,133515.19,0.826755
1639324800000,0.8254,0.8435,0.8224,0.8375,230619.0,191823.84,0.833084
1639332000000,0.8388,0.8498,0.8388,0.8421,243889.0,206087.22,0.844389
1639339200000,0.8428,0.849,0.8403,0.8416,116215.0,98261.59,0.844662
1639346400000,0.8417,0.8451,0.8374,0.8394,80674.0,67928.58,0.841266
1639353600000,0.8384,0.8424,0.8107,0.8109,226750.0,187642.05,0.82699
1639360800000,0.8102,0.8237,0.8092,0.8149,249044.0,203254.78,0.816555
1639368000000,0.8155,0.8238,0.8105,0.8218,134665.0,109820.71,0.817061
1639375200000,0.8214,0.822,0.8052,0.8073,155858.0,126357.95,0.81344
1639382400000,0.8072,0.8161,0.802,0.8134,175721.0,142448.42,0.808987
1639389600000,0.8139,0.8175,0.8096,0.8158,144570.0,117691.23,0.813531
1639396800000,0.816,0.82,0.7994,0.8067,207822.0,167845.23,0.809611
1639404000000,0.805,0.8053,0.7629,0.7691,650287.0,507074.14,0.783456
1639411200000,0.7687,0.7831,0.76,0.7724,440307.0,339533.91,0.771556
1639418400000,0.7728,0.7766,0.7426,0.7568,594284.0,449848.58,0.759295
1639425600000,0.7566,0.7612,0.7464,0.7566,390385.0,294229.49,0.7538
1639432800000,0.7563,0.7626,0.7507,0.7513,184745.0,140037.43,0.756782
1639440000000,0.7518,0.7636,0.7439,0.7519,328079.0,246804.43,0.75375
1639447200000,0.7517,0.7593,0.7444,0.7533,230855.0,173562.83,0.751848
1639454400000,0.7539,0.7571,0.7439,0.7442,149108.0,111819.34,0.750726
1639461600000,0.7443,0.7608,0.7342,0.7573,335744.0,251374.98,0.74729
1639468800000,0.7588,0.7647,0.7492,0.7506,256571.0,194515.21,0.757119
1639476000000,0.7509,0.7687,0.75,0.7683,291415.0,221347.13,0.759281
1639483200000,0.7687,0.7756,0.7592,0.766,247786.0,190744.41,0.7674
1639490400000,0.765,0.777,0.7551,0.7572,294870.0,225876.89,0.766212
1639497600000,0.7593,0.7714,0.7551,0.7599,310156.0,236854.34,0.763251
1639504800000,0.7604,0.7655,0.7496,0.7567,264988.0,200578.47,0.757536
1639512000000,0.7577,0.7789,0.7575,0.7733,194922.0,150153.61,0.768614
1639519200000,0.7738,0.7745,0.7631,0.7672,221282.0,169977.12,0.768645
1639526400000,0.7671,0.7685,0.7563,0.7576,357179.0,272841.22,0.762409
1639533600000,0.7582,0.7636,0.7516,0.7636,129088.0,97668.95,0.757424
1639540800000,0.7637,0.7723,0.7595,0.7628,257102.0,196605.18,0.765903
1639548000000,0.7633,0.767,0.7592,0.7656,112272.0,85696.42,0.76307
1639555200000,0.7656,0.7777,0.7656,0.7743,205176.0,158847.81,0.771902
1639562400000,0.7737,0.7758,0.7646,0.7664,140716.0,108246.78,0.770218
1639569600000,0.766,0.7681,0.7472,0.7506,239503.0,180848.36,0.757548
1639576800000,0.7503,0.7537,0.7204,0.7209,573193.0,421223.89,0.737401
1639584000000,0.7203,0.733,0.7179,0.7308,306030.0,221794.13,0.725436
1639591200000,0.7303,0.7818,0.7293,0.7774,906255.0,690108.75,0.755978
1639598400000,0.7779,0.8013,0.7758,0.7994,806035.0,639922.12,0.788528
1639605600000,0.8007,0.8014,0.7836,0.7901,287850.0,227745.85,0.792218
1639612800000,0.79,0.8049,0.7857,0.8025,377888.0,301250.48,0.795187
1639620000000,0.8025,0.8057,0.7979,0.8032,189194.0,151768.26,0.801798
1639627200000,0.8037,0.8037,0.7893,0.7893,220869.0,176119.0,0.7965
1639634400000,0.7895,0.8052,0.7887,0.7982,198270.0,158709.98,0.797182
1639641600000,0.7988,0.804,0.7952,0.8033,100003.0,80025.41,0.799499
1639648800000,0.8032,0.8215,0.8026,0.8171,339367.0,274828.78,0.812347
1639656000000,0.8182,0.8195,0.8028,0.8173,255277.0,207162.51,0.811145
1639663200000,0.8169,0.8169,0.7997,0.8075,173529.0,140183.7,0.807985
1639670400000,0.8079,0.8116,0.7986,0.7993,176169.0,141848.96,0.805284
1639677600000,0.7986,0.8035,0.7863,0.79,103103.0,81863.37,0.79494
1639684800000,0.7894,0.798,0.7873,0.7953,100702.0,79950.91,0.792675
1639692000000,0.7951,0.7964,0.77,0.7795,727073.0,567308.48,0.782808
1639699200000,0.7798,0.7914,0.7757,0.7902,220956.0,173158.39,0.783371
1639706400000,0.7898,0.7932,0.7846,0.7867,197814.0,156104.77,0.788922
1639713600000,0.7867,0.7896,0.7825,0.7846,153584.0,120729.47,0.786059
1639720800000,0.7849,0.7865,0.7619,0.7677,200808.0,155338.85,0.773908
1639728000000,0.7676,0.7758,0.7663,0.7713,139936.0,108027.49,0.771113
1639735200000,0.7715,0.7715,0.7574,0.7611,244679.0,186797.58,0.764159
1639742400000,0.7611,0.7857,0.7538,0.7601,818148.0,627211.26,0.769752
1639749600000,0.7605,0.7626,0.734,0.7614,599422.0,448033.46,0.748297
1639756800000,0.7612,0.7827,0.7593,0.7624,300607.0,230916.76,0.771006
1639764000000,0.7617,0.774,0.7612,0.7647,136510.0,104697.3,0.767661
1639771200000,0.7651,0.7787,0.7571,0.775,256303.0,196697.54,0.767781
1639778400000,0.7737,0.7779,0.7528,0.7721,394909.0,303534.44,0.765342
1639785600000,0.7722,0.7773,0.7519,0.7538,349043.0,266125.22,0.764842
1639792800000,0.7545,0.7766,0.7494,0.7706,154703.0,117760.38,0.763043
1639800000000,0.7703,0.783,0.7641,0.7786,136712.0,105846.97,0.773504
1639807200000,0.7786,0.7823,0.7734,0.7754,136082.0,105603.11,0.777878
1639814400000,0.7753,0.7905,0.7753,0.7899,255881.0,200031.97,0.78299
1639821600000,0.7906,0.7945,0.7852,0.7877,158021.0,124855.4,0.789867
1639828800000,0.7879,0.7914,0.7826,0.783,78287.0,61680.85,0.78713
1639836000000,0.7829,0.8033,0.7829,0.7919,237315.0,188680.68,0.793392
1639843200000,0.7926,0.7935,0.7864,0.7886,156839.0,123825.75,0.789894
1639850400000,0.7896,0.7915,0.781,0.7887,183509.0,144544.57,0.786245
1639857600000,0.7887,0.7896,0.7861,0.7894,32769.0,25823.55,0.787838
1639864800000,0.7887,0.7919,0.7812,0.7859,81434.0,64075.67,0.786537
1639872000000,0.7858,0.791,0.7797,0.7817,256244.0,201414.52,0.785404
1639879200000,0.7808,0.7954,0.7807,0.7908,190572.0,150390.54,0.788344
1639886400000,0.7917,0.7969,0.7885,0.789,118252.0,93864.24,0.792762
1639893600000,0.7896,0.7972,0.788,0.7902,321265.0,254850.68,0.792603
1639900800000,0.7906,0.7933,0.7818,0.787,177681.0,139994.31,0.787519
1639908000000,0.7865,0.7877,0.779,0.7824,99703.0,78035.66,0.783285
1639915200000,0.7825,0.7872,0.774,0.7856,266166.0,207305.64,0.780552
1639922400000,0.7859,0.7926,0.7723,0.7801,189694.0,148448.05,0.782439
1639929600000,0.7801,0.7858,0.7762,0.7772,117510.0,91747.37,0.781055
1639936800000,0.7771,0.7783,0.766,0.771,164209.0,126818.26,0.772026
1639944000000,0.77,0.7769,0.7682,0.7717,106298.0,82284.71,0.772566
1639951200000,0.7715,0.786,0.769,0.7714,120279.0,93682.85,0.7775
1639958400000,0.7707,0.7781,0.7596,0.7669,301416.0,231450.12,0.768851
1639965600000,0.7655,0.768,0.7587,0.7618,200630.0,153064.1,0.763338
1639972800000,0.7621,0.7652,0.7435,0.7444,146458.0,110759.18,0.754569
1639980000000,0.7446,0.7482,0.7389,0.7466,196491.0,146122.1,0.743526
1639987200000,0.7466,0.7872,0.7316,0.7335,694858.0,523889.21,0.759672
1639994400000,0.7335,0.742,0.7335,0.738,120627.0,89043.22,0.737901
1640001600000,0.7388,0.7394,0.7277,0.7313,228227.0,167376.83,0.733378
1640008800000,0.7313,0.7413,0.7232,0.7303,495475.0,361601.7,0.732251
1640016000000,0.7306,0.7656,0.7304,0.7583,1971094.0,1486439.13,0.74865
1640023200000,0.7585,0.7626,0.7462,0.7522,1546870.0,1163841.94,0.754364
1640030400000,0.7521,0.7647,0.7521,0.7529,401921.0,304545.12,0.758406
1640037600000,0.7533,0.7596,0.7499,0.7546,210956.0,159176.21,0.754754
1640044800000,0.7554,0.7583,0.747,0.7494,290200.0,217974.27,0.752669
1640052000000,0.7494,0.77,0.7476,0.7686,237670.0,180069.07,0.758755
1640059200000,0.7687,0.7773,0.7652,0.769,402282.0,310875.8,0.77125
1640066400000,0.7692,0.7694,0.7639,0.7669,202279.0,154956.73,0.766586
1640073600000,0.7662,0.7775,0.7661,0.774,350199.0,271031.88,0.772025
1640080800000,0.774,0.7757,0.773,0.7747,161170.0,124772.27,0.77435
1640088000000,0.7736,0.7808,0.7732,0.7761,213752.0,166135.33,0.77706
1640095200000,0.776,0.781,0.7657,0.7698,292915.0,226880.88,0.773369
1640102400000,0.7703,0.7759,0.7669,0.7684,100937.0,77837.91,0.771423
1640109600000,0.7679,0.7755,0.7661,0.7754,103280.0,79573.78,0.770639
1640116800000,0.7754,0.7805,0.7736,0.7795,203030.0,157733.9,0.777011
1640124000000,0.7793,0.7841,0.7786,0.7832,153056.0,119618.63,0.781364
1640131200000,0.7836,0.79,0.7817,0.7895,177264.0,139143.49,0.785749
1640138400000,0.7895,0.8009,0.789,0.8,170884.0,136167.91,0.794998
1640145600000,0.8001,0.8044,0.7966,0.7986,209239.0,167704.44,0.800511
1640152800000,0.7987,0.8226,0.7979,0.8142,752316.0,610088.02,0.810665
1640160000000,0.8142,0.8233,0.8102,0.8151,373098.0,305295.31,0.816752
1640167200000,0.815,0.8308,0.8143,0.8257,424212.0,349741.86,0.822808
1640174400000,0.8265,0.8332,0.8013,0.8207,442944.0,360490.05,0.817197
1640181600000,0.8207,0.8299,0.8163,0.8286,222308.0,182885.07,0.822957
1640188800000,0.8289,0.8462,0.8268,0.8331,642503.0,536745.27,0.836565
1640196000000,0.8328,0.8434,0.83,0.8387,199505.0,167013.89,0.836748
1640203200000,0.8395,0.8548,0.8323,0.8341,486259.0,409429.7,0.843649
1640210400000,0.8341,0.8361,0.8227,0.8235,248867.0,206496.11,0.829511
1640217600000,0.8242,0.8344,0.8096,0.8336,357890.0,294143.63,0.821743
1640224800000,0.8327,0.8412,0.8214,0.8331,306750.0,255527.07,0.8313
1640232000000,0.8332,0.8401,0.8213,0.8232,287777.0,239842.01,0.83089
1640239200000,0.8223,0.8332,0.8101,0.8136,291601.0,239680.55,0.821786
1640246400000,0.8135,0.8268,0.8094,0.8258,372860.0,305504.72,0.817879
1640253600000,0.8258,0.8387,0.8258,0.8349,369629.0,307336.22,0.83252
1640260800000,0.8341,0.858,0.8341,0.8552,448917.0,380833.63,0.846389
1640268000000,0.8552,0.8605,0.8499,0.8603,201781.0,172573.09,0.855043
1640275200000,0.8604,0.8854,0.8576,0.8841,418999.0,364452.69,0.871333
1640282400000,0.885,0.8987,0.8831,0.8942,383551.0,342148.74,0.891024
1640289600000,0.8952,0.9129,0.8849,0.9078,648001.0,581805.41,0.898761
1640296800000,0.9077,0.9082,0.8749,0.8859,565616.0,501521.41,0.89092
1640304000000,0.8856,0.8873,0.8783,0.8838,328246.0,289938.49,0.882781
1640311200000,0.8841,0.8888,0.8786,0.8852,210808.0,186285.9,0.883697
1640318400000,0.8849,0.8863,0.8683,0.8739,257470.0,225323.61,0.877084
1640325600000,0.8745,0.8811,0.868,0.8785,182471.0,159835.89,0.874503
1640332800000,0.8785,0.8882,0.8779,0.8855,269909.0,238746.85,0.883187
1640340000000,0.8853,0.886,0.8694,0.8728,192159.0,169112.69,0.877477
1640347200000,0.8718,0.879,0.8682,0.877,256663.0,224260.46,0.873551
1640354400000,0.8768,0.8989,0.8496,0.8642,772590.0,673160.5,0.874312
1640361600000,0.8648,0.8721,0.8609,0.8681,255659.0,221414.09,0.866501
1640368800000,0.8677,0.8718,0.8595,0.8595,361921.0,313392.52,0.865906
1640376000000,0.8599,0.8659,0.8551,0.8603,189255.0,162855.63,0.8605
1640383200000,0.8616,0.8632,0.8416,0.8497,424813.0,361717.87,0.852133
1640390400000,0.8499,0.8616,0.8427,0.8566,255568.0,218229.61,0.852114
1640397600000,0.8578,0.862,0.8526,0.8542,122999.0,105511.82,0.857349
1640404800000,0.8536,0.8573,0.8532,0.8563,107064.0,91559.14,0.855286
1640412000000,0.856,0.8626,0.8486,0.8584,122403.0,104730.53,0.855588
1640419200000,0.8583,0.864,0.8559,0.8562,180778.0,155734.86,0.859996
1640426400000,0.8559,0.8574,0.8471,0.8527,228858.0,195043.36,0.852199
1640433600000,0.853,0.8679,0.8517,0.857,603591.0,517481.97,0.859874
1640440800000,0.8572,0.8608,0.8545,0.8566,152846.0,131031.32,0.857652
1640448000000,0.857,0.8598,0.8424,0.853,239741.0,204038.24,0.851048
1640455200000,0.8535,0.8596,0.8518,0.8589,106019.0,90742.38,0.855632
1640462400000,0.8591,0.8685,0.8561,0.8671,129022.0,111222.91,0.862207
1640469600000,0.867,0.8678,0.8605,0.8625,132000.0,114050.54,0.864087
1640476800000,0.8626,0.8744,0.8598,0.8707,330908.0,287178.52,0.867138
1640484000000,0.8707,0.8723,0.8428,0.8466,265869.0,228054.11,0.85733
1640491200000,0.8462,0.8648,0.8426,0.8509,373804.0,319396.71,0.853758
1640498400000,0.8501,0.8646,0.8498,0.8596,71889.0,61571.04,0.85747
1640505600000,0.8596,0.8732,0.8596,0.8704,213212.0,185082.09,0.866662
1640512800000,0.8697,0.8826,0.8578,0.8674,392824.0,343257.12,0.870204
1640520000000,0.8657,0.8782,0.8647,0.8782,190274.0,165737.37,0.871314
1640527200000,0.8782,0.8822,0.8748,0.8768,258372.0,227094.32,0.878509
1640534400000,0.8778,0.889,0.8774,0.8846,194693.0,171905.21,0.883388
1640541600000,0.884,0.8888,0.8809,0.8876,211351.0,187059.55,0.884798
1640548800000,0.8874,0.8889,0.8725,0.8824,163480.0,144084.6,0.8806
1640556000000,0.8829,0.8856,0.8751,0.8787,114446.0,100729.58,0.880331
1640563200000,0.8786,0.8871,0.8736,0.881,387331.0,340908.02,0.880354
1640570400000,0.881,0.8853,0.878,0.8823,197456.0,174031.32,0.88165
1640577600000,0.8819,0.898,0.8796,0.8908,323167.0,287466.21,0.888952
1640584800000,0.8903,0.8912,0.8832,0.8863,101645.0,90151.23,0.887127
1640592000000,0.8863,0.888,0.8767,0.883,186513.0,164576.93,0.8823
1640599200000,0.8835,0.8907,0.8814,0.8906,188723.0,167305.62,0.885879
1640606400000,0.8898,0.8949,0.8843,0.8933,443633.0,395121.98,0.889545
1640613600000,0.8931,0.9,0.893,0.8978,252376.0,226531.38,0.896633
1640620800000,0.8977,0.9082,0.8938,0.9048,338588.0,305623.85,0.900984
1640628000000,0.9049,0.9076,0.8965,0.8982,233710.0,210715.45,0.9021
1640635200000,0.8975,0.9043,0.8919,0.8922,137218.0,123430.42,0.898256
1640642400000,0.8919,0.8965,0.875,0.876,269392.0,237788.32,0.886035
1640649600000,0.8751,0.8764,0.8549,0.8594,312397.0,270714.74,0.865404
1640656800000,0.8595,0.8624,0.8353,0.8449,348514.0,294623.35,0.848588
1640664000000,0.8446,0.8447,0.8139,0.8316,688599.0,565279.35,0.82889
1640671200000,0.8313,0.8378,0.8269,0.8371,404970.0,337355.74,0.832209
1640678400000,0.8366,0.8411,0.8276,0.8278,179876.0,150298.8,0.834606
1640685600000,0.8286,0.8405,0.8249,0.84,235882.0,196503.32,0.832453
1640692800000,0.8391,0.8426,0.832,0.8335,118742.0,99329.36,0.837375
1640700000000,0.8341,0.8363,0.8174,0.8282,254494.0,210949.02,0.826743
1640707200000,0.8279,0.8304,0.799,0.811,511233.0,416626.38,0.814329
1640714400000,0.811,0.811,0.7949,0.8028,326370.0,262019.18,0.802676
1640721600000,0.8021,0.8118,0.7953,0.7981,176351.0,141960.83,0.803601
1640728800000,0.7983,0.8095,0.7951,0.7992,105920.0,84990.28,0.802303
1640736000000,0.7988,0.8119,0.7976,0.8041,172118.0,138607.45,0.804867
1640743200000,0.804,0.8269,0.8015,0.8087,563646.0,458261.22,0.814268
1640750400000,0.8088,0.8129,0.785,0.7874,347909.0,277843.46,0.799097
1640757600000,0.7874,0.7928,0.779,0.7847,146518.0,115168.9,0.785899
1640764800000,0.7845,0.7974,0.7798,0.7931,199350.0,157350.03,0.788587
1640772000000,0.7928,0.795,0.782,0.7912,133185.0,104946.03,0.788487
1640779200000,0.7891,0.7905,0.7583,0.7736,447840.0,345255.78,0.773973
1640786400000,0.7736,0.7949,0.7707,0.7931,567811.0,444100.74,0.782693
1640793600000,0.7934,0.8158,0.78,0.78,510608.0,407982.18,0.798307
1640800800000,0.78,0.7844,0.7694,0.7714,464989.0,361475.48,0.777007
1640808000000,0.7709,0.7834,0.7647,0.7715,270096.0,208678.44,0.774051
1640815200000,0.771,0.7785,0.7509,0.7601,603787.0,458461.23,0.764666
1640822400000,0.7593,0.764,0.7461,0.7594,360392.0,272206.83,0.75505
1640829600000,0.7579,0.7596,0.7484,0.7509,164151.0,123622.57,0.753957
1640836800000,0.7518,0.7632,0.7515,0.7616,115545.0,87762.61,0.757488
1640844000000,0.7619,0.7762,0.7589,0.7733,316247.0,243535.98,0.767544
1640851200000,0.7723,0.7782,0.7674,0.7693,168605.0,130196.43,0.772839
1640858400000,0.7694,0.7892,0.7642,0.7872,525822.0,407730.37,0.776468
1640865600000,0.7878,0.7898,0.7817,0.7817,153878.0,120920.56,0.785915
1640872800000,0.7817,0.7882,0.778,0.7825,236164.0,184875.04,0.783102
1640880000000,0.7817,0.795,0.7806,0.7938,137005.0,108116.06,0.787811
1640887200000,0.7934,0.8067,0.7873,0.8012,877737.0,698171.23,0.796987
1640894400000,0.8011,0.8016,0.7833,0.7988,384114.0,305102.12,0.79242
1640901600000,0.7981,0.8011,0.7849,0.7964,121682.0,96485.04,0.792988
1640908800000,0.795,0.8034,0.7878,0.795,290020.0,231076.46,0.7956
1640916000000,0.7929,0.803,0.7896,0.8008,163165.0,129860.28,0.796248
1640923200000,0.8013,0.8077,0.7962,0.7982,205922.0,165398.85,0.801991
1640930400000,0.7967,0.8011,0.7827,0.7946,170475.0,134786.49,0.791888
1640937600000,0.7936,0.8201,0.7907,0.8168,398937.0,323519.16,0.805437
1640944800000,0.8168,0.8258,0.8132,0.8203,295567.0,242281.83,0.819519
1640952000000,0.8208,0.8245,0.8177,0.8189,204125.0,167733.68,0.821125
1640959200000,0.8199,0.8314,0.8189,0.8264,263652.0,218122.19,0.825295
1640966400000,0.8264,0.8354,0.8014,0.8083,1028592.0,850161.85,0.81848
1640973600000,0.807,0.8081,0.7732,0.7761,409027.0,324031.55,0.790431
1640980800000,0.7759,0.8043,0.7735,0.8032,382553.0,300081.16,0.788741
1640988000000,0.8031,0.817,0.8022,0.8042,174704.0,141112.57,0.809608
1640995200000,0.804,0.8189,0.804,0.8163,185282.0,150787.3,0.811717
1641002400000,0.8173,0.8422,0.817,0.822,567540.0,470538.6,0.829687
1641009600000,0.8231,0.8403,0.8153,0.8339,211115.0,174894.37,0.827766
1641016800000,0.8336,0.8357,0.8235,0.8293,210135.0,174168.85,0.829541
1641024000000,0.8301,0.8333,0.8236,0.8333,142596.0,118144.22,0.828359
1641031200000,0.8333,0.8383,0.8169,0.8301,467444.0,387587.89,0.827577
1641038400000,0.8298,0.8479,0.8296,0.8352,278852.0,234259.41,0.838889
1641045600000,0.8359,0.842,0.83,0.8377,128304.0,107116.43,0.835995
1641052800000,0.8395,0.8622,0.8384,0.8609,375058.0,319672.81,0.850325
1641060000000,0.8607,0.8662,0.8575,0.8623,322003.0,277607.64,0.861853
1641067200000,0.8629,0.8683,0.8417,0.8483,517186.0,442806.89,0.854951
1641074400000,0.8483,0.8759,0.8451,0.8748,333338.0,285739.41,0.860262
1641081600000,0.8737,0.8744,0.8585,0.8601,193453.0,167260.36,0.866349
1641088800000,0.8596,0.8648,0.8547,0.8608,78155.0,67144.0,0.859748
1641096000000,0.8618,0.8745,0.8451,0.8647,319900.0,275461.12,0.859792
1641103200000,0.8634,0.8683,0.8587,0.8645,178862.0,154634.16,0.863499
1641110400000,0.8644,0.8867,0.8592,0.8754,419783.0,367674.64,0.873077
1641117600000,0.8748,0.8836,0.8682,0.8691,161699.0,141475.12,0.87604
1641124800000,0.8691,0.8812,0.863,0.8781,260044.0,227736.8,0.872002
1641132000000,0.8781,0.9061,0.8743,0.8887,670048.0,595607.19,0.890394
1641139200000,0.8893,0.8992,0.8855,0.8992,210432.0,187464.01,0.892065
1641146400000,0.8984,0.9001,0.8775,0.8956,291087.0,258901.9,0.888768
1641153600000,0.8952,0.9273,0.8821,0.8928,991254.0,893680.65,0.904708
1641160800000,0.8936,0.8986,0.8865,0.8876,149942.0,134019.58,0.892678
1641168000000,0.8884,0.9183,0.8862,0.9148,503001.0,453396.19,0.902382
1641175200000,0.9148,0.925,0.8984,0.9005,405235.0,370194.08,0.912015
1641182400000,0.8998,0.9223,0.8987,0.9155,373205.0,340795.06,0.910855
1641189600000,0.9148,0.9393,0.9124,0.9201,619124.0,572741.91,0.925932
1641196800000,0.9205,0.9229,0.8957,0.9132,889874.0,806414.65,0.909162
1641204000000,0.9137,0.9905,0.9128,0.9445,5310461.0,5107492.59,0.952572
1641211200000,0.9445,0.9612,0.9383,0.9441,1425053.0,1353080.32,0.94975
1641218400000,0.944,0.9516,0.9287,0.9379,845991.0,796766.09,0.940136
1641225600000,0.9393,0.948,0.9044,0.9345,1140043.0,1055386.04,0.926167
1641232800000,0.9338,0.9437,0.9282,0.9305,456460.0,427585.8,0.935994
1641240000000,0.93,0.932,0.906,0.9297,586735.0,540449.56,0.919
1641247200000,0.9292,0.9457,0.9264,0.9401,409410.0,384037.82,0.936171
1641254400000,0.9413,0.9474,0.9019,0.9037,483145.0,446892.76,0.925093
1641261600000,0.9039,0.9233,0.8945,0.9219,299720.0,272500.92,0.908467
1641268800000,0.9213,0.9351,0.9182,0.9258,248036.0,229444.31,0.926706
1641276000000,0.9261,0.9305,0.922,0.9272,140740.0,130379.19,0.926248
1641283200000,0.9281,0.9308,0.9157,0.9168,322804.0,298018.45,0.92338
1641290400000,0.9181,0.9515,0.9141,0.9461,439260.0,410365.83,0.932914
1641297600000,0.9463,0.9513,0.9295,0.9406,325324.0,305600.59,0.940347
1641304800000,0.9415,0.9467,0.9309,0.9351,248842.0,233948.8,0.938821
1641312000000,0.9345,0.9415,0.9245,0.9254,164275.0,153423.53,0.933235
1641319200000,0.9247,0.9293,0.8947,0.9039,341396.0,310019.46,0.911772
1641326400000,0.9033,0.9172,0.9028,0.9116,133989.0,122126.14,0.910231
1641333600000,0.9108,0.9108,0.8853,0.8888,343385.0,308012.79,0.89765
1641340800000,0.8892,0.9077,0.8828,0.9031,237480.0,212233.62,0.895174
1641348000000,0.9021,0.9355,0.9005,0.9148,427394.0,392331.55,0.918325
1641355200000,0.9148,0.9296,0.9147,0.9269,177033.0,163191.37,0.922407
1641362400000,0.9274,0.9311,0.9239,0.9269,331214.0,306913.7,0.9275
1641369600000,0.9288,0.9411,0.9214,0.9336,388273.0,360541.02,0.931251
1641376800000,0.934,0.9381,0.9159,0.9249,302862.0,281469.24,0.926893
1641384000000,0.9249,0.9374,0.915,0.9369,251105.0,232337.51,0.925837
1641391200000,0.9372,0.95,0.9344,0.9492,338839.0,319260.87,0.942026
1641398400000,0.95,0.9682,0.9372,0.938,558703.0,533751.61,0.953039
1641405600000,0.938,0.9658,0.8935,0.8966,981438.0,918691.39,0.930753
1641412800000,0.8969,0.9043,0.8436,0.8438,1179387.0,1027446.36,0.874802
1641420000000,0.8436,0.8479,0.7858,0.8259,1454043.0,1192533.86,0.816479
1641427200000,0.8267,0.8317,0.7953,0.7995,577864.0,472126.89,0.813565
1641434400000,0.7984,0.8098,0.7883,0.7904,512078.0,409235.34,0.799217
1641441600000,0.7888,0.8044,0.7784,0.7986,994108.0,786603.76,0.791315
1641448800000,0.7983,0.806,0.7916,0.8037,372894.0,297947.01,0.79872
1641456000000,0.8029,0.8043,0.7647,0.7688,786452.0,612950.97,0.784193
1641463200000,0.7689,0.7886,0.7688,0.7805,428814.0,334385.52,0.779075
1641470400000,0.7803,0.7979,0.7712,0.7962,392459.0,307816.44,0.78419
1641477600000,0.7938,0.8011,0.7812,0.7931,323951.0,256620.18,0.791149
1641484800000,0.7917,0.7999,0.7836,0.7947,848087.0,672409.76,0.791738
1641492000000,0.7945,0.809,0.7938,0.8057,1267212.0,1019537.31,0.801604
1641499200000,0.8058,0.8079,0.7954,0.7972,785396.0,630781.95,0.80167
1641506400000,0.7964,0.8029,0.7938,0.7988,174166.0,139056.23,0.798363
1641513600000,0.7984,0.8001,0.7813,0.7915,293085.0,231128.88,0.790552
1641520800000,0.7908,0.793,0.7351,0.7359,1129656.0,854894.17,0.764253
1641528000000,0.7361,0.7406,0.7079,0.7391,1443558.0,1051938.9,0.724222
1641535200000,0.7392,0.7432,0.7241,0.7424,509996.0,374553.07,0.733599
1641542400000,0.7428,0.7611,0.7384,0.7534,962182.0,723727.26,0.749845
1641549600000,0.7522,0.757,0.746,0.7485,168600.0,126610.42,0.751533
1641556800000,0.7489,0.7602,0.726,0.7377,825795.0,617204.24,0.743094
1641564000000,0.7384,0.7459,0.7145,0.7308,527560.0,387081.2,0.730135
1641571200000,0.7309,0.758,0.7196,0.7557,927808.0,690991.94,0.738276
1641578400000,0.7553,0.7622,0.7426,0.7551,170484.0,128083.99,0.7524
1641585600000,0.7571,0.7673,0.748,0.7621,195790.0,148484.33,0.757617
1641592800000,0.762,0.762,0.7398,0.7526,459604.0,344617.73,0.7506
1641600000000,0.7534,0.7645,0.7454,0.7567,351628.0,265452.64,0.754949
1641607200000,0.7569,0.7588,0.7404,0.7493,134817.0,100826.18,0.749444
1641614400000,0.749,0.7609,0.7478,0.7544,120768.0,91288.5,0.754468
1641621600000,0.7545,0.7581,0.748,0.7547,165154.0,124446.52,0.75305
1641628800000,0.756,0.7601,0.752,0.7584,155779.0,117801.98,0.756024
1641636000000,0.7584,0.7599,0.751,0.7567,385646.0,291004.16,0.755431
1641643200000,0.7555,0.7576,0.7454,0.7488,93956.0,70597.8,0.751447
1641650400000,0.7475,0.7503,0.724,0.7281,377985.0,277314.28,0.737048
1641657600000,0.7267,0.7321,0.6941,0.6962,500237.0,354969.48,0.713417
1641664800000,0.6962,0.7074,0.6819,0.6889,1127394.0,779490.4,0.694694
1641672000000,0.6897,0.7163,0.6856,0.7147,493409.0,346124.21,0.700702
1641679200000,0.7138,0.7265,0.7084,0.7094,336578.0,242164.57,0.717538
1641686400000,0.7093,0.7214,0.7054,0.7195,262795.0,188007.97,0.713287
1641693600000,0.7195,0.7278,0.719,0.721,169160.0,122292.94,0.723423
1641700800000,0.7208,0.7446,0.7208,0.7262,314706.0,230608.22,0.73282
1641708000000,0.7269,0.7346,0.7239,0.7262,160468.0,117165.78,0.729253
1641715200000,0.7264,0.7308,0.7126,0.7139,131318.0,94587.5,0.721907
1641722400000,0.7139,0.7316,0.7116,0.7282,128241.0,92533.45,0.721681
1641729600000,0.7288,0.7288,0.7122,0.7134,150166.0,108399.96,0.720336
1641736800000,0.7125,0.721,0.7079,0.7171,141166.0,100853.85,0.714439
1641744000000,0.7169,0.7401,0.7156,0.7358,129415.0,94624.17,0.728112
1641751200000,0.7356,0.7489,0.7318,0.7482,310079.0,229995.44,0.740107
1641758400000,0.7489,0.7502,0.7376,0.7388,217559.0,162202.54,0.74391
1641765600000,0.7381,0.7393,0.7216,0.7242,134869.0,98634.87,0.730322
1641772800000,0.7237,0.7339,0.7219,0.7275,127569.0,92717.33,0.727959
1641780000000,0.728,0.7302,0.719,0.7274,119274.0,86515.38,0.724598
1641787200000,0.7271,0.7355,0.7247,0.7312,170210.0,124647.82,0.730136
1641794400000,0.7305,0.7331,0.7269,0.7315,86881.0,63382.85,0.729993
1641801600000,0.7309,0.7318,0.7223,0.7274,264802.0,192483.89,0.726976
1641808800000,0.7269,0.7332,0.7113,0.7141,229216.0,165259.45,0.722413
1641816000000,0.7129,0.7148,0.6832,0.6852,818807.0,570356.37,0.698988
1641823200000,0.6851,0.6907,0.6516,0.6716,1668181.0,1120013.85,0.670929
1641830400000,0.6701,0.6975,0.6601,0.6729,1076387.0,731388.83,0.67881
1641837600000,0.6722,0.6808,0.6692,0.6715,307013.0,207198.6,0.675003
1641844800000,0.6713,0.6888,0.6676,0.6854,252063.0,171071.1,0.678181
1641852000000,0.6865,0.6896,0.6802,0.6884,118244.0,80977.62,0.684874
1641859200000,0.6884,0.6909,0.6787,0.6893,295906.0,202370.7,0.684794
1641866400000,0.6898,0.7046,0.6872,0.7046,161047.0,112372.99,0.695613
1641873600000,0.7045,0.7063,0.6942,0.6967,108078.0,75654.28,0.700209
1641880800000,0.6975,0.7061,0.6934,0.7047,111388.0,77839.69,0.699632
1641888000000,0.7058,0.7108,0.6937,0.695,213205.0,149805.47,0.702455
1641895200000,0.6947,0.699,0.6859,0.6936,186640.0,128967.91,0.692447
1641902400000,0.693,0.7005,0.69,0.6964,184411.0,128477.99,0.695265
1641909600000,0.6948,0.7022,0.6814,0.6954,223825.0,155030.33,0.691799
1641916800000,0.6962,0.7227,0.695,0.7149,447036.0,318134.26,0.709274
1641924000000,0.7146,0.721,0.7102,0.7155,164639.0,117847.72,0.715601
1641931200000,0.7155,0.7178,0.712,0.7151,98473.0,70379.28,0.7149
1641938400000,0.7153,0.7193,0.7115,0.7184,139326.0,99599.99,0.71534
1641945600000,0.7187,0.7293,0.7187,0.7253,232189.0,168040.25,0.724215
1641952800000,0.7254,0.7285,0.721,0.7257,225347.0,163647.23,0.72475
1641960000000,0.7267,0.7309,0.7217,0.725,231047.0,168110.43,0.726304
1641967200000,0.7266,0.7325,0.721,0.7277,116475.0,84729.78,0.726749
1641974400000,0.7275,0.7396,0.7275,0.7379,147024.0,107936.74,0.733743
1641981600000,0.739,0.7461,0.7334,0.7375,163983.0,121147.76,0.739755
1641988800000,0.7395,0.7563,0.7379,0.7552,282681.0,211687.41,0.747044
1641996000000,0.7558,0.7576,0.7421,0.7516,388913.0,292333.38,0.749778
1642003200000,0.7521,0.7576,0.7464,0.7562,185617.0,139945.72,0.751925
1642010400000,0.7572,0.7572,0.7493,0.7553,127971.0,96420.92,0.753206
1642017600000,0.7542,0.758,0.7499,0.7511,160351.0,120824.68,0.753999
1642024800000,0.7504,0.7533,0.7484,0.753,103546.0,77796.01,0.750786
1642032000000,0.7529,0.7556,0.7378,0.7411,210617.0,157284.38,0.746663
1642039200000,0.7412,0.7496,0.7376,0.7486,93661.0,69865.55,0.743463
1642046400000,0.7489,0.7691,0.7489,0.7677,482539.0,366713.99,0.759193
1642053600000,0.7677,0.7695,0.7608,0.7638,157770.0,120901.99,0.765118
1642060800000,0.7639,0.8105,0.7621,0.8037,1557107.0,1228909.11,0.786809
1642068000000,0.8038,0.8077,0.769,0.769,1240030.0,980827.61,0.788844
1642075200000,0.7699,0.7751,0.7647,0.7711,355632.0,273797.58,0.769898
1642082400000,0.7697,0.7815,0.7438,0.7573,704636.0,537556.51,0.762626
1642089600000,0.7563,0.7775,0.7454,0.7565,959437.0,732094.51,0.76145
1642096800000,0.7563,0.7626,0.7404,0.7475,439079.0,330925.97,0.751484
1642104000000,0.747,0.7485,0.7395,0.7436,176472.0,131315.5,0.743952
1642111200000,0.7446,0.7469,0.7346,0.7375,142175.0,105207.28,0.740723
1642118400000,0.7366,0.7462,0.7312,0.7433,170399.0,126026.93,0.738634
1642125600000,0.7415,0.7429,0.7325,0.7393,99380.0,73384.39,0.737669
1642132800000,0.7383,0.7454,0.734,0.7454,174229.0,129027.56,0.739469
1642140000000,0.7454,0.751,0.737,0.7394,235405.0,175590.68,0.744077
1642147200000,0.7398,0.7409,0.7244,0.7302,312579.0,228243.63,0.732433
1642154400000,0.7308,0.7328,0.7129,0.7188,327330.0,235540.96,0.722655
1642161600000,0.7184,0.7262,0.7137,0.7206,159336.0,114948.21,0.719954
1642168800000,0.7196,0.7423,0.7187,0.7368,383112.0,280771.08,0.730852
1642176000000,0.7366,0.7421,0.7318,0.7372,177947.0,131230.75,0.73695
1642183200000,0.7376,0.7441,0.7356,0.7396,74986.0,55455.45,0.739868
1642190400000,0.7402,0.7492,0.7401,0.7463,95547.0,71078.37,0.744827
1642197600000,0.748,0.7502,0.7437,0.7487,152439.0,113928.62,0.746946
1642204800000,0.7481,0.7545,0.745,0.751,166234.0,124657.42,0.749755
1642212000000,0.751,0.7522,0.7439,0.7451,112693.0,84200.83,0.74805
1642219200000,0.7444,0.7444,0.738,0.7388,119772.0,88669.46,0.741105
1642226400000,0.7389,0.7455,0.7363,0.7444,78185.0,57940.66,0.740826
1642233600000,0.7443,0.7465,0.7405,0.7463,108237.0,80425.46,0.743449
1642240800000,0.7455,0.7562,0.7435,0.7526,157277.0,117873.21,0.749918
1642248000000,0.7527,0.7586,0.74,0.7561,357332.0,268570.93,0.749257
1642255200000,0.7554,0.7685,0.755,0.7645,198521.0,151429.47,0.761981
1642262400000,0.7645,0.7656,0.7586,0.7609,133455.0,101590.01,0.762058
1642269600000,0.7605,0.7616,0.7561,0.7599,201437.0,152715.03,0.758846
1642276800000,0.7601,0.7625,0.753,0.7548,154459.0,116898.82,0.757775
1642284000000,0.7548,0.7602,0.7539,0.7587,124506.0,94257.04,0.757082
1642291200000,0.7577,0.7791,0.7488,0.7488,1092830.0,840879.89,0.764186
1642298400000,0.749,0.751,0.7387,0.7471,272838.0,203327.85,0.744831
1642305600000,0.7478,0.7483,0.7428,0.7434,139722.0,104196.61,0.74554
1642312800000,0.7428,0.7539,0.7423,0.7501,111491.0,83510.46,0.748281
1642320000000,0.7531,0.7557,0.7503,0.7554,107149.0,80694.64,0.752941
1642327200000,0.7554,0.7599,0.7457,0.7549,167006.0,126091.42,0.752799
1642334400000,0.7547,0.7587,0.742,0.7565,163575.0,122997.09,0.750335
1642341600000,0.7567,0.7625,0.7533,0.7599,200671.0,152401.08,0.757888
1642348800000,0.7604,0.7685,0.7604,0.7653,119910.0,91674.57,0.764611
1642356000000,0.7634,0.7679,0.7589,0.76,79874.0,61002.74,0.763463
1642363200000,0.7611,0.766,0.758,0.7654,93385.0,71275.78,0.761903
1642370400000,0.7636,0.7681,0.7626,0.7651,110837.0,84881.4,0.765369
1642377600000,0.7662,0.77,0.7602,0.7629,335169.0,256486.61,0.765116
1642384800000,0.7644,0.766,0.7416,0.7416,164384.0,123738.3,0.754023
1642392000000,0.7418,0.7451,0.7331,0.7398,132130.0,97691.29,0.739088
1642399200000,0.7404,0.7476,0.7397,0.7444,128241.0,95378.91,0.743736
1642406400000,0.7447,0.7516,0.7421,0.7471,118074.0,88295.3,0.746865
1642413600000,0.7468,0.7484,0.7335,0.7368,176461.0,130784.57,0.740842
1642420800000,0.7366,0.7378,0.7268,0.7328,217497.0,159482.51,0.732226
1642428000000,0.7315,0.7353,0.7214,0.7236,150836.0,110014.68,0.72842
1642435200000,0.7237,0.7267,0.7159,0.7232,194193.0,140208.52,0.721299
1642442400000,0.7224,0.7302,0.7184,0.7264,92230.0,66923.8,0.724297
1642449600000,0.7269,0.7293,0.7127,0.7158,86724.0,62637.12,0.720956
1642456800000,0.717,0.7301,0.7129,0.7266,123378.0,89412.17,0.721475
1642464000000,0.7265,0.7338,0.7241,0.7292,295645.0,215250.01,0.728972
1642471200000,0.7289,0.7289,0.7154,0.7191,71651.0,51772.41,0.721869
1642478400000,0.7185,0.7196,0.7105,0.7126,211156.0,150913.35,0.714991
1642485600000,0.7126,0.725,0.7124,0.7175,146223.0,105019.5,0.718843
1642492800000,0.7152,0.7177,0.6915,0.7007,493858.0,346983.61,0.704322
1642500000000,0.7008,0.7066,0.6986,0.7039,356060.0,250233.5,0.70261
1642507200000,0.7038,0.7058,0.6911,0.7,276564.0,193010.05,0.698391
1642514400000,0.7,0.7003,0.6908,0.6951,301451.0,209445.54,0.695408
1642521600000,0.6957,0.702,0.6934,0.6965,160289.0,111685.76,0.697703
1642528800000,0.6964,0.7124,0.6935,0.71,311834.0,218709.97,0.702913
1642536000000,0.7118,0.723,0.7044,0.722,193135.0,137932.74,0.71344
1642543200000,0.7222,0.7276,0.7175,0.72,219381.0,158386.24,0.722567
1642550400000,0.7191,0.7217,0.7138,0.7212,163434.0,117269.47,0.717707
1642557600000,0.7215,0.7217,0.6992,0.703,158510.0,112416.14,0.710084
1642564800000,0.7028,0.7066,0.6997,0.7036,137789.0,96939.17,0.70315
1642572000000,0.7036,0.7082,0.6807,0.685,200794.0,138700.84,0.694469
1642579200000,0.6847,0.6906,0.6776,0.6877,400350.0,272978.55,0.684072
1642586400000,0.6883,0.6977,0.6794,0.693,165295.0,113728.95,0.688515
1642593600000,0.6941,0.6984,0.6913,0.6949,56484.0,39237.71,0.694851
1642600800000,0.6956,0.7045,0.6892,0.6933,210051.0,146792.22,0.696864
1642608000000,0.6931,0.6992,0.6867,0.699,226842.0,157370.95,0.692767
1642615200000,0.6979,0.6993,0.6905,0.692,76315.0,53035.94,0.694894
1642622400000,0.6915,0.6932,0.6851,0.6897,97792.0,67430.43,0.689132
1642629600000,0.6893,0.6932,0.6841,0.6852,93916.0,64731.73,0.688725
1642636800000,0.685,0.69,0.679,0.6833,168411.0,115386.26,0.684502
1642644000000,0.6853,0.6909,0.6824,0.6849,632087.0,433491.09,0.686651
1642651200000,0.685,0.6891,0.6849,0.6882,127010.0,87237.1,0.687068
1642658400000,0.688,0.6953,0.688,0.6941,77498.0,53609.95,0.691777
1642665600000,0.6941,0.6965,0.6923,0.6961,74456.0,51682.02,0.694358
1642672800000,0.6955,0.7005,0.6944,0.6995,221857.0,154681.08,0.697444
1642680000000,0.6995,0.7073,0.6964,0.7055,211883.0,148617.8,0.701797
1642687200000,0.7065,0.7209,0.7062,0.7194,214996.0,153802.86,0.713693
1642694400000,0.7199,0.7226,0.7157,0.7169,122636.0,88178.18,0.719187
1642701600000,0.7169,0.7171,0.7086,0.7098,185471.0,132092.38,0.712744
1642708800000,0.7095,0.711,0.6683,0.669,489931.0,336675.12,0.689766
1642716000000,0.6686,0.6794,0.6509,0.6552,897473.0,597144.33,0.66534
1642723200000,0.655,0.6656,0.6331,0.6348,800873.0,520833.53,0.649826
1642730400000,0.6353,0.6445,0.605,0.6101,2802146.0,1752212.72,0.624982
1642737600000,0.6096,0.6195,0.6096,0.6114,996162.0,612067.65,0.614584
1642744800000,0.6113,0.6235,0.6099,0.6207,832023.0,511567.64,0.616795
1642752000000,0.621,0.6234,0.6167,0.6188,304923.0,189287.01,0.620054
1642759200000,0.6183,0.6226,0.6123,0.6168,231114.0,142711.31,0.617449
1642766400000,0.6164,0.6172,0.585,0.6063,1010473.0,605760.89,0.600842
1642773600000,0.6045,0.6164,0.6005,0.6122,415678.0,252493.71,0.608456
1642780800000,0.6122,0.6145,0.5985,0.6015,575905.0,348811.49,0.606456
1642788000000,0.6024,0.6069,0.5873,0.5873,384365.0,229424.56,0.597492
1642795200000,0.5883,0.5951,0.5417,0.5611,1554472.08,888261.73,0.567963
1642802400000,0.5613,0.5728,0.5401,0.5589,1410446.0,785935.81,0.556445
1642809600000,0.558,0.5739,0.5526,0.5714,827377.0,466517.42,0.563091
1642816800000,0.5719,0.5819,0.5615,0.5666,511836.0,292612.02,0.571742
1642824000000,0.567,0.5783,0.533,0.5372,1033606.0,576386.6,0.556081
1642831200000,0.5374,0.5645,0.5041,0.5085,2143987.0,1148453.3,0.534989
1642838400000,0.509,0.5263,0.482,0.4865,1423421.87,719767.53,0.504591
1642845600000,0.4861,0.5257,0.464,0.523,2544964.0,1264203.76,0.493897
1642852800000,0.5234,0.5439,0.5132,0.5203,2575971.0,1353105.27,0.528567
1642860000000,0.5212,0.5212,0.4984,0.5006,722433.0,367638.59,0.509518
1642867200000,0.5014,0.5242,0.492,0.504,732148.0,372560.41,0.508109
1642874400000,0.5026,0.5104,0.4922,0.5,513694.0,257285.67,0.5013
1642881600000,0.4999,0.5284,0.4965,0.523,633811.0,327492.14,0.512601
1642888800000,0.5208,0.522,0.5065,0.5192,196522.0,101339.56,0.514235
1642896000000,0.5195,0.5302,0.5153,0.5283,298159.0,156753.6,0.52264
1642903200000,0.5277,0.5326,0.5113,0.5207,297653.0,155052.84,0.521888
1642910400000,0.52,0.5372,0.5168,0.5348,325946.0,171376.08,0.526939
1642917600000,0.5349,0.5439,0.5298,0.5416,402222.0,215855.95,0.536766
1642924800000,0.5414,0.5574,0.5405,0.5527,466660.0,256359.66,0.549189
1642932000000,0.5528,0.5578,0.5472,0.5512,402782.0,222717.74,0.552503
1642939200000,0.5501,0.5552,0.5436,0.5541,283989.0,155652.14,0.549317
1642946400000,0.5548,0.5556,0.5295,0.535,463572.0,249825.31,0.542155
1642953600000,0.5361,0.5432,0.5292,0.5341,253587.0,135745.02,0.536206
1642960800000,0.5338,0.5372,0.5164,0.5209,278957.0,146391.18,0.526741
1642968000000,0.5223,0.5338,0.5188,0.5249,197654.0,104227.88,0.52632
1642975200000,0.5252,0.548,0.5213,0.544,525524.0,280936.24,0.534657
1642982400000,0.5436,0.5446,0.5301,0.5309,227362.0,122633.76,0.537374
1642989600000,0.5307,0.5312,0.5178,0.5213,195240.0,102189.9,0.52429
1642996800000,0.5216,0.5251,0.5089,0.5141,539128.0,278492.92,0.516952
1643004000000,0.5139,0.5149,0.4958,0.4969,700244.0,355420.18,0.505338
1643011200000,0.4971,0.5052,0.4766,0.4787,1118125.0,550444.84,0.491246
1643018400000,0.4791,0.4806,0.4544,0.4595,1918434.0,891557.36,0.467207
1643025600000,0.46,0.4635,0.4481,0.4558,2166754.0,987938.79,0.45576
1643032800000,0.4539,0.4828,0.4504,0.476,1079940.0,500605.22,0.466817
1643040000000,0.477,0.4873,0.4608,0.4835,510975.0,241724.28,0.473955
1643047200000,0.4839,0.4958,0.4813,0.4911,623610.0,305154.58,0.488619
1643054400000,0.49,0.51,0.4897,0.5039,653227.0,327601.99,0.500235
1643061600000,0.5037,0.5065,0.4984,0.5036,151729.0,76249.12,0.50245
1643068800000,0.5048,0.5054,0.4927,0.4957,381858.0,189873.09,0.498873
1643076000000,0.4958,0.5023,0.4928,0.5009,324912.0,161507.54,0.497488
1643083200000,0.5017,0.5021,0.4893,0.4949,252962.0,124938.17,0.495503
1643090400000,0.4953,0.506,0.4893,0.4945,489008.0,242932.41,0.497652
1643097600000,0.4957,0.5065,0.4951,0.5041,299303.0,149744.79,0.500941
1643104800000,0.5045,0.5126,0.5004,0.5023,230271.0,116230.74,0.506525
1643112000000,0.5031,0.5228,0.4998,0.508,1263768.0,647022.7,0.511366
1643119200000,0.5079,0.519,0.4985,0.5106,346947.0,176958.13,0.508748
1643126400000,0.5113,0.5216,0.5098,0.5188,310414.0,160236.17,0.515773
1643133600000,0.5186,0.5297,0.5168,0.5263,266533.0,140142.23,0.523328
1643140800000,0.5244,0.5244,0.5113,0.5139,219283.0,113556.69,0.517601
1643148000000,0.5146,0.525,0.5121,0.5196,154200.0,79890.35,0.518607
1643155200000,0.5201,0.5251,0.5152,0.5243,276588.0,143816.33,0.520053
1643162400000,0.5243,0.5304,0.521,0.5298,244598.0,128947.34,0.525574
1643169600000,0.5303,0.5393,0.5301,0.5338,442847.0,237126.8,0.534799
1643176800000,0.5338,0.5349,0.5242,0.5298,207041.0,109672.26,0.529469
1643184000000,0.5301,0.5413,0.5296,0.5364,240333.0,129084.22,0.535622
1643191200000,0.5357,0.5484,0.5339,0.5476,525327.0,285338.9,0.541049
1643198400000,0.5475,0.5546,0.5394,0.551,938678.0,511574.6,0.54697
1643205600000,0.5498,0.5684,0.5485,0.5526,628159.0,348772.23,0.558486
1643212800000,0.5522,0.5558,0.5466,0.5473,227583.0,125666.83,0.551311
1643220000000,0.5468,0.5765,0.5369,0.5515,938834.0,523116.2,0.556727
1643227200000,0.5501,0.5602,0.5225,0.5228,807660.0,436382.02,0.542089
1643234400000,0.5227,0.5339,0.5225,0.5302,202456.0,107089.25,0.528412
1643241600000,0.5302,0.5371,0.5125,0.5132,579259.0,305085.48,0.52522
1643248800000,0.5132,0.5158,0.5045,0.5101,245413.0,125151.98,0.510121
1643256000000,0.5097,0.5166,0.5059,0.5143,182588.0,93380.41,0.511214
1643263200000,0.5134,0.5235,0.513,0.5224,141849.0,73501.05,0.518329
1643270400000,0.5219,0.5357,0.5189,0.5339,270988.0,142989.25,0.527212
1643277600000,0.5324,0.5372,0.5311,0.5353,213926.0,114455.45,0.534168
1643284800000,0.5352,0.54,0.5298,0.54,367464.0,196259.61,0.534742
1643292000000,0.5392,0.58,0.5372,0.5389,21067119.0,11624547.48,0.5586
1643299200000,0.5389,0.5445,0.5309,0.5356,1039238.0,558483.83,0.537707
1643306400000,0.5361,0.5368,0.5182,0.5223,605430.0,319073.22,0.527229
1643313600000,0.5233,0.5296,0.5034,0.51,654920.0,334471.63,0.51649
1643320800000,0.51,0.53,0.5002,0.53,557401.0,285724.04,0.514478
1643328000000,0.5301,0.5329,0.5156,0.5211,216487.0,113778.17,0.524152
1643335200000,0.52,0.5342,0.514,0.531,241933.0,127566.33,0.523988
1643342400000,0.5309,0.5335,0.5248,0.5298,218025.0,115302.46,0.529145
1643349600000,0.5283,0.5353,0.5223,0.5224,220866.0,116596.9,0.528987
1643356800000,0.5228,0.5268,0.5177,0.5199,153943.0,80294.04,0.522273
1643364000000,0.5195,0.5224,0.5111,0.5159,250753.0,129423.73,0.516725
1643371200000,0.516,0.5263,0.5086,0.5248,422927.0,218244.44,0.517256
1643378400000,0.5257,0.5366,0.5183,0.536,751468.0,398833.82,0.527158
1643385600000,0.5363,0.5392,0.5251,0.5251,295323.0,158071.68,0.532422
1643392800000,0.5265,0.5337,0.5252,0.531,290591.0,153602.03,0.529503
1643400000000,0.5325,0.5468,0.5303,0.5433,346817.0,187602.8,0.538628
1643407200000,0.543,0.5483,0.5414,0.5443,155960.0,85074.13,0.544861
1643414400000,0.5442,0.5539,0.5419,0.5451,222558.0,121997.9,0.547905
1643421600000,0.5452,0.555,0.5452,0.5539,210015.0,115454.11,0.550235
1643428800000,0.5542,0.5576,0.5529,0.5542,205573.0,114129.59,0.55525
1643436000000,0.5537,0.5594,0.5525,0.558,77522.0,43108.73,0.555961
1643443200000,0.5596,0.5597,0.5505,0.5554,272035.0,150943.88,0.554968
1643450400000,0.5557,0.5596,0.5543,0.5583,168191.0,93579.67,0.556947
1643457600000,0.5582,0.5688,0.5542,0.5662,352584.0,198212.41,0.561443
1643464800000,0.5666,0.567,0.5502,0.5557,486460.0,271308.23,0.5583
1643472000000,0.5555,0.5643,0.5517,0.5585,121155.0,67542.6,0.558014
1643479200000,0.5585,0.5652,0.5568,0.5618,158325.0,88794.06,0.561034
1643486400000,0.5615,0.5715,0.5603,0.5674,366604.0,207963.38,0.566008
1643493600000,0.5679,0.5679,0.5587,0.5655,113464.0,63955.05,0.563241
1643500800000,0.5656,0.5686,0.5554,0.5584,163464.0,91802.88,0.562
1643508000000,0.5581,0.5608,0.5526,0.5583,479270.0,266139.8,0.5567
1643515200000,0.5583,0.568,0.5574,0.5664,100422.0,56433.0,0.56276
1643522400000,0.5669,0.576,0.5666,0.5752,403963.0,230728.46,0.571361
1643529600000,0.5753,0.5786,0.5614,0.5626,601847.0,341649.47,0.570166
1643536800000,0.5626,0.5752,0.5622,0.574,281508.0,160613.52,0.568795
1643544000000,0.5735,0.5774,0.564,0.5653,160286.0,91306.23,0.570834
1643551200000,0.5653,0.567,0.5548,0.5554,277886.0,155139.98,0.561008
1643558400000,0.5561,0.5583,0.5477,0.555,163440.0,90318.08,0.552993
1643565600000,0.5554,0.5563,0.5377,0.5433,461696.0,251468.4,0.546722
1643572800000,0.543,0.5488,0.5387,0.5455,145107.0,79044.49,0.543742
1643580000000,0.5462,0.5598,0.5432,0.554,144298.0,79609.83,0.551582
1643587200000,0.5532,0.5547,0.5321,0.5327,336035.0,181786.2,0.543517
1643594400000,0.5332,0.5341,0.5232,0.5332,539159.0,285299.08,0.52865
1643601600000,0.533,0.533,0.5254,0.5316,115595.0,61252.29,0.529173
1643608800000,0.5311,0.5337,0.5278,0.5331,93496.0,49650.4,0.53071
1643616000000,0.5336,0.5366,0.5326,0.5366,97513.0,52118.96,0.534518
1643623200000,0.5363,0.5386,0.5286,0.5355,135744.0,72497.24,0.533596
1643630400000,0.5353,0.5373,0.5277,0.5365,156892.0,83329.82,0.532487
1643637600000,0.5361,0.5509,0.5344,0.5485,274556.0,149056.82,0.542708
1643644800000,0.5491,0.5614,0.5471,0.5578,578929.0,321960.28,0.554332
1643652000000,0.5578,0.562,0.5545,0.5581,154230.0,86085.85,0.55825
1643659200000,0.5578,0.5628,0.5559,0.5617,125161.0,70135.56,0.559315
1643666400000,0.5618,0.5686,0.5618,0.5669,203109.0,114672.48,0.565339
1643673600000,0.5669,0.5739,0.5647,0.5735,366515.0,208643.41,0.569167
1643680800000,0.5735,0.586,0.5725,0.5847,325867.0,188259.08,0.579281
1643688000000,0.5856,0.5875,0.5789,0.5789,322428.0,188224.93,0.58337
1643695200000,0.5787,0.5855,0.575,0.5845,225900.0,131165.04,0.580139
1643702400000,0.584,0.593,0.5746,0.5765,327058.0,191276.23,0.583954
1643709600000,0.5768,0.5889,0.5749,0.5878,318107.0,185096.91,0.581827
1643716800000,0.5884,0.5964,0.5824,0.591,918633.0,543198.44,0.589397
1643724000000,0.5913,0.5957,0.5815,0.5885,508875.0,298783.25,0.588587
1643731200000,0.5889,0.599,0.5861,0.591,425639.0,252151.86,0.592567
1643738400000,0.5913,0.5982,0.5867,0.5877,715379.0,423259.38,0.592524
1643745600000,0.587,0.5894,0.5835,0.5877,146040.0,85661.44,0.586447
1643752800000,0.5877,0.5892,0.5809,0.5811,98004.0,57256.97,0.585172
1643760000000,0.5816,0.5838,0.5773,0.579,215547.0,125177.37,0.58056
1643767200000,0.5796,0.5814,0.5762,0.5769,66454.0,38505.69,0.57884
1643774400000,0.576,0.5774,0.5746,0.5764,39862.0,22959.51,0.575999
1643781600000,0.5762,0.5815,0.573,0.5802,153241.0,88529.11,0.577194
1643788800000,0.5804,0.5969,0.5799,0.5929,1114932.0,656365.94,0.588674
1643796000000,0.5925,0.593,0.5887,0.592,184322.0,108820.78,0.590845
1643803200000,0.5911,0.5995,0.5905,0.5905,169878.0,101278.58,0.595005
1643810400000,0.591,0.594,0.5689,0.5696,1385480.0,800948.07,0.581705
1643817600000,0.5688,0.5792,0.5601,0.5769,594350.0,337515.9,0.569499
1643824800000,0.5767,0.5922,0.5747,0.5899,470898.0,275502.28,0.583475
1643832000000,0.5897,0.5935,0.5635,0.5741,730835.0,426661.3,0.578253
1643839200000,0.5723,0.5804,0.5703,0.5723,450159.0,259688.9,0.57535
1643846400000,0.5715,0.5869,0.5686,0.5767,390046.0,225214.91,0.577825
1643853600000,0.5759,0.5786,0.5701,0.5721,317443.0,182026.48,0.574368
1643860800000,0.5723,0.5769,0.5701,0.5764,105584.0,60509.49,0.573415
1643868000000,0.5764,0.5887,0.5736,0.5859,692230.0,403462.97,0.58115
1643875200000,0.5859,0.5953,0.5765,0.5784,681993.0,400901.37,0.586055
1643882400000,0.5783,0.5947,0.5745,0.5944,539356.0,315588.41,0.58427
1643889600000,0.594,0.6199,0.5799,0.5839,2371583.0,1428701.61,0.600077
1643896800000,0.5833,0.602,0.5793,0.602,446710.0,262230.24,0.590241
1643904000000,0.6021,0.6089,0.5926,0.6083,559845.0,335801.65,0.600583
1643911200000,0.6073,0.6088,0.5944,0.5976,426005.0,256322.83,0.601491
1643918400000,0.5984,0.6117,0.5944,0.6043,411766.0,249186.1,0.603101
1643925600000,0.605,0.612,0.6007,0.612,162519.0,98378.68,0.606122
1643932800000,0.612,0.6152,0.6064,0.6068,324268.0,198235.66,0.610934
1643940000000,0.607,0.6102,0.6041,0.6064,116744.0,70835.71,0.607151
1643947200000,0.6061,0.6097,0.5997,0.6051,150175.0,90826.99,0.604698
1643954400000,0.6055,0.6111,0.6016,0.6058,306130.0,185758.18,0.60635
1643961600000,0.6055,0.612,0.6055,0.612,213502.0,130163.93,0.60875
1643968800000,0.611,0.6133,0.6019,0.6035,381766.0,231459.57,0.607642
1643976000000,0.6038,0.6107,0.5945,0.5966,490616.0,295787.67,0.602725
1643983200000,0.597,0.6224,0.5945,0.618,742304.0,451749.5,0.608607
1643990400000,0.6179,0.6341,0.6169,0.6282,585816.0,366674.2,0.625741
1643997600000,0.6283,0.6346,0.6252,0.6333,197441.0,124401.72,0.629831
1644004800000,0.6331,0.6392,0.6293,0.6381,343709.0,218131.56,0.634158
1644012000000,0.6378,0.6478,0.6362,0.6462,200623.0,128470.5,0.642
1644019200000,0.6466,0.6523,0.637,0.6427,347350.0,223673.07,0.64465
1644026400000,0.6422,0.6555,0.641,0.6549,272828.0,177413.19,0.648179
1644033600000,0.6552,0.6745,0.6537,0.6699,416626.0,276341.47,0.664321
1644040800000,0.6698,0.6734,0.6568,0.6573,330203.0,219493.1,0.665356
1644048000000,0.6572,0.6629,0.6525,0.6599,290095.0,190845.87,0.657685
1644055200000,0.6595,0.665,0.6582,0.6606,160552.0,106180.04,0.66161
1644062400000,0.6606,0.6639,0.6576,0.662,301193.0,199154.43,0.660743
1644069600000,0.6613,0.665,0.6531,0.6597,322010.0,212355.96,0.659043
1644076800000,0.6596,0.6608,0.6323,0.6467,331878.0,214268.98,0.646194
1644084000000,0.6454,0.656,0.6448,0.6549,213552.0,139276.1,0.650455
1644091200000,0.6552,0.6647,0.6501,0.6585,343046.0,225996.82,0.657407
1644098400000,0.659,0.6611,0.6519,0.6526,135923.0,89189.56,0.656596
1644105600000,0.6521,0.6655,0.6511,0.6654,182264.0,120129.31,0.658178
1644112800000,0.6644,0.6654,0.6542,0.6546,116060.0,76514.44,0.659871
1644120000000,0.6542,0.6551,0.6409,0.6515,216419.0,140035.18,0.647956
1644127200000,0.6515,0.6522,0.6412,0.6474,144258.0,93226.36,0.646601
1644134400000,0.6477,0.6516,0.6457,0.6513,151839.0,98501.0,0.648563
1644141600000,0.6511,0.6523,0.641,0.6436,137846.0,89041.96,0.646563
1644148800000,0.6442,0.6477,0.6411,0.6442,199498.0,128549.09,0.6444
1644156000000,0.6443,0.6514,0.6259,0.6351,493152.0,313953.9,0.638615
1644163200000,0.6353,0.6459,0.6326,0.6423,140226.0,89947.9,0.639283
1644170400000,0.6432,0.6438,0.6366,0.6423,90716.0,58048.58,0.64019
1644177600000,0.6426,0.6457,0.6381,0.6434,84195.0,54102.41,0.641897
1644184800000,0.6428,0.66,0.6379,0.6594,312780.0,203337.15,0.648597
1644192000000,0.6601,0.6612,0.6428,0.6489,407652.0,264207.25,0.651745
1644199200000,0.6492,0.6676,0.6488,0.6669,247556.0,162668.28,0.658243
1644206400000,0.6667,0.6686,0.6618,0.6655,227245.0,151105.62,0.665193
1644213600000,0.6649,0.6659,0.6583,0.6606,192484.0,127465.37,0.662043
1644220800000,0.6606,0.6638,0.6505,0.6582,287582.0,189276.26,0.657132
1644228000000,0.6583,0.6687,0.6572,0.6676,245026.0,162685.69,0.66295
1644235200000,0.6679,0.6799,0.6614,0.6784,562938.0,378920.74,0.670431
1644242400000,0.6784,0.7,0.6758,0.6815,3896604.0,2685226.06,0.687933
1644249600000,0.6812,0.6835,0.6693,0.6795,482586.0,326157.82,0.676386
1644256800000,0.6792,0.6823,0.6694,0.6798,412746.0,279628.75,0.675848
1644264000000,0.6797,0.6822,0.6721,0.677,410784.0,277772.34,0.677128
1644271200000,0.6769,0.6824,0.6744,0.6794,277170.0,187849.69,0.678406
1644278400000,0.6795,0.6923,0.669,0.6906,643714.0,439020.62,0.680385
1644285600000,0.6907,0.6949,0.6883,0.6933,348029.0,240758.4,0.691584
1644292800000,0.6931,0.696,0.6884,0.6955,349771.0,242021.19,0.692146
1644300000000,0.6953,0.7037,0.6796,0.6848,692909.0,478988.65,0.69173
1644307200000,0.6851,0.6867,0.6521,0.6559,865081.0,573438.25,0.669162
1644314400000,0.6566,0.6661,0.6522,0.6652,411376.0,270793.56,0.658965
1644321600000,0.6647,0.6666,0.6489,0.6661,643236.0,423425.08,0.657738
1644328800000,0.6657,0.6687,0.6461,0.6573,741928.0,485832.64,0.657253
1644336000000,0.6579,0.6602,0.6461,0.652,326522.0,212897.21,0.653068
1644343200000,0.652,0.662,0.6516,0.66,279765.0,184124.36,0.656939
1644350400000,0.6587,0.6765,0.6578,0.6727,388842.0,260267.7,0.667386
1644357600000,0.6729,0.6888,0.6701,0.6814,357445.0,243094.32,0.679575
1644364800000,0.6819,0.6905,0.6774,0.6862,521194.0,356733.47,0.683947
1644372000000,0.6865,0.6866,0.6697,0.6733,428308.0,289663.99,0.677835
1644379200000,0.6733,0.6769,0.664,0.6738,217005.0,145646.86,0.670449
1644386400000,0.6739,0.6805,0.672,0.6787,145870.0,98576.16,0.676246
1644393600000,0.6791,0.6806,0.6697,0.6728,148437.0,99963.48,0.675077
1644400800000,0.6733,0.6866,0.6729,0.6854,184326.0,125524.69,0.679847
1644408000000,0.6855,0.6999,0.6841,0.6935,414949.0,287929.68,0.692171
1644415200000,0.6938,0.7097,0.6921,0.7056,630510.0,443518.12,0.701052
1644422400000,0.7056,0.712,0.7037,0.7094,415938.0,294481.24,0.707869
1644429600000,0.7091,0.7106,0.7037,0.7091,248896.0,176038.6,0.70715
1644436800000,0.7094,0.7134,0.7042,0.7053,301871.0,214436.46,0.708876
1644444000000,0.705,0.7086,0.7037,0.7068,248899.0,175603.6,0.706159
1644451200000,0.706,0.7258,0.7037,0.7122,1249472.0,891084.26,0.714863
1644458400000,0.7117,0.7184,0.7031,0.7032,533075.0,375951.17,0.711026
1644465600000,0.7034,0.7084,0.7031,0.7057,336929.0,237217.3,0.705809
1644472800000,0.7057,0.7099,0.6988,0.6999,621070.0,436272.15,0.704464
1644480000000,0.6996,0.7095,0.6989,0.7094,303919.0,213954.33,0.704118
1644487200000,0.7089,0.7137,0.7061,0.7089,395388.0,280701.39,0.7099
1644494400000,0.7087,0.7119,0.6731,0.6759,641418.0,443186.11,0.692544
1644501600000,0.6743,0.7014,0.6622,0.6921,671892.0,459035.44,0.681724
1644508800000,0.6918,0.7177,0.6888,0.7105,613604.0,432108.78,0.703496
1644516000000,0.7103,0.7124,0.6835,0.6872,355328.0,246607.39,0.697798
1644523200000,0.6874,0.6913,0.6749,0.683,307703.0,210178.95,0.683062
1644530400000,0.6826,0.694,0.676,0.676,236760.0,162063.85,0.685198
1644537600000,0.6771,0.6782,0.652,0.6606,904143.0,601863.53,0.664687
1644544800000,0.6603,0.6611,0.6541,0.6559,232644.0,152873.39,0.657545
1644552000000,0.6555,0.6597,0.6539,0.6539,311832.0,204715.84,0.656841
1644559200000,0.6537,0.6673,0.6531,0.6673,149485.0,98833.96,0.660111
1644566400000,0.665,0.6672,0.6548,0.6642,183051.0,121299.41,0.660996
1644573600000,0.6643,0.6682,0.6592,0.6628,196994.0,130830.7,0.663701
1644580800000,0.6625,0.6756,0.6617,0.6739,183970.0,123116.57,0.668741
1644588000000,0.6743,0.6817,0.6714,0.6737,449594.0,304129.58,0.676552
1644595200000,0.674,0.675,0.661,0.6627,125581.0,83877.35,0.667932
1644602400000,0.6632,0.6661,0.6342,0.6357,413286.0,266348.4,0.65031
1644609600000,0.6352,0.6356,0.6187,0.6241,397565.0,248893.21,0.626848
1644616800000,0.6246,0.6259,0.6029,0.6169,414368.0,253818.25,0.614217
1644624000000,0.6164,0.619,0.6069,0.6184,309997.0,189883.6,0.612919
1644631200000,0.619,0.6254,0.6178,0.6211,128855.0,80221.31,0.62163
1644638400000,0.6205,0.6249,0.6186,0.6193,44771.0,27859.57,0.621767
1644645600000,0.6188,0.6188,0.5977,0.6085,291081.0,176503.37,0.607908
1644652800000,0.608,0.6175,0.608,0.6171,155437.0,95543.48,0.61281
1644660000000,0.6163,0.6163,0.6025,0.6136,173232.0,105574.48,0.609346
1644667200000,0.6132,0.6145,0.6065,0.607,106738.0,65036.13,0.610571
1644674400000,0.6076,0.6108,0.5995,0.6092,196297.0,118736.31,0.605134
1644681600000,0.6097,0.6256,0.6059,0.6253,179887.0,111300.17,0.615425
1644688800000,0.6254,0.632,0.6229,0.6229,153413.0,96440.02,0.627513
1644696000000,0.6238,0.6268,0.6071,0.6092,92074.0,56855.19,0.617022
1644703200000,0.6101,0.6209,0.6101,0.6183,195419.0,120591.15,0.615719
1644710400000,0.6186,0.6214,0.6104,0.615,117371.0,72312.5,0.615875
1644717600000,0.6157,0.619,0.6128,0.6172,40880.0,25192.1,0.615892
1644724800000,0.6176,0.6194,0.6116,0.6144,34524.0,21226.11,0.615478
1644732000000,0.6141,0.6212,0.6141,0.62,41114.0,25438.81,0.617775
1644739200000,0.6185,0.6267,0.6177,0.6205,90088.0,56150.79,0.622234
1644746400000,0.62,0.6268,0.6177,0.6248,95979.0,59741.04,0.622239
1644753600000,0.6248,0.6298,0.6223,0.6236,267581.0,167780.24,0.626062
1644760800000,0.6234,0.6274,0.6133,0.6144,193821.0,119935.92,0.620514
1644768000000,0.6147,0.6177,0.6026,0.6062,233690.0,142961.91,0.610124
1644775200000,0.6063,0.6096,0.5916,0.5969,265260.0,158941.27,0.600527
1644782400000,0.5968,0.6165,0.5956,0.6112,364150.0,222265.87,0.606326
1644789600000,0.6117,0.6163,0.608,0.6096,208626.0,127669.92,0.612174
1644796800000,0.6097,0.6116,0.5882,0.5898,187446.0,112211.74,0.599933
1644804000000,0.5881,0.5909,0.5835,0.5908,157745.0,92727.49,0.587123
1644811200000,0.5899,0.5932,0.5843,0.5843,142297.0,83925.27,0.588931
1644818400000,0.584,0.595,0.5835,0.595,143848.0,84843.42,0.589176
1644825600000,0.5952,0.5966,0.5848,0.5854,111181.0,65548.47,0.590783
1644832800000,0.585,0.5881,0.582,0.5841,193659.0,113236.22,0.585053
1644840000000,0.5839,0.5984,0.578,0.5971,351186.0,206297.94,0.587931
1644847200000,0.5979,0.6034,0.5939,0.5959,149355.0,89497.56,0.59867
1644854400000,0.5966,0.6021,0.5937,0.5943,131416.0,78637.1,0.597947
1644861600000,0.5954,0.5972,0.5751,0.5789,291984.0,170349.82,0.585988
1644868800000,0.579,0.5888,0.5755,0.5887,109021.0,63526.64,0.581889
1644876000000,0.5886,0.5971,0.5886,0.594,126106.0,74948.44,0.593024
1644883200000,0.5939,0.6101,0.5905,0.6076,408698.0,244642.13,0.600237
1644890400000,0.6084,0.6118,0.6066,0.6098,159155.0,97082.62,0.609202
1644897600000,0.61,0.6119,0.6077,0.61,118865.0,72498.27,0.6098
1644904800000,0.6097,0.6138,0.6071,0.6134,114564.0,69936.96,0.610359
1644912000000,0.6138,0.6286,0.6123,0.6222,1110211.0,688187.85,0.620624
1644919200000,0.6225,0.6269,0.6197,0.6207,306583.0,191170.03,0.623327
1644926400000,0.6204,0.6233,0.6154,0.6189,90636.0,56137.22,0.619347
1644933600000,0.6193,0.6533,0.6187,0.6461,2340650.0,1488304.77,0.636582
1644940800000,0.6457,0.6501,0.6325,0.6335,1042193.0,668135.28,0.641532
1644948000000,0.6333,0.6483,0.6259,0.6295,1089115.0,694503.91,0.637141
1644955200000,0.6294,0.6346,0.629,0.6317,171430.0,108254.33,0.631855
1644962400000,0.6322,0.6442,0.6311,0.6407,127111.0,80915.15,0.637791
1644969600000,0.6417,0.6428,0.6351,0.6359,154092.0,98258.71,0.638975
1644976800000,0.6352,0.6396,0.6323,0.6376,184040.0,117052.03,0.635938
1644984000000,0.6373,0.6436,0.63,0.643,152181.0,96901.01,0.636646
1644991200000,0.6434,0.6652,0.6431,0.6634,663170.0,435575.48,0.654343
1644998400000,0.6633,0.6948,0.6633,0.6828,2931392.0,2004238.13,0.679686
1645005600000,0.6833,0.6932,0.678,0.6811,1550505.0,1062722.69,0.685618
1645012800000,0.6812,0.6884,0.6651,0.6705,937199.0,636904.06,0.6768
1645020000000,0.6702,0.6727,0.658,0.664,648402.0,431504.64,0.665269
1645027200000,0.6636,0.6887,0.66,0.6764,560690.0,378209.29,0.674578
1645034400000,0.6766,0.6938,0.6707,0.6856,454769.0,310752.83,0.682295
1645041600000,0.6859,0.6898,0.6807,0.6835,333176.0,228199.55,0.68526
1645048800000,0.6832,0.6883,0.6744,0.6774,269082.0,183678.26,0.681398
1645056000000,0.6774,0.6785,0.6689,0.6689,206096.0,138816.79,0.673834
1645063200000,0.6689,0.6698,0.6598,0.6598,284230.0,189025.45,0.664917
1645070400000,0.66,0.66,0.6462,0.6504,264237.0,172270.87,0.652811
1645077600000,0.649,0.656,0.6482,0.6545,145081.0,94761.5,0.65215
1645084800000,0.6548,0.658,0.6376,0.6448,286053.0,184754.87,0.647672
1645092000000,0.6442,0.6494,0.6415,0.6486,121783.0,78672.66,0.64537
1645099200000,0.6486,0.6516,0.6351,0.6368,292269.0,187624.0,0.643445
1645106400000,0.6365,0.642,0.6293,0.635,285677.0,181383.47,0.63565
1645113600000,0.6347,0.6371,0.6288,0.6315,200183.0,126906.2,0.632944
1645120800000,0.6301,0.6342,0.6126,0.6212,478329.0,296729.9,0.6233
1645128000000,0.621,0.623,0.6079,0.6214,348437.0,214610.64,0.615449
1645135200000,0.6214,0.6246,0.6182,0.6219,166860.0,103707.43,0.6214
1645142400000,0.6207,0.6366,0.6177,0.6365,289518.0,182043.86,0.626843
1645149600000,0.6367,0.6383,0.6226,0.6241,295047.0,185754.13,0.63046
1645156800000,0.6242,0.6356,0.6216,0.6339,557454.0,349883.0,0.628539
1645164000000,0.6337,0.6354,0.6133,0.6182,2201040.0,1370189.56,0.624126
1645171200000,0.6182,0.6253,0.6169,0.6218,327124.0,203106.56,0.621153
1645178400000,0.6218,0.6218,0.6073,0.6088,274054.0,168295.63,0.614361
1645185600000,0.6089,0.6164,0.6077,0.6123,189199.0,115759.65,0.612108
1645192800000,0.6136,0.6141,0.5912,0.6,1077250.0,648470.83,0.602249
1645200000000,0.5994,0.6061,0.5924,0.5956,523624.0,313608.82,0.599284
1645207200000,0.5959,0.6009,0.5895,0.597,465000.0,277464.73,0.595197
1645214400000,0.5967,0.5985,0.5898,0.5923,255001.0,151266.89,0.594126
1645221600000,0.5921,0.5985,0.587,0.5949,228312.0,134953.29,0.592739
1645228800000,0.5946,0.6063,0.5941,0.6007,383818.0,230372.28,0.60037
1645236000000,0.6007,0.6019,0.5941,0.5942,168106.0,100610.11,0.598116
1645243200000,0.5946,0.6024,0.5897,0.5933,854851.0,508511.64,0.596056
1645250400000,0.5936,0.5961,0.5889,0.59,267329.0,158383.97,0.592547
1645257600000,0.5897,0.5911,0.5817,0.5838,337398.0,197846.23,0.586362
1645264800000,0.5837,0.5844,0.5654,0.5669,422223.0,242437.83,0.574803
1645272000000,0.5671,0.5769,0.5612,0.576,522308.0,296170.24,0.568832
1645279200000,0.5752,0.5777,0.57,0.5776,206563.0,118517.66,0.573787
1645286400000,0.5773,0.5979,0.5757,0.5891,1348060.0,792472.59,0.587074
1645293600000,0.5891,0.5964,0.5865,0.5886,571449.0,337712.24,0.591452
1645300800000,0.5887,0.5937,0.586,0.5895,140878.0,83140.24,0.589852
1645308000000,0.5893,0.5945,0.5872,0.5945,179462.0,106158.91,0.590697
1645315200000,0.5945,0.5948,0.5853,0.592,228382.0,134635.23,0.589994
1645322400000,0.5923,0.595,0.586,0.5893,210155.0,124046.11,0.590491
1645329600000,0.5891,0.5899,0.5763,0.5764,797748.0,465063.31,0.583198
1645336800000,0.5764,0.5766,0.5673,0.5726,518092.0,296008.46,0.571839
1645344000000,0.5723,0.5726,0.555,0.5632,498758.0,280279.0,0.563517
1645351200000,0.564,0.5675,0.56,0.5651,175863.0,99130.28,0.563746
1645358400000,0.5656,0.572,0.5582,0.5585,198729.0,112274.96,0.565316
1645365600000,0.5589,0.5637,0.5495,0.5616,334040.0,185715.36,0.556567
1645372800000,0.5611,0.5688,0.5579,0.5666,244323.0,137767.13,0.563316
1645380000000,0.5663,0.5711,0.5657,0.5684,147679.0,84038.39,0.568441
1645387200000,0.5684,0.5694,0.5617,0.5646,139605.0,78952.54,0.565488
1645394400000,0.565,0.579,0.565,0.5711,293154.0,168217.52,0.572197
1645401600000,0.5711,0.5911,0.568,0.5791,2299898.0,1334029.48,0.579688
1645408800000,0.5795,0.5805,0.5755,0.5764,124229.0,71780.54,0.578005
1645416000000,0.5765,0.5893,0.5762,0.584,550470.0,320886.4,0.582973
1645423200000,0.5835,0.5877,0.5815,0.5871,171096.0,99988.42,0.584536
1645430400000,0.5876,0.5891,0.58,0.5813,155139.0,90692.15,0.584564
1645437600000,0.581,0.5831,0.557,0.5612,494328.0,280839.14,0.569874
1645444800000,0.5613,0.5654,0.5447,0.5482,476660.0,262972.64,0.555083
1645452000000,0.5482,0.5817,0.5455,0.5741,631054.0,359635.89,0.56396
1645459200000,0.5744,0.577,0.5553,0.5565,973497.0,548780.62,0.566293
1645466400000,0.5565,0.5585,0.5423,0.5493,953032.0,521667.2,0.55027
1645473600000,0.5485,0.5546,0.5307,0.5323,469681.0,255602.42,0.542942
1645480800000,0.5317,0.5398,0.5161,0.5187,934305.0,494414.15,0.528174
1645488000000,0.5186,0.5257,0.5146,0.5198,265077.0,137905.5,0.520153
1645495200000,0.5196,0.5204,0.5006,0.502,589537.0,299958.22,0.510426
1645502400000,0.5025,0.5142,0.5007,0.5058,238770.0,120860.74,0.5075
1645509600000,0.5058,0.5151,0.5055,0.5099,453691.0,231594.37,0.510417
1645516800000,0.5101,0.5238,0.5098,0.5198,491525.0,254962.55,0.517052
1645524000000,0.5199,0.5394,0.5171,0.5238,1604814.0,848425.68,0.528299
1645531200000,0.5233,0.5297,0.519,0.5283,226994.0,118857.48,0.524266
1645538400000,0.5282,0.5366,0.5213,0.5307,355703.0,188439.44,0.528947
1645545600000,0.5308,0.5324,0.5215,0.5245,173787.0,91437.3,0.526886
1645552800000,0.5242,0.5339,0.5222,0.5331,223211.0,117991.37,0.527949
1645560000000,0.5336,0.5348,0.5265,0.5322,146315.0,77734.51,0.530634
1645567200000,0.5317,0.5457,0.5304,0.543,197998.0,106912.32,0.538161
1645574400000,0.5428,0.5472,0.5348,0.5364,183367.0,99440.38,0.5411
1645581600000,0.5365,0.5438,0.5337,0.5379,168564.0,90672.3,0.538757
1645588800000,0.5377,0.548,0.5377,0.545,190429.0,103650.12,0.543065
1645596000000,0.5453,0.5534,0.5453,0.5531,196237.0,107939.73,0.549395
1645603200000,0.5526,0.566,0.5514,0.5647,327696.0,183273.24,0.55871
1645610400000,0.5653,0.567,0.5625,0.5646,191403.0,108063.91,0.564749
1645617600000,0.5649,0.5698,0.5626,0.5636,190447.0,107850.47,0.566216
1645624800000,0.5628,0.5639,0.5506,0.5513,194141.0,107998.1,0.557296
1645632000000,0.5513,0.5662,0.5461,0.5517,282888.0,156716.35,0.55615
1645639200000,0.5517,0.5542,0.5373,0.5388,408515.0,222002.25,0.545835
1645646400000,0.5385,0.5412,0.5331,0.5337,198356.0,106615.54,0.537251
1645653600000,0.5336,0.5348,0.5223,0.5268,309604.0,163406.38,0.528418
1645660800000,0.5267,0.5273,0.5131,0.5186,1191587.0,618317.9,0.519983
1645668000000,0.5188,0.5249,0.4762,0.479,2148160.0,1098594.43,0.500881
1645675200000,0.4781,0.4836,0.4523,0.4598,671494.0,316305.22,0.467857
1645682400000,0.46,0.4712,0.45,0.468,554494.0,255040.43,0.460474
1645689600000,0.4681,0.4766,0.4646,0.4655,376318.0,176986.69,0.470645
1645696800000,0.4654,0.4675,0.4545,0.464,363939.0,167479.15,0.460989
1645704000000,0.4638,0.464,0.4563,0.4612,533031.0,245056.78,0.460081
1645711200000,0.4612,0.4787,0.4576,0.478,493882.0,230296.0,0.467877
1645718400000,0.478,0.4855,0.4724,0.4749,316169.0,151195.94,0.478985
1645725600000,0.4753,0.5053,0.475,0.5053,359460.0,176377.89,0.490101
1645732800000,0.504,0.5221,0.5037,0.5125,1171389.0,599011.23,0.513162
1645740000000,0.5125,0.514,0.4968,0.5093,285384.0,143935.86,0.505352
1645747200000,0.5097,0.5175,0.5032,0.5114,338108.0,172490.58,0.510349
1645754400000,0.5112,0.5155,0.5061,0.5115,150051.0,76711.73,0.5108
1645761600000,0.5113,0.5123,0.4993,0.5044,182925.0,92573.05,0.505645
1645768800000,0.5044,0.5138,0.5019,0.5092,289199.0,147416.74,0.507895
1645776000000,0.5084,0.5094,0.4958,0.5076,288083.0,144826.37,0.502595
1645783200000,0.5081,0.5166,0.5048,0.516,244535.0,124774.34,0.51053
1645790400000,0.5161,0.5367,0.5161,0.5316,825121.0,435175.32,0.52682
1645797600000,0.5315,0.5359,0.5216,0.5344,454443.0,240440.95,0.528706
1645804800000,0.5344,0.5367,0.5265,0.5288,218073.0,115743.47,0.5316
1645812000000,0.5289,0.5322,0.5228,0.5275,208341.0,110001.12,0.527496
1645819200000,0.5273,0.5357,0.5239,0.5342,165420.0,87695.94,0.529711
1645826400000,0.5345,0.5449,0.5312,0.5389,558553.0,300196.66,0.538086
1645833600000,0.5394,0.559,0.5373,0.553,556816.0,307037.47,0.548362
1645840800000,0.553,0.5592,0.5485,0.55,218558.0,121149.05,0.553897
1645848000000,0.5499,0.5553,0.5432,0.5442,141273.0,77589.23,0.549379
1645855200000,0.5443,0.5484,0.5408,0.5482,166107.0,90518.13,0.544484
1645862400000,0.5482,0.5548,0.5383,0.5425,244661.0,133414.33,0.546587
1645869600000,0.5421,0.5487,0.5399,0.5441,167459.0,91087.66,0.544316
1645876800000,0.5434,0.5465,0.5408,0.5449,736197.0,399894.13,0.543641
1645884000000,0.5448,0.5531,0.5422,0.5469,402973.0,221325.33,0.547667
1645891200000,0.5474,0.5499,0.543,0.5458,154044.0,84063.1,0.546448
1645898400000,0.5454,0.5498,0.5365,0.5483,384103.0,208243.37,0.543105
1645905600000,0.5482,0.5527,0.5466,0.5518,141178.0,77650.61,0.549617
1645912800000,0.5517,0.5517,0.5367,0.5446,710890.0,385018.14,0.543966
1645920000000,0.5446,0.5655,0.5287,0.5571,4067994.0,2229039.05,0.546989
1645927200000,0.5558,0.5571,0.5316,0.5329,982481.0,531431.57,0.54435
1645934400000,0.5328,0.5333,0.5231,0.5276,451258.0,238309.72,0.528061
1645941600000,0.5277,0.5367,0.5277,0.5317,166828.0,88946.32,0.53233
1645948800000,0.5316,0.5392,0.5281,0.5392,251489.0,134277.51,0.533418
1645956000000,0.5394,0.5488,0.5362,0.5478,298128.0,162299.87,0.542363
1645963200000,0.5483,0.5537,0.5293,0.5399,511567.0,278658.76,0.541421
1645970400000,0.5397,0.5517,0.5337,0.5513,359943.0,194827.56,0.542376
1645977600000,0.5514,0.5527,0.5427,0.5427,217227.0,118829.44,0.547852
1645984800000,0.5424,0.5451,0.5194,0.5213,354060.0,188479.57,0.532331
1645992000000,0.5199,0.5265,0.5121,0.5198,537283.0,278732.84,0.5193
1645999200000,0.5195,0.5278,0.5162,0.5214,263626.0,137691.5,0.52201
1646006400000,0.5222,0.5302,0.5132,0.5246,338535.0,176821.38,0.521691
1646013600000,0.5247,0.527,0.5188,0.5234,219700.0,114856.83,0.522893
1646020800000,0.5233,0.5274,0.5215,0.5232,130966.0,68653.47,0.52445
1646028000000,0.5236,0.5362,0.5156,0.534,376518.0,198168.17,0.525703
1646035200000,0.5342,0.5399,0.5325,0.5325,295212.0,158626.24,0.536238
1646042400000,0.5323,0.5467,0.5322,0.5441,305607.0,164985.87,0.539698
1646049600000,0.544,0.5461,0.5287,0.5306,404945.0,217633.08,0.537417
1646056800000,0.5305,0.5582,0.5303,0.5571,687561.0,376885.69,0.544382
1646064000000,0.5573,0.5614,0.5486,0.5573,422464.0,234540.61,0.555
1646071200000,0.5574,0.5577,0.5535,0.5558,262815.0,145871.54,0.555562
1646078400000,0.5563,0.561,0.555,0.5571,289176.0,161435.17,0.558006
1646085600000,0.5574,0.5755,0.557,0.575,909150.0,516624.46,0.566265
1646092800000,0.5747,0.5876,0.5746,0.5751,845914.0,491880.57,0.581101
1646100000000,0.5755,0.5766,0.5683,0.5729,278898.0,159350.58,0.572406
1646107200000,0.5727,0.5775,0.5696,0.5715,218191.0,125164.1,0.573558
1646114400000,0.5717,0.576,0.5643,0.5754,254689.0,145342.88,0.570063
1646121600000,0.5756,0.578,0.5668,0.5693,239466.0,137307.0,0.572396
1646128800000,0.5699,0.5766,0.5607,0.5709,300159.0,170807.44,0.568648
1646136000000,0.5712,0.5862,0.57,0.5832,533081.0,307690.31,0.578243
1646143200000,0.5829,0.59,0.5659,0.5707,685997.0,396049.88,0.578029
1646150400000,0.571,0.5769,0.5655,0.5733,302945.0,172788.0,0.57119
1646157600000,0.5725,0.5773,0.5702,0.5709,162376.0,93167.6,0.573776
1646164800000,0.5709,0.5744,0.5653,0.567,441948.0,251747.51,0.569893
1646172000000,0.5667,0.5737,0.5647,0.5736,290993.0,165638.23,0.569036
1646179200000,0.574,0.5741,0.5582,0.5623,536197.0,303186.17,0.565837
1646186400000,0.5621,0.572,0.5593,0.5708,414675.0,234355.6,0.565544
1646193600000,0.571,0.5742,0.5635,0.5656,378969.0,215456.05,0.568887
1646200800000,0.5656,0.5662,0.552,0.5544,422858.0,235776.49,0.558934
1646208000000,0.5545,0.5583,0.55,0.556,548183.0,304330.01,0.554141
1646215200000,0.556,0.5619,0.5547,0.5612,377269.0,211161.36,0.558255
1646222400000,0.5612,0.568,0.5502,0.5525,1955118.0,1093119.59,0.559243
1646229600000,0.5524,0.6184,0.5522,0.5819,6433864.0,3817932.21,0.586248
1646236800000,0.582,0.591,0.5797,0.5819,938737.0,550132.91,0.58535
1646244000000,0.5812,0.5859,0.573,0.5753,724734.0,420495.05,0.579516
1646251200000,0.5752,0.5767,0.5679,0.5759,601649.0,344275.68,0.572295
1646258400000,0.5759,0.5784,0.569,0.5715,603102.0,345761.3,0.5737
1646265600000,0.5714,0.5722,0.5535,0.5554,1109264.0,622405.95,0.562727
1646272800000,0.555,0.5556,0.5423,0.5465,1082639.0,594103.06,0.548745
1646280000000,0.5462,0.5485,0.5435,0.5458,379739.0,207338.18,0.546
1646287200000,0.5454,0.5482,0.5368,0.5465,498403.0,270639.33,0.542492
1646294400000,0.5465,0.548,0.5425,0.545,414652.0,226229.76,0.545241
1646301600000,0.5445,0.5519,0.5429,0.5479,295901.0,161891.97,0.547444
1646308800000,0.5478,0.553,0.545,0.5526,303372.0,166887.89,0.548881
1646316000000,0.5527,0.5541,0.5297,0.5336,1578901.0,852657.24,0.541674
1646323200000,0.5336,0.5388,0.5282,0.5335,1005082.0,536049.54,0.5335
1646330400000,0.5333,0.5345,0.5279,0.5303,613816.0,325931.25,0.531167
1646337600000,0.5302,0.5309,0.5241,0.5294,706740.0,372717.75,0.527492
1646344800000,0.5291,0.5374,0.5291,0.5352,786695.0,419753.1,0.533422
1646352000000,0.535,0.5362,0.511,0.5148,828352.0,431745.45,0.523351
1646359200000,0.5147,0.5163,0.511,0.5146,449169.0,230740.36,0.51365
1646366400000,0.5144,0.5145,0.5102,0.5134,394239.0,202044.51,0.512329
1646373600000,0.5132,0.5166,0.5126,0.5144,204897.0,105416.3,0.514618
1646380800000,0.5143,0.5194,0.5081,0.5152,692453.0,356224.42,0.513748
1646388000000,0.515,0.5238,0.515,0.5213,638837.0,332165.45,0.519584
1646395200000,0.5214,0.5305,0.5143,0.5157,1210306.0,629007.28,0.522523
1646402400000,0.5152,0.5174,0.5067,0.5099,939782.0,480201.19,0.512017
1646409600000,0.5098,0.5113,0.5052,0.5087,459266.0,233298.12,0.508242
1646416800000,0.5093,0.5105,0.4971,0.498,1026918.0,516118.2,0.503832
1646424000000,0.4987,0.5013,0.4921,0.4947,756555.0,375150.22,0.4967
1646431200000,0.4945,0.4964,0.4859,0.4953,626999.0,307525.41,0.491145
1646438400000,0.4952,0.4952,0.4794,0.4882,428031.0,208111.58,0.487073
1646445600000,0.488,0.4945,0.4868,0.4933,147232.0,72212.77,0.49065
1646452800000,0.4938,0.4958,0.4897,0.4958,103551.0,50981.3,0.492693
1646460000000,0.4961,0.5014,0.4937,0.4991,391487.0,194602.09,0.497548
1646467200000,0.4997,0.5012,0.4965,0.4981,165966.0,82845.66,0.498849
1646474400000,0.4981,0.4999,0.4922,0.4978,235270.0,116888.68,0.496049
1646481600000,0.4978,0.5019,0.4922,0.4938,241875.0,120161.14,0.497106
1646488800000,0.4938,0.4984,0.4928,0.4981,146445.0,72610.83,0.495539
1646496000000,0.4979,0.5064,0.4969,0.5045,340771.0,171426.36,0.501712
1646503200000,0.5048,0.5049,0.499,0.5019,127460.0,63940.85,0.50186
1646510400000,0.5019,0.5037,0.4976,0.4977,95454.0,47894.89,0.500764
1646517600000,0.4981,0.5019,0.4968,0.5013,76000.0,37979.24,0.499312
1646524800000,0.5013,0.5049,0.5001,0.5005,100106.0,50277.16,0.502511
1646532000000,0.5,0.5006,0.4938,0.4945,119585.0,59496.47,0.49719
1646539200000,0.4945,0.4968,0.4868,0.4953,305152.0,150280.82,0.491795
1646546400000,0.4951,0.4977,0.4934,0.496,90456.0,44857.95,0.49555
1646553600000,0.4958,0.4958,0.4848,0.485,185963.0,91220.75,0.490268
1646560800000,0.4848,0.4853,0.48,0.4845,419551.0,202368.62,0.482648
1646568000000,0.4843,0.4904,0.4831,0.4893,134292.0,65323.11,0.486743
1646575200000,0.4892,0.4895,0.4825,0.4865,224873.0,109142.97,0.485929
1646582400000,0.4861,0.4923,0.4852,0.4894,165657.0,81095.09,0.488807
1646589600000,0.4894,0.4918,0.4838,0.4847,147188.0,71787.22,0.487871
1646596800000,0.4844,0.4911,0.4835,0.4892,171030.0,83542.83,0.487355
1646604000000,0.4894,0.4917,0.478,0.4792,352952.0,170470.99,0.484938
1646611200000,0.4795,0.4803,0.4718,0.4751,352544.0,167359.88,0.47596
1646618400000,0.4751,0.4873,0.4621,0.4677,9078859.0,4308301.14,0.474773
1646625600000,0.4681,0.4715,0.4645,0.47,290291.0,135794.49,0.46798
1646632800000,0.4701,0.4726,0.4649,0.4667,183729.0,86319.33,0.468768
1646640000000,0.4668,0.4761,0.4639,0.4747,334761.0,157366.44,0.469912
1646647200000,0.4744,0.4795,0.4719,0.4793,191415.0,91014.64,0.475567
1646654400000,0.4791,0.4935,0.4791,0.4917,611227.0,296888.83,0.486513
1646661600000,0.4918,0.4959,0.4856,0.49,643116.0,316449.43,0.490749
1646668800000,0.4898,0.4951,0.4836,0.4842,332819.0,162363.57,0.489498
1646676000000,0.4841,0.4841,0.4618,0.4637,610188.0,288324.54,0.472699
1646683200000,0.4635,0.4709,0.4595,0.4675,316798.0,147521.31,0.46519
1646690400000,0.4672,0.4774,0.4668,0.4723,253830.0,120052.66,0.472244
1646697600000,0.4719,0.481,0.4691,0.4792,313847.0,149404.35,0.474998
1646704800000,0.4793,0.4858,0.4775,0.4839,152413.0,73590.05,0.481654
1646712000000,0.4842,0.4861,0.4784,0.4799,108643.0,52424.57,0.482267
1646719200000,0.4793,0.4816,0.4743,0.4814,241075.0,115273.99,0.477899
1646726400000,0.4813,0.4912,0.4808,0.4877,560471.0,272943.4,0.486157
1646733600000,0.4877,0.4904,0.4854,0.4886,180192.0,87835.15,0.487898
1646740800000,0.4881,0.492,0.4843,0.4918,432899.0,211165.11,0.48804
1646748000000,0.492,0.4947,0.4827,0.4866,310682.0,151948.05,0.488668
1646755200000,0.4869,0.493,0.4822,0.4927,251779.0,122842.15,0.487429
1646762400000,0.493,0.4989,0.4886,0.4947,284169.0,140406.41,0.493749
1646769600000,0.4946,0.4959,0.4818,0.4831,151929.0,74198.32,0.48885
1646776800000,0.4824,0.499,0.4824,0.4983,431764.0,212048.94,0.490804
1646784000000,0.4983,0.5022,0.4922,0.502,468468.0,232928.43,0.497095
1646791200000,0.5023,0.5135,0.4993,0.5096,677484.0,343120.63,0.506432
1646798400000,0.5096,0.5132,0.5062,0.5084,1894141.0,965359.49,0.509705
1646805600000,0.5087,0.5152,0.4994,0.5115,4296104.0,2182574.54,0.507278
1646812800000,0.5114,0.5167,0.5096,0.5122,773252.0,396462.39,0.513154
1646820000000,0.5114,0.5135,0.5104,0.5121,236831.0,121225.73,0.511953
1646827200000,0.5122,0.5163,0.5053,0.5099,637178.0,324905.28,0.510797
1646834400000,0.51,0.5255,0.5096,0.5242,795742.0,411683.88,0.517662
1646841600000,0.5244,0.5367,0.5223,0.5279,1363559.0,721390.37,0.52955
1646848800000,0.5275,0.5275,0.5131,0.5181,529612.0,274149.74,0.520002
1646856000000,0.5179,0.5181,0.5131,0.517,271391.0,139936.77,0.515585
1646863200000,0.5168,0.5248,0.5166,0.5247,267027.0,139135.51,0.520685
1646870400000,0.5248,0.5276,0.5122,0.514,940168.0,490572.09,0.51997
1646877600000,0.5137,0.516,0.5105,0.511,293541.0,150673.27,0.513308
1646884800000,0.5108,0.5116,0.4857,0.4887,1085530.0,541455.09,0.498405
1646892000000,0.4882,0.4958,0.4879,0.4942,273329.0,134407.39,0.49196
1646899200000,0.495,0.498,0.49,0.4968,328029.0,162228.84,0.493976
1646906400000,0.4967,0.4984,0.4942,0.4962,280410.0,139242.18,0.496299
1646913600000,0.4962,0.5074,0.4889,0.494,877850.0,437885.54,0.498161
1646920800000,0.4934,0.5035,0.4921,0.4984,349769.0,173990.53,0.497896
1646928000000,0.4986,0.5011,0.4943,0.4991,353083.0,175942.02,0.497698
1646935200000,0.4991,0.5184,0.4983,0.5038,1534237.0,777099.09,0.508446
1646942400000,0.5036,0.5049,0.5001,0.5017,214150.0,107539.54,0.502494
1646949600000,0.5016,0.5055,0.4977,0.503,184650.0,92694.12,0.501594
1646956800000,0.5029,0.5033,0.4901,0.4908,605986.0,300639.06,0.49666
1646964000000,0.4907,0.4954,0.4856,0.4941,303209.0,148395.05,0.490441
1646971200000,0.4944,0.4956,0.4884,0.4956,134903.0,66349.04,0.491979
1646978400000,0.495,0.5056,0.4947,0.5045,267091.0,133671.41,0.500244
1646985600000,0.5051,0.5087,0.5011,0.5017,331633.0,167264.94,0.504979
1646992800000,0.5022,0.5099,0.4957,0.5065,564235.0,283929.31,0.502764
1647000000000,0.5068,0.5105,0.4988,0.4998,642647.0,323810.45,0.504783
1647007200000,0.5,0.5044,0.4922,0.4943,420067.0,209455.3,0.498366
1647014400000,0.4943,0.4943,0.488,0.4901,326627.0,160116.46,0.491019
1647021600000,0.49,0.4906,0.4854,0.4873,153552.0,74957.69,0.487953
1647028800000,0.4873,0.4928,0.4839,0.4911,333787.0,162851.54,0.488309
1647036000000,0.4916,0.4938,0.4881,0.4886,127902.0,62860.52,0.491013
1647043200000,0.4884,0.4973,0.4877,0.4957,191443.0,94310.42,0.492576
1647050400000,0.4964,0.498,0.4912,0.4914,131347.0,64892.84,0.494709
1647057600000,0.4915,0.4939,0.4901,0.4934,59495.0,29293.58,0.49197
1647064800000,0.4937,0.4948,0.4896,0.492,140335.0,69001.99,0.492182
1647072000000,0.4924,0.4965,0.4886,0.4956,116664.0,57420.85,0.492488
1647079200000,0.4956,0.497,0.4931,0.4944,110978.0,54985.58,0.495051
1647086400000,0.4948,0.4982,0.4928,0.4964,98074.0,48661.15,0.495498
1647093600000,0.4964,0.4991,0.4906,0.4976,219582.0,108686.35,0.494839
1647100800000,0.497,0.5018,0.4946,0.4971,473498.0,235633.91,0.4982
1647108000000,0.4974,0.4985,0.496,0.4969,108317.0,53861.03,0.497251
1647115200000,0.4979,0.5001,0.4962,0.498,110972.0,55321.0,0.49815
1647122400000,0.4986,0.5004,0.4941,0.4949,98703.0,49179.06,0.497297
1647129600000,0.4948,0.5013,0.4923,0.4994,229729.0,114114.79,0.496779
1647136800000,0.4993,0.5031,0.4992,0.5023,116343.0,58319.35,0.501211
1647144000000,0.5027,0.5068,0.5011,0.5014,154074.0,77581.14,0.503975
1647151200000,0.5014,0.5035,0.5,0.5002,99423.0,49872.52,0.501779
1647158400000,0.5001,0.5001,0.4956,0.497,216060.0,107490.53,0.497756
1647165600000,0.4966,0.5003,0.4955,0.4961,172381.0,85742.73,0.497904
1647172800000,0.4959,0.4963,0.4863,0.491,346073.0,169777.22,0.491163
1647180000000,0.4907,0.497,0.4904,0.4956,243657.0,120363.78,0.493788
1647187200000,0.4954,0.496,0.4925,0.4937,91059.0,44987.97,0.494231
1647194400000,0.4938,0.4942,0.4897,0.4898,73367.0,36114.45,0.491987
1647201600000,0.4897,0.4897,0.4858,0.4878,126466.0,61689.94,0.487687
1647208800000,0.4877,0.4889,0.4733,0.4738,391505.0,187497.83,0.481187
1647216000000,0.4739,0.4783,0.4698,0.473,238572.0,113007.28,0.474052
1647223200000,0.4729,0.4756,0.4719,0.4745,85250.0,40411.13,0.473752
1647230400000,0.4743,0.4841,0.4743,0.4795,217899.0,104646.87,0.479374
1647237600000,0.4797,0.4849,0.4787,0.4837,205021.0,98787.72,0.481812
1647244800000,0.4838,0.4867,0.4824,0.4855,108612.0,52606.86,0.484546
1647252000000,0.4856,0.4857,0.4808,0.4813,97536.0,47170.84,0.483202
1647259200000,0.4806,0.4842,0.4787,0.4829,243351.0,117109.09,0.481436
1647266400000,0.4822,0.4861,0.482,0.4841,176417.0,85422.58,0.484101
1647273600000,0.4842,0.4865,0.4788,0.4801,143956.0,69443.06,0.482688
1647280800000,0.4793,0.4797,0.4753,0.479,144872.0,69170.3,0.477498
1647288000000,0.4791,0.4815,0.4788,0.4805,69412.0,33321.41,0.480175
1647295200000,0.4801,0.4913,0.4801,0.4903,231191.0,112757.73,0.485831
1647302400000,0.49,0.4925,0.4815,0.4828,374918.0,182912.79,0.487072
1647309600000,0.4822,0.4856,0.4784,0.4793,77511.0,37373.37,0.482053
1647316800000,0.4791,0.4822,0.4773,0.4799,229130.0,109885.19,0.479752
1647324000000,0.4798,0.4821,0.4708,0.4746,225072.0,107176.09,0.476408
1647331200000,0.4744,0.4751,0.4712,0.4739,145227.0,68769.12,0.473146
1647338400000,0.4742,0.4775,0.4734,0.4767,144312.0,68662.28,0.47545
1647345600000,0.4763,0.4797,0.474,0.4771,142110.0,67822.28,0.476851
1647352800000,0.4777,0.4847,0.4765,0.482,221684.0,106684.98,0.480655
1647360000000,0.4826,0.4888,0.4813,0.488,255168.0,124207.36,0.485013
1647367200000,0.4885,0.4939,0.4867,0.4913,258187.0,126757.5,0.490316
1647374400000,0.4919,0.493,0.4867,0.4913,275439.0,134612.99,0.489846
1647381600000,0.4915,0.4941,0.4884,0.4899,168753.0,82912.13,0.491261
1647388800000,0.4903,0.4975,0.4865,0.4964,336710.0,165513.17,0.491888
1647396000000,0.4967,0.508,0.4856,0.4872,951760.0,472710.69,0.497028
1647403200000,0.4865,0.4942,0.4862,0.4939,253926.0,124557.31,0.4902
1647410400000,0.4941,0.4988,0.4941,0.4978,186153.0,92549.58,0.496542
1647417600000,0.4978,0.5051,0.4978,0.5018,484802.0,243151.46,0.501584
1647424800000,0.502,0.503,0.4975,0.5003,192478.0,96262.35,0.500228
1647432000000,0.5003,0.5018,0.4938,0.4967,223789.0,111334.34,0.497763
1647439200000,0.4968,0.5028,0.4946,0.4994,388381.0,194103.74,0.498715
1647446400000,0.4994,0.501,0.4937,0.4975,414562.0,205844.67,0.497331
1647453600000,0.4975,0.51,0.4877,0.5094,1364411.0,681218.81,0.498497
1647460800000,0.5094,0.513,0.5061,0.5069,976760.0,498099.78,0.509598
1647468000000,0.5064,0.5114,0.5043,0.5111,174572.0,88537.49,0.507739
1647475200000,0.511,0.5144,0.5079,0.5135,286894.0,146497.27,0.511108
1647482400000,0.5134,0.5139,0.5071,0.5083,123214.0,62881.93,0.510443
1647489600000,0.5085,0.5104,0.5067,0.5081,183798.0,93555.27,0.508551
1647496800000,0.5077,0.5091,0.5028,0.5078,280644.0,141884.26,0.50595
1647504000000,0.5079,0.5125,0.5076,0.5106,152219.0,77721.45,0.510116
1647511200000,0.5107,0.5127,0.5074,0.5116,107028.0,54631.07,0.510042
1647518400000,0.5116,0.5221,0.5116,0.5208,652048.0,337991.55,0.517004
1647525600000,0.5209,0.5233,0.5141,0.5145,311101.0,160934.31,0.518838
1647532800000,0.5149,0.5163,0.512,0.5142,130967.0,67359.18,0.514147
1647540000000,0.5139,0.5173,0.5136,0.5172,98419.0,50678.92,0.515425
1647547200000,0.5173,0.5182,0.5149,0.5177,116600.0,60232.19,0.516546
1647554400000,0.5177,0.519,0.5151,0.5159,195959.0,101345.44,0.517064
1647561600000,0.5161,0.5185,0.5066,0.5104,203487.0,104152.6,0.512507
1647568800000,0.5106,0.511,0.5055,0.5065,81251.0,41275.06,0.508202
1647576000000,0.5064,0.5132,0.5056,0.5129,105001.0,53538.86,0.509344
1647583200000,0.5128,0.52,0.5109,0.5134,1532077.0,789118.59,0.515453
1647590400000,0.5136,0.5174,0.5113,0.515,183000.0,94173.42,0.514351
1647597600000,0.5154,0.5206,0.5123,0.5146,474728.0,245259.3,0.516453
1647604800000,0.5143,0.5216,0.5139,0.5211,408630.0,211804.0,0.517762
1647612000000,0.5214,0.528,0.5212,0.528,455027.0,238635.42,0.524569
1647619200000,0.5281,0.5364,0.5275,0.5342,377604.0,200562.1,0.532056
1647626400000,0.5345,0.54,0.5333,0.5395,366948.0,197006.98,0.536593
1647633600000,0.5396,0.5407,0.5337,0.5366,241425.0,129775.47,0.537157
1647640800000,0.5365,0.5388,0.5323,0.5378,188228.0,100710.2,0.535534
1647648000000,0.5373,0.5452,0.5373,0.5414,285592.0,154698.33,0.541387
1647655200000,0.5406,0.5406,0.5335,0.5372,152726.0,82011.42,0.536937
1647662400000,0.5373,0.5404,0.5355,0.5366,158594.0,85398.77,0.537955
1647669600000,0.537,0.5383,0.5325,0.5332,106692.0,57152.22,0.535436
1647676800000,0.5336,0.5363,0.5325,0.5352,211588.0,113120.18,0.5344
1647684000000,0.5352,0.5414,0.5338,0.5411,505793.0,272529.63,0.537502
1647691200000,0.5412,0.55,0.5396,0.5419,1108121.0,604408.48,0.544804
1647698400000,0.5419,0.5613,0.5397,0.5554,1199758.0,660684.65,0.5507
1647705600000,0.5551,0.561,0.5526,0.5551,424685.0,236357.28,0.5568
1647712800000,0.5543,0.5553,0.5514,0.5528,172263.0,95302.92,0.553342
1647720000000,0.5525,0.5549,0.5462,0.5488,220936.0,121726.91,0.550545
1647727200000,0.5492,0.5495,0.5402,0.5473,397048.0,216053.85,0.544814
1647734400000,0.5474,0.5492,0.5355,0.5404,383766.0,207672.22,0.542242
1647741600000,0.5407,0.5446,0.5393,0.5427,152232.0,82487.15,0.541959
1647748800000,0.5432,0.5466,0.5413,0.5463,237837.0,129290.14,0.543875
1647756000000,0.5465,0.5491,0.546,0.5475,191886.0,105042.43,0.547565
1647763200000,0.5477,0.548,0.5339,0.5387,343867.0,186554.8,0.540695
1647770400000,0.5387,0.5416,0.5354,0.5363,254966.0,137244.23,0.538539
1647777600000,0.5359,0.5389,0.53,0.5358,343772.0,184126.24,0.53445
1647784800000,0.5362,0.541,0.534,0.536,239892.0,128859.9,0.5375
1647792000000,0.5356,0.5426,0.5336,0.5362,323247.0,174138.3,0.538102
1647799200000,0.5363,0.5527,0.5348,0.5521,410749.0,223967.23,0.543641
1647806400000,0.5521,0.5569,0.5472,0.5569,619640.0,342755.8,0.55189
1647813600000,0.5567,0.5569,0.5492,0.5492,361048.0,199628.28,0.553081
1647820800000,0.5501,0.5503,0.5388,0.5392,267487.0,145671.74,0.544521
1647828000000,0.5399,0.5411,0.5284,0.5352,403434.0,215381.27,0.534651
1647835200000,0.5352,0.5421,0.5336,0.5418,279012.0,149630.06,0.537735
1647842400000,0.542,0.5439,0.5389,0.5432,239515.0,129652.73,0.541382
1647849600000,0.5432,0.5487,0.5402,0.5482,244578.0,133253.15,0.544332
1647856800000,0.5483,0.5519,0.547,0.5485,212568.0,116733.36,0.54945
1647864000000,0.5492,0.5521,0.5419,0.5452,376206.0,205869.14,0.546992
1647871200000,0.5451,0.548,0.5404,0.548,259592.0,141303.07,0.544111
1647878400000,0.5479,0.5485,0.5416,0.5475,262944.0,143270.74,0.545048
1647885600000,0.5476,0.5549,0.5466,0.554,275733.0,151978.3,0.550741
1647892800000,0.5543,0.5565,0.5511,0.5555,160454.0,88872.68,0.553786
1647900000000,0.5557,0.5633,0.5471,0.5505,1015987.0,565196.19,0.555256
1647907200000,0.5502,0.551,0.5472,0.5494,170303.0,93528.05,0.549092
1647914400000,0.5493,0.5651,0.5487,0.5623,762862.0,426515.7,0.557105
1647921600000,0.5623,0.5694,0.562,0.5631,663378.0,374725.52,0.565709
1647928800000,0.5628,0.5652,0.555,0.5651,539474.0,301820.0,0.56005
1647936000000,0.5652,0.567,0.5622,0.5652,281863.0,159198.27,0.5646
1647943200000,0.5653,0.5747,0.5637,0.5737,444379.0,253555.4,0.569149
1647950400000,0.574,0.575,0.566,0.5679,357994.0,204217.92,0.570442
1647957600000,0.5677,0.5733,0.5664,0.5664,328978.0,187571.07,0.569875
1647964800000,0.5663,0.5707,0.5655,0.5707,289436.0,164221.99,0.568013
1647972000000,0.5703,0.5733,0.5647,0.5648,275854.0,157301.17,0.569165
1647979200000,0.5647,0.5739,0.5646,0.5735,199696.0,113795.11,0.569293
1647986400000,0.5735,0.5737,0.5603,0.5612,263017.0,149276.98,0.566907
1647993600000,0.5616,0.5642,0.552,0.5612,367012.0,204785.26,0.558099
1648000800000,0.5607,0.5675,0.5577,0.5582,253607.0,142954.38,0.562652
1648008000000,0.5577,0.5627,0.5535,0.5625,201237.0,112196.52,0.557954
1648015200000,0.5624,0.5738,0.5621,0.5718,319164.0,181565.05,0.568114
1648022400000,0.5719,0.5885,0.5687,0.5825,1022293.0,593813.44,0.578708
1648029600000,0.5825,0.5862,0.576,0.58,692881.0,402267.28,0.581098
1648036800000,0.58,0.5816,0.5755,0.5768,243414.0,140841.67,0.578561
1648044000000,0.5768,0.5876,0.5766,0.5864,463088.0,269224.23,0.582218
1648051200000,0.5865,0.5885,0.5723,0.5752,351228.0,204075.35,0.580338
1648058400000,0.5752,0.5803,0.5741,0.5786,186854.0,107900.2,0.577224
1648065600000,0.5785,0.5864,0.5784,0.5845,187063.0,109091.2,0.582547
1648072800000,0.5845,0.5911,0.5824,0.5891,238896.0,140286.25,0.586746
1648080000000,0.5894,0.594,0.5786,0.5803,489233.0,287335.01,0.586439
1648087200000,0.5801,0.5812,0.5754,0.5767,234798.0,135778.14,0.578291
1648094400000,0.5767,0.5831,0.576,0.5828,133499.0,77374.22,0.579505
1648101600000,0.5821,0.586,0.5796,0.5816,262383.0,152867.3,0.582801
1648108800000,0.5814,0.5836,0.5779,0.5807,289423.0,168189.4,0.580749
1648116000000,0.5798,0.5835,0.5786,0.5809,187258.0,108818.64,0.581059
1648123200000,0.5811,0.5824,0.5661,0.5747,523942.0,300252.59,0.574104
1648130400000,0.5753,0.5863,0.5722,0.5838,553627.0,321317.16,0.57922
1648137600000,0.5838,0.5886,0.5823,0.5838,369416.0,216184.75,0.58545
1648144800000,0.5837,0.589,0.5834,0.5865,164735.0,96591.04,0.586273
1648152000000,0.5865,0.5879,0.5837,0.5861,99954.0,58542.3,0.585799
1648159200000,0.5865,0.5924,0.5858,0.5903,210880.0,124243.68,0.589163
1648166400000,0.5894,0.5927,0.5805,0.5892,526063.0,308540.01,0.5866
1648173600000,0.5889,0.5963,0.587,0.5963,324755.0,192332.22,0.591471
1648180800000,0.5957,0.6083,0.5953,0.599,880958.0,531058.86,0.601873
1648188000000,0.5991,0.605,0.5978,0.5979,416604.0,250378.62,0.60142
1648195200000,0.5978,0.5996,0.5873,0.5984,622250.0,369793.06,0.593447
1648202400000,0.5983,0.6058,0.5953,0.6018,455251.0,273971.19,0.600564
1648209600000,0.6017,0.6056,0.5988,0.6056,289363.0,174238.4,0.60207
1648216800000,0.6057,0.6066,0.5845,0.5856,538563.0,320510.95,0.595524
1648224000000,0.586,0.5891,0.5696,0.5753,623830.0,360170.16,0.579244
1648231200000,0.5757,0.5816,0.575,0.5804,346208.0,200292.01,0.578336
1648238400000,0.5803,0.5846,0.5793,0.5836,224692.0,130834.6,0.58195
1648245600000,0.5835,0.5852,0.5802,0.5844,88258.0,51396.96,0.58269
1648252800000,0.5845,0.5889,0.5774,0.5813,222826.0,129765.45,0.583155
1648260000000,0.5812,0.5835,0.5793,0.5813,97274.0,56563.72,0.5814
1648267200000,0.5815,0.5871,0.5809,0.5856,118243.0,69037.1,0.584055
1648274400000,0.5862,0.5893,0.5847,0.5893,69364.0,40728.25,0.586904
1648281600000,0.5886,0.5974,0.5886,0.597,269338.0,159839.0,0.593059
1648288800000,0.597,0.597,0.5911,0.593,523824.0,311242.21,0.593927
1648296000000,0.593,0.6074,0.5862,0.5944,1037800.0,622040.15,0.596803
1648303200000,0.5943,0.6027,0.5943,0.6012,269023.0,161086.13,0.598652
1648310400000,0.6013,0.606,0.5955,0.6028,320292.0,192498.33,0.600743
1648317600000,0.6031,0.6161,0.601,0.6081,1120636.0,683636.77,0.608633
1648324800000,0.6084,0.6251,0.6061,0.6162,1057579.0,650413.55,0.615745
1648332000000,0.6163,0.6378,0.6111,0.6256,1513851.0,948120.33,0.624559
1648339200000,0.6258,0.825,0.6225,0.773,28438991.0,21212556.59,0.727456
1648346400000,0.773,0.8385,0.7605,0.7626,19327809.0,15433552.32,0.799642
1648353600000,0.7628,0.7686,0.7456,0.756,4190518.0,3173499.01,0.757049
1648360800000,0.756,0.7858,0.7559,0.7676,4880611.0,3758919.23,0.771204
1648368000000,0.7677,0.77,0.7406,0.7452,3003451.0,2277887.47,0.755103
1648375200000,0.7456,0.7604,0.7361,0.7409,2095624.0,1564905.44,0.748297
1648382400000,0.7416,0.7849,0.7293,0.7586,7013150.0,5311063.68,0.757268
1648389600000,0.7584,0.7679,0.7212,0.7287,4902701.0,3653766.81,0.744662
1648396800000,0.7286,0.733,0.7106,0.7188,1804629.0,1301833.33,0.721705
1648404000000,0.7182,0.7204,0.7104,0.7182,1504859.0,1076924.45,0.7154
1648411200000,0.7178,0.7279,0.7123,0.7253,1826328.0,1315203.9,0.720011
1648418400000,0.7249,0.7428,0.7179,0.7277,2485665.0,1813423.12,0.730363
1648425600000,0.7273,0.7487,0.7169,0.7314,3406793.0,2477890.21,0.732814
1648432800000,0.7314,0.7556,0.7285,0.7429,2488735.0,1848383.43,0.742281
1648440000000,0.7429,0.7464,0.7313,0.743,1701414.0,1255472.42,0.73885
1648447200000,0.743,0.7432,0.7257,0.7364,1193254.0,876380.64,0.734256
1648454400000,0.7363,0.7495,0.7288,0.7479,1650855.0,1219042.38,0.738899
1648461600000,0.7481,0.756,0.7382,0.7423,1633290.0,1220574.85,0.747152
1648468800000,0.7424,0.7445,0.7317,0.7386,1178943.0,869789.38,0.738046
1648476000000,0.7386,0.7388,0.7216,0.7237,1156252.0,845934.16,0.729981
1648483200000,0.7232,0.7315,0.7166,0.7308,954367.0,690992.0,0.723845
1648490400000,0.7305,0.741,0.7291,0.7337,927232.0,682285.52,0.735104
1648497600000,0.7334,0.7382,0.7026,0.7172,971993.0,699549.31,0.720132
1648504800000,0.7171,0.7193,0.6867,0.6965,1007492.0,711742.72,0.702579
1648512000000,0.6963,0.7142,0.6913,0.7119,656465.0,461152.67,0.702573
1648519200000,0.7119,0.715,0.7042,0.709,591788.0,419903.13,0.709584
1648526400000,0.7092,0.7216,0.7088,0.7198,405975.0,290826.4,0.715345
1648533600000,0.7198,0.7215,0.7123,0.7126,372912.0,267463.34,0.717027
1648540800000,0.7124,0.722,0.7115,0.7175,509480.0,365651.91,0.716863
1648548000000,0.7182,0.7343,0.7159,0.7331,1300932.0,947218.11,0.724992
1648555200000,0.7328,0.7489,0.7191,0.7283,2629242.0,1936097.42,0.73402
1648562400000,0.7287,0.7347,0.7067,0.7114,953667.0,689937.51,0.720769
1648569600000,0.7112,0.7128,0.6908,0.7102,1399534.0,983995.09,0.701795
1648576800000,0.7102,0.7206,0.7064,0.716,333728.0,238281.19,0.713517
1648584000000,0.716,0.7248,0.707,0.7098,722738.0,519256.6,0.715994
1648591200000,0.7096,0.7314,0.6955,0.7291,955615.0,680942.57,0.71298
1648598400000,0.7292,0.7324,0.6934,0.7009,1267030.0,904699.81,0.712574
1648605600000,0.7005,0.7249,0.6986,0.7238,797376.0,570403.24,0.711652
1648612800000,0.7239,0.748,0.7214,0.7463,2032439.0,1499661.15,0.734614
1648620000000,0.7465,0.765,0.7392,0.7525,2804864.0,2115903.91,0.752136
1648627200000,0.7522,0.7889,0.7421,0.7577,3052374.0,2337773.85,0.765537
1648634400000,0.7566,0.765,0.7435,0.7572,1288112.0,972591.74,0.754249
1648641600000,0.7577,0.7577,0.7352,0.7382,1165080.0,868367.97,0.746103
1648648800000,0.7385,0.7665,0.7343,0.7615,1426922.0,1075048.58,0.750458
1648656000000,0.7613,0.7805,0.7533,0.7799,1779517.0,1373020.72,0.76641
1648663200000,0.7798,0.82,0.7729,0.8195,3749331.0,2987977.61,0.795759
1648670400000,0.8195,0.8278,0.8007,0.8145,3833530.0,3122117.58,0.814226
1648677600000,0.8146,0.8547,0.8063,0.8188,4221984.0,3512647.5,0.830526
1648684800000,0.8188,0.8402,0.8029,0.8093,2770947.0,2272928.1,0.821674
1648692000000,0.8097,0.8264,0.8026,0.8255,1368840.0,1115319.15,0.814116
1648699200000,0.8262,0.8273,0.8,0.8077,1022552.0,827440.18,0.813222
1648706400000,0.8075,0.8193,0.8043,0.8183,717055.0,581817.13,0.811636
1648713600000,0.8186,0.8338,0.8104,0.8252,1150578.0,946156.06,0.822104
1648720800000,0.825,0.8295,0.8154,0.822,680388.0,558755.1,0.822438
1648728000000,0.8221,0.8343,0.8076,0.809,1679964.0,1380892.54,0.821296
1648735200000,0.809,0.809,0.7602,0.7797,3192342.0,2488810.97,0.783634
1648742400000,0.7799,0.7814,0.754,0.7673,1511780.0,1156475.61,0.767371
1648749600000,0.7675,0.7784,0.7555,0.773,572184.0,440308.84,0.766902
1648756800000,0.7728,0.7849,0.7694,0.7784,347430.0,270323.47,0.777202
1648764000000,0.779,0.7827,0.7644,0.7735,571156.0,441933.09,0.773488
1648771200000,0.7737,0.7766,0.7549,0.757,838457.0,644252.07,0.76582
1648778400000,0.7565,0.7632,0.729,0.7455,1002155.0,745965.57,0.74597
1648785600000,0.7455,0.7629,0.745,0.7601,477645.0,360842.13,0.754179
1648792800000,0.7608,0.8077,0.7604,0.8009,1672663.0,1324074.33,0.784751
1648800000000,0.8013,0.8406,0.7973,0.8019,2020564.0,1651569.85,0.818951
1648807200000,0.8012,0.8245,0.7968,0.8236,782333.0,633420.56,0.810308
1648814400000,0.8234,0.8965,0.8069,0.8094,7740142.0,6564707.4,0.851917
1648821600000,0.8094,0.8278,0.8089,0.8178,1067144.0,873835.9,0.818597
1648828800000,0.818,0.8231,0.8115,0.8203,571369.0,467329.14,0.817282
1648836000000,0.821,0.8224,0.808,0.811,399162.0,325377.68,0.81509
1648843200000,0.8114,0.8116,0.8006,0.8095,340620.0,274593.52,0.806067
1648850400000,0.8096,0.8166,0.8021,0.8152,535009.0,432715.59,0.809232
1648857600000,0.8162,0.8259,0.8069,0.8226,711059.0,581848.68,0.816312
1648864800000,0.8226,0.8263,0.8121,0.8192,428385.0,350820.32,0.819175
1648872000000,0.819,0.8385,0.8153,0.8262,634085.0,524437.45,0.827006
1648879200000,0.826,0.8357,0.8227,0.8248,681476.0,564954.17,0.829208
1648886400000,0.8249,0.841,0.8205,0.8374,619783.0,515607.06,0.830709
1648893600000,0.8382,0.8382,0.8278,0.8287,524113.0,436659.7,0.832881
1648900800000,0.8282,0.8481,0.815,0.8415,1115822.0,931896.53,0.831411
1648908000000,0.8417,0.8429,0.803,0.8147,1458953.0,1200777.49,0.822271
1648915200000,0.8154,0.8484,0.8101,0.8422,1296215.0,1085297.95,0.829313
1648922400000,0.8421,0.8629,0.8179,0.85,1696732.0,1436436.15,0.840356
1648929600000,0.8506,0.8678,0.8471,0.8623,1009132.0,867456.06,0.857537
1648936800000,0.8627,0.8804,0.8462,0.85,1307044.0,1132529.76,0.863548
1648944000000,0.8513,0.9454,0.8258,0.8472,13391885.0,11814058.3,0.885611
1648951200000,0.8463,0.8694,0.841,0.8622,1534965.0,1313579.12,0.855281
1648958400000,0.8625,0.8901,0.857,0.872,1041387.0,910356.13,0.873682
1648965600000,0.8724,0.8837,0.8637,0.8665,838069.0,730502.93,0.873795
1648972800000,0.8664,0.8943,0.865,0.8873,825472.0,725571.81,0.880058
1648980000000,0.8853,0.8872,0.8661,0.8832,794804.0,697854.6,0.876631
1648987200000,0.8841,0.886,0.8702,0.8827,683713.0,601857.65,0.87809
1648994400000,0.883,0.9123,0.8746,0.8813,1677361.0,1496373.2,0.893456
1649001600000,0.8811,0.888,0.869,0.8795,1064182.0,933367.58,0.878497
1649008800000,0.8791,0.9038,0.8765,0.9015,857497.0,761953.04,0.89012
1649016000000,0.9015,0.95,0.892,0.9432,2001665.0,1850609.6,0.9208
1649023200000,0.9425,0.943,0.9001,0.9125,2319780.0,2123301.29,0.920721
1649030400000,0.9131,0.9131,0.8706,0.8722,2011444.0,1786264.91,0.891609
1649037600000,0.8712,0.8777,0.8669,0.8677,685418.0,598473.14,0.872377
1649044800000,0.867,0.8729,0.8586,0.8723,953980.0,824855.77,0.865611
1649052000000,0.8723,0.8809,0.87,0.8739,595242.0,521087.89,0.875463
1649059200000,0.8739,0.8796,0.8533,0.8547,612017.0,530138.34,0.86678
1649066400000,0.8547,0.86,0.8379,0.8591,1002882.0,852283.89,0.84887
1649073600000,0.8591,0.8658,0.8413,0.8549,810435.0,692158.7,0.853524
1649080800000,0.8544,0.861,0.8329,0.8401,1278237.0,1079787.81,0.846929
1649088000000,0.8403,0.8537,0.8187,0.8332,1123267.0,940765.5,0.836194
1649095200000,0.8333,0.8564,0.8216,0.8561,841055.0,704432.8,0.838315
1649102400000,0.8564,0.898,0.8531,0.8958,1313081.0,1153492.7,0.875419
1649109600000,0.8957,0.8983,0.8742,0.8913,786778.0,697780.4,0.886189
1649116800000,0.8919,0.8932,0.8558,0.8575,688685.0,600940.53,0.874446
1649124000000,0.8581,0.8623,0.855,0.8564,191971.0,164813.73,0.858669
1649131200000,0.8571,0.8684,0.8543,0.861,495833.0,426487.4,0.861395
1649138400000,0.8609,0.8625,0.8473,0.8531,345559.0,295008.23,0.854752
1649145600000,0.8534,0.8551,0.8475,0.8481,164765.0,140144.27,0.851376
1649152800000,0.8475,0.8527,0.8451,0.8498,190653.0,161925.65,0.848906
1649160000000,0.8496,0.8644,0.8426,0.8443,654356.0,559495.41,0.853598
1649167200000,0.8436,0.845,0.8269,0.8298,552279.0,459681.45,0.835822
1649174400000,0.8305,0.8369,0.8254,0.83,302416.0,251647.57,0.83115
1649181600000,0.8299,0.8332,0.8175,0.8283,255462.0,210686.58,0.82534
1649188800000,0.8284,0.8296,0.8079,0.8178,541243.0,441016.31,0.818474
1649196000000,0.8172,0.8232,0.8035,0.8049,516130.0,419418.04,0.813598
1649203200000,0.805,0.8056,0.7504,0.7694,2032407.0,1573792.76,0.776932
1649210400000,0.7695,0.7736,0.7567,0.7586,405303.0,310171.48,0.765278
1649217600000,0.7582,0.7746,0.7554,0.7735,477135.0,365340.17,0.76484
1649224800000,0.7736,0.7832,0.7681,0.7693,443375.0,343874.32,0.775737
1649232000000,0.7698,0.7717,0.7584,0.7665,884647.0,677533.43,0.765002
1649239200000,0.7671,0.7671,0.739,0.7521,1482124.0,1112581.99,0.752548
1649246400000,0.7503,0.7554,0.7215,0.723,768847.0,568664.8,0.738798
1649253600000,0.7218,0.7274,0.7089,0.7228,753069.0,541878.68,0.718147
1649260800000,0.7215,0.728,0.7035,0.7235,549369.0,392618.19,0.715739
1649268000000,0.7236,0.7324,0.7088,0.7295,709010.0,512765.62,0.720506
1649275200000,0.7295,0.7339,0.725,0.7275,223383.0,163025.79,0.729462
1649282400000,0.7255,0.7269,0.6991,0.704,671701.0,477101.43,0.712692
1649289600000,0.7034,0.7183,0.6903,0.7151,992690.0,698408.18,0.704074
1649296800000,0.7161,0.7199,0.7062,0.7149,359095.0,256561.29,0.713045
1649304000000,0.7155,0.73,0.7149,0.7264,227226.0,164069.72,0.722675
1649311200000,0.7281,0.755,0.7239,0.7507,1339596.0,995846.79,0.739458
1649318400000,0.7512,0.7513,0.7369,0.7411,474963.0,353107.24,0.743813
1649325600000,0.7396,0.7458,0.7288,0.7441,444195.0,327546.59,0.737219
1649332800000,0.7434,0.7469,0.7278,0.7385,341206.0,251666.41,0.73729
1649340000000,0.738,0.7402,0.7183,0.7315,461837.0,337385.22,0.729126
1649347200000,0.7321,0.7472,0.7294,0.7429,398103.0,294322.03,0.738381
1649354400000,0.7434,0.7502,0.7364,0.7369,249769.0,185982.1,0.743485
1649361600000,0.7363,0.7416,0.7321,0.7361,92448.0,68214.73,0.73685
1649368800000,0.7359,0.7538,0.7359,0.7498,210937.0,157714.14,0.745205
1649376000000,0.7495,0.8095,0.7478,0.7825,7324833.0,5735243.93,0.779624
1649383200000,0.7825,0.8022,0.7811,0.7894,1378153.0,1090656.17,0.791807
1649390400000,0.7895,0.7998,0.784,0.7929,642709.0,508106.82,0.791908
1649397600000,0.7937,0.8011,0.7836,0.7963,1042370.0,825286.94,0.792335
1649404800000,0.7961,0.81,0.7897,0.7949,1207112.0,967158.55,0.799854
1649412000000,0.7951,0.7968,0.7692,0.7712,1028378.0,806881.12,0.782965
1649419200000,0.7709,0.7826,0.7559,0.7748,930415.0,716645.89,0.769231
1649426400000,0.7737,0.8067,0.7737,0.806,1755736.0,1393048.31,0.79031
1649433600000,0.806,0.8258,0.7875,0.7887,1861620.0,1499214.75,0.80715
1649440800000,0.7899,0.8025,0.7783,0.7962,881468.0,698930.18,0.790354
1649448000000,0.7951,0.8024,0.7822,0.784,668266.0,530815.9,0.792525
1649455200000,0.7836,0.786,0.755,0.7779,1392182.0,1068592.03,0.770413
1649462400000,0.778,0.8066,0.7706,0.7924,1493361.0,1175673.42,0.788742
1649469600000,0.793,0.8042,0.7722,0.7979,1467635.0,1160374.4,0.788157
1649476800000,0.7983,0.8122,0.7853,0.7956,1941937.0,1551751.17,0.798755
1649484000000,0.7949,0.8052,0.7907,0.8002,825799.0,658486.59,0.797964
1649491200000,0.7998,0.8047,0.79,0.7957,887181.0,708206.37,0.797342
1649498400000,0.7961,0.8146,0.7887,0.8065,1135181.0,910486.26,0.801665
1649505600000,0.8063,0.8224,0.8002,0.8151,1108672.0,898604.31,0.811325
1649512800000,0.8155,0.8219,0.7786,0.7815,1239484.0,991920.83,0.800569
1649520000000,0.7816,0.8114,0.7814,0.8061,911748.0,727028.49,0.79691
1649527200000,0.8065,0.81,0.7976,0.8049,536945.0,430510.98,0.803792
1649534400000,0.8031,0.8112,0.7987,0.799,451274.0,363284.11,0.805058
1649541600000,0.799,0.8034,0.7918,0.8026,501370.0,399550.08,0.797521
1649548800000,0.8027,0.8031,0.7927,0.7964,695062.0,554163.84,0.797733
1649556000000,0.7967,0.8122,0.7947,0.8108,594356.0,477783.72,0.803392
1649563200000,0.81,0.81,0.789,0.7907,412841.0,330316.62,0.799272
1649570400000,0.7912,0.7943,0.7813,0.7831,356684.0,280938.32,0.78787
1649577600000,0.7822,0.7869,0.7783,0.7791,302485.0,236944.83,0.782665
1649584800000,0.7807,0.7835,0.7719,0.7824,459314.0,356390.77,0.777679
1649592000000,0.7829,0.7864,0.7683,0.7698,529073.0,410838.54,0.777501
1649599200000,0.7691,0.7719,0.7631,0.7667,341572.0,262333.34,0.767492
1649606400000,0.7669,0.7854,0.7624,0.7813,457050.0,354553.23,0.773878
1649613600000,0.7816,0.7851,0.7776,0.7809,204826.0,160034.37,0.78135
1649620800000,0.7809,0.7862,0.7696,0.7706,613788.0,478172.49,0.778129
1649628000000,0.7702,0.7714,0.7464,0.7495,698018.0,527601.68,0.758703
1649635200000,0.7495,0.7563,0.732,0.7353,1294743.0,963364.76,0.744313
1649642400000,0.7348,0.7385,0.716,0.7218,928504.0,672214.28,0.727154
1649649600000,0.7217,0.7393,0.7215,0.7378,482511.0,352473.67,0.730567
1649656800000,0.7376,0.7404,0.7277,0.7347,335342.0,246182.12,0.734022
1649664000000,0.735,0.7386,0.6982,0.6982,775190.0,555280.81,0.718871
1649671200000,0.6985,0.7168,0.695,0.7123,1256232.0,888182.4,0.705956
1649678400000,0.7127,0.7219,0.6989,0.7126,904043.0,642859.6,0.7104
1649685600000,0.7124,0.7192,0.703,0.7034,393469.0,279867.67,0.711368
1649692800000,0.7031,0.7145,0.6999,0.7028,582649.0,411353.69,0.7072
1649700000000,0.7008,0.7027,0.6823,0.6863,650972.0,450762.76,0.692348
1649707200000,0.6862,0.6995,0.6772,0.6856,931551.0,641200.63,0.68835
1649714400000,0.6875,0.6953,0.679,0.6836,355332.0,244194.93,0.687173
1649721600000,0.6836,0.6891,0.6759,0.6821,522501.0,356902.96,0.682499
1649728800000,0.6815,0.6823,0.6612,0.6674,508861.0,339749.36,0.671411
1649736000000,0.6673,0.6852,0.667,0.6842,436870.0,295578.58,0.676196
1649743200000,0.6844,0.6867,0.6768,0.6853,299224.0,204022.43,0.681744
1649750400000,0.6841,0.6926,0.6835,0.6906,304552.0,209849.63,0.688152
1649757600000,0.6905,0.712,0.6895,0.7103,1041904.0,733011.68,0.700834
1649764800000,0.7105,0.7183,0.6992,0.7085,1045495.0,741290.19,0.708748
1649772000000,0.709,0.7096,0.6888,0.6976,709986.0,495228.11,0.698867
1649779200000,0.6977,0.7066,0.695,0.6977,330957.0,231737.74,0.7008
1649786400000,0.6969,0.7003,0.6752,0.6775,430238.0,295082.89,0.687847
1649793600000,0.6775,0.7018,0.6775,0.7013,264724.0,182434.73,0.689729
1649800800000,0.7005,0.712,0.6892,0.7113,355656.0,248609.95,0.700285
1649808000000,0.7117,0.7364,0.7085,0.7147,1421753.0,1025424.09,0.722477
1649815200000,0.7148,0.7264,0.7112,0.7209,654341.0,469794.72,0.71884
1649822400000,0.7209,0.7388,0.7189,0.7317,685256.0,500648.13,0.729053
1649829600000,0.7317,0.7334,0.7221,0.7304,423608.0,307683.33,0.727739
1649836800000,0.7305,0.7311,0.7158,0.717,498909.0,361120.98,0.723377
1649844000000,0.7168,0.7289,0.7072,0.7155,965363.0,692667.39,0.718052
1649851200000,0.7154,0.725,0.7039,0.7227,658144.0,469145.51,0.714308
1649858400000,0.7231,0.7372,0.716,0.7339,772738.0,561891.22,0.726468
1649865600000,0.7336,0.7426,0.7321,0.7357,528780.0,389496.54,0.737377
1649872800000,0.7353,0.7492,0.7353,0.7437,438055.0,325926.76,0.742526
1649880000000,0.7436,0.7534,0.7422,0.7519,329667.0,246396.65,0.747808
1649887200000,0.7528,0.7781,0.7528,0.7616,1769325.0,1356712.24,0.765707
1649894400000,0.7616,0.7713,0.7567,0.7696,977389.0,746410.32,0.76387
1649901600000,0.7695,0.7724,0.7594,0.764,520277.0,398278.14,0.76586
1649908800000,0.764,0.7661,0.7536,0.7562,400718.0,304138.16,0.759823
1649916000000,0.7567,0.7574,0.7461,0.7526,524666.0,394352.3,0.751651
1649923200000,0.7527,0.7728,0.7517,0.7689,1114273.0,848341.87,0.762501
1649930400000,0.7687,0.773,0.7586,0.7635,774442.0,592844.38,0.76579
1649937600000,0.7636,0.8,0.7608,0.7633,2375492.0,1859388.95,0.7804
1649944800000,0.7634,0.7745,0.7445,0.7539,2247105.0,1711421.67,0.759522
1649952000000,0.7536,0.7545,0.7355,0.7468,1169391.0,870287.77,0.744828
1649959200000,0.7458,0.7466,0.7341,0.7401,683601.0,506495.81,0.740207
1649966400000,0.74,0.7538,0.7356,0.753,368745.0,274117.52,0.744437
1649973600000,0.7535,0.7557,0.7397,0.7438,526168.0,393483.54,0.747604
1649980800000,0.7437,0.7536,0.7421,0.7489,609628.0,455450.13,0.747933
1649988000000,0.749,0.7683,0.7465,0.7546,1068745.0,806646.96,0.757494
1649995200000,0.7546,0.7584,0.7472,0.7531,372473.0,280420.64,0.752795
1650002400000,0.754,0.7558,0.738,0.7473,474461.0,353816.61,0.746762
1650009600000,0.7471,0.7515,0.7418,0.7426,228172.0,170202.12,0.746752
1650016800000,0.7433,0.7472,0.7403,0.744,287905.0,214098.28,0.74375
1650024000000,0.7441,0.7449,0.7239,0.7258,447984.0,329026.24,0.734271
1650031200000,0.7251,0.739,0.7189,0.7311,554399.0,404310.42,0.728969
1650038400000,0.731,0.7352,0.7256,0.7291,417818.0,305208.49,0.730403
1650045600000,0.7289,0.7302,0.7231,0.7258,255696.0,185755.29,0.726615
1650052800000,0.7256,0.7316,0.7237,0.7311,237065.0,172448.35,0.727553
1650060000000,0.7314,0.7394,0.7292,0.7382,326932.0,239908.06,0.734238
1650067200000,0.7384,0.7466,0.7329,0.7352,751127.0,555648.78,0.739791
1650074400000,0.7352,0.7386,0.732,0.7344,171816.0,126366.0,0.735302
1650081600000,0.7344,0.739,0.7314,0.7328,167677.0,123246.25,0.735218
1650088800000,0.7329,0.7347,0.7301,0.7303,80724.0,59101.34,0.732469
1650096000000,0.7303,0.7314,0.7253,0.7273,212124.0,154467.75,0.728321
1650103200000,0.7274,0.731,0.7264,0.7279,162664.0,118625.25,0.728703
1650110400000,0.7284,0.7292,0.7231,0.724,218363.0,158774.75,0.726143
1650117600000,0.7244,0.7282,0.709,0.7124,551397.0,396063.04,0.718622
1650124800000,0.7126,0.7208,0.7101,0.7199,195782.0,140235.38,0.715345
1650132000000,0.7199,0.7246,0.7199,0.7226,132158.0,95421.47,0.72234
1650139200000,0.7222,0.7298,0.7221,0.7294,153951.0,111855.96,0.725992
1650146400000,0.7295,0.7324,0.7272,0.7276,190615.0,139224.08,0.729843
1650153600000,0.7275,0.7286,0.7191,0.7198,177521.0,128239.13,0.723889
1650160800000,0.7201,0.7204,0.7109,0.7134,220806.0,157669.39,0.715494
1650168000000,0.7134,0.7189,0.7132,0.7176,173323.0,124070.95,0.716136
1650175200000,0.7176,0.7189,0.712,0.714,128937.0,92315.5,0.715424
1650182400000,0.7134,0.7194,0.713,0.7143,125848.0,90164.92,0.716212
1650189600000,0.7146,0.7181,0.7117,0.7174,150799.0,107741.99,0.714845
1650196800000,0.7175,0.7213,0.7156,0.717,171871.0,123495.81,0.718452
1650204000000,0.7162,0.7207,0.7145,0.7199,145980.0,104809.75,0.717556
1650211200000,0.7199,0.722,0.714,0.714,201409.0,144737.72,0.718165
1650218400000,0.7144,0.7211,0.7071,0.7161,635603.0,453559.38,0.714096
1650225600000,0.7161,0.7173,0.7069,0.7096,297808.0,211548.8,0.712019
1650232800000,0.7095,0.7097,0.6803,0.6873,884390.0,613411.56,0.694435
1650240000000,0.6876,0.7046,0.6825,0.696,1050287.0,730996.22,0.693616
1650247200000,0.6955,0.6983,0.6909,0.6924,210397.0,146153.9,0.69463
1650254400000,0.6922,0.6939,0.6526,0.6575,1539499.0,1023503.04,0.672907
1650261600000,0.6566,0.6622,0.6549,0.6577,402724.0,265486.19,0.658558
1650268800000,0.6578,0.6616,0.6543,0.6597,292246.0,192266.06,0.657936
1650276000000,0.6598,0.6718,0.6588,0.6682,311688.0,207495.64,0.665452
1650283200000,0.6683,0.682,0.6682,0.6704,475549.0,321035.59,0.675133
1650290400000,0.6704,0.6763,0.6682,0.6702,284843.0,191415.55,0.67225
1650297600000,0.6702,0.6986,0.6648,0.695,824262.0,562151.44,0.68156
1650304800000,0.6949,0.7117,0.6931,0.7065,984370.0,692578.06,0.702583
1650312000000,0.7064,0.7117,0.702,0.709,270891.0,191502.84,0.706834
1650319200000,0.7086,0.7146,0.7054,0.7123,199422.0,141681.86,0.709981
1650326400000,0.7125,0.7177,0.6973,0.6973,524805.0,372188.41,0.707919
1650333600000,0.6972,0.6981,0.692,0.6952,291172.0,202580.95,0.695018
1650340800000,0.6953,0.7021,0.6952,0.6965,246190.0,171987.56,0.698671
1650348000000,0.6971,0.6999,0.6926,0.6966,142042.0,98984.2,0.696249
1650355200000,0.6968,0.7019,0.694,0.6963,232257.0,161950.46,0.697951
1650362400000,0.696,0.7128,0.696,0.7047,330989.0,233258.85,0.704691
1650369600000,0.7037,0.7174,0.7036,0.7168,328998.0,233768.61,0.710573
1650376800000,0.7174,0.7278,0.7164,0.7247,553596.0,399405.33,0.72222
1650384000000,0.7248,0.7347,0.7215,0.7247,502281.0,365458.54,0.7281
1650391200000,0.7243,0.7268,0.7219,0.7243,202352.0,146499.29,0.72435
1650398400000,0.7239,0.7294,0.7175,0.7258,309952.0,224160.14,0.723441
1650405600000,0.7258,0.7321,0.7234,0.7305,95188.0,69379.33,0.727719
1650412800000,0.7307,0.7363,0.716,0.7235,567487.0,411942.38,0.726119
1650420000000,0.7234,0.7273,0.7204,0.7253,274032.0,198368.71,0.72384
1650427200000,0.7252,0.7323,0.72,0.7318,404736.0,293634.81,0.725968
1650434400000,0.7322,0.7383,0.7253,0.7279,338311.0,247766.01,0.731849
1650441600000,0.7282,0.7349,0.7256,0.7284,285117.0,208067.98,0.73025
1650448800000,0.7285,0.7408,0.7267,0.737,440209.0,323999.09,0.73385
1650456000000,0.737,0.7451,0.7184,0.7242,1785651.0,1307333.14,0.73182
1650463200000,0.7238,0.727,0.7008,0.712,1156563.0,825147.57,0.713686
1650470400000,0.7115,0.7266,0.7036,0.7266,438986.0,314382.24,0.714623
1650477600000,0.7266,0.7419,0.7098,0.7346,3298986.0,2398709.32,0.725775
1650484800000,0.7347,0.8492,0.7261,0.8418,7586304.0,6134875.05,0.78751
1650492000000,0.8416,1.1047,0.8354,1.0991,50547348.0,50055216.46,0.969961
1650499200000,1.0991,1.14,1.0435,1.0524,36872017.0,40459726.81,1.092745
1650506400000,1.0533,1.1838,1.0529,1.1062,23030309.0,25809841.69,1.119993
1650513600000,1.1062,1.125,1.0563,1.0643,9822126.0,10678999.11,1.091204
1650520800000,1.0643,1.1093,1.054,1.072,12228569.0,13183909.32,1.081716
1650528000000,1.0719,1.1387,1.0341,1.0382,20305263.0,22299162.61,1.087235
1650535200000,1.0384,1.0422,1.0008,1.0191,13932575.0,14205645.52,1.021083
1650542400000,1.018,1.0573,0.9853,0.9966,12510752.0,12798102.36,1.021616
1650549600000,0.9966,1.0159,0.9721,0.9815,7558472.0,7482219.22,0.994152
1650556800000,0.9816,1.0144,0.9757,1.0009,8145118.0,8108565.46,0.995302
1650564000000,1.0006,1.0028,0.966,0.971,5175535.0,5101748.23,0.98413
1650571200000,0.9704,0.9993,0.9474,0.9535,6821514.0,6666005.49,0.97366
1650578400000,0.9529,0.9577,0.9247,0.9467,6766005.0,6367469.67,0.941123
1650585600000,0.9466,0.9798,0.91,0.9238,7873769.0,7392975.19,0.945166
1650592800000,0.9234,0.9332,0.908,0.9166,3881327.0,3570745.03,0.920611
1650600000000,0.9175,0.9285,0.9136,0.9168,2226160.0,2051284.75,0.921052
1650607200000,0.9166,0.9216,0.8888,0.9022,4443762.0,4029354.12,0.904987
1650614400000,0.9023,0.9052,0.88,0.8861,2849793.0,2539960.18,0.892416
1650621600000,0.8852,0.907,0.8816,0.9012,3507894.0,3149972.16,0.894421
1650628800000,0.9012,0.9071,0.8841,0.8922,2931558.0,2620358.13,0.895556
1650636000000,0.8921,0.9241,0.8874,0.8935,5194595.0,4683381.36,0.905755
1650643200000,0.8934,0.9158,0.8871,0.9065,2082424.0,1877078.55,0.901532
1650650400000,0.9067,0.9181,0.8914,0.8936,1787592.0,1618404.2,0.905045
1650657600000,0.8935,0.8985,0.85,0.8529,2959893.0,2572129.44,0.874473
1650664800000,0.8532,0.8641,0.8437,0.8621,2956552.0,2520211.9,0.853713
1650672000000,0.8624,0.9198,0.862,0.8957,10282916.0,9134873.47,0.891972
1650679200000,0.8957,0.915,0.8758,0.8936,3541940.0,3160923.57,0.895401
1650686400000,0.8936,0.9089,0.8849,0.8975,1581001.0,1418691.51,0.896909
1650693600000,0.8973,0.9062,0.8822,0.9046,1343814.0,1200722.5,0.89404
1650700800000,0.9044,0.915,0.855,0.8556,3435020.0,3043144.82,0.885991
1650708000000,0.8556,0.868,0.8556,0.8626,1145912.0,988785.31,0.862034
1650715200000,0.8627,0.8737,0.8526,0.8722,1366365.0,1178792.03,0.86292
1650722400000,0.8727,0.8784,0.8656,0.8661,846790.0,738641.83,0.872185
1650729600000,0.8662,0.877,0.858,0.8757,961585.0,834421.96,0.86727
1650736800000,0.8756,0.876,0.8617,0.8659,640527.0,556311.52,0.868603
1650744000000,0.866,0.8673,0.8563,0.8608,585198.0,503758.92,0.861705
1650751200000,0.8607,0.8624,0.8306,0.8377,1715203.0,1452677.62,0.846094
1650758400000,0.8379,0.8596,0.8363,0.8436,3231697.0,2741299.19,0.848059
1650765600000,0.8444,0.8522,0.8398,0.85,1070456.0,906477.92,0.845936
1650772800000,0.8496,0.8514,0.8329,0.841,931736.0,783059.93,0.84197
1650780000000,0.8416,0.844,0.8335,0.8355,593410.0,497862.97,0.838768
1650787200000,0.835,0.8444,0.8258,0.8263,1600161.0,1335538.08,0.835357
1650794400000,0.8263,0.8297,0.8158,0.8182,967345.0,795081.5,0.822796
1650801600000,0.8183,0.8223,0.7997,0.8123,1850886.0,1499649.69,0.810923
1650808800000,0.8125,0.8243,0.8056,0.8216,1358088.0,1105241.09,0.814818
1650816000000,0.8219,0.8229,0.8038,0.8189,1537068.0,1248822.84,0.813306
1650823200000,0.8188,0.8272,0.8174,0.824,1045893.0,860188.99,0.822368
1650830400000,0.8245,0.8265,0.8139,0.8193,828135.0,677747.03,0.820124
1650837600000,0.8196,0.8214,0.8047,0.8094,724126.0,589975.6,0.812901
1650844800000,0.8091,0.8124,0.7512,0.7659,4648254.0,3587802.09,0.780989
1650852000000,0.7658,0.7733,0.76,0.7713,1197148.0,918738.71,0.766565
1650859200000,0.7715,0.7734,0.7596,0.7599,861302.0,660909.04,0.766672
1650866400000,0.7599,0.7664,0.7369,0.7374,1983482.0,1480578.3,0.752161
1650873600000,0.7374,0.753,0.7332,0.7523,1217726.0,903279.89,0.742811
1650880800000,0.752,0.755,0.7392,0.7544,1328149.0,993016.42,0.747065
1650888000000,0.7541,0.7587,0.7432,0.7478,1330630.0,1002104.44,0.75095
1650895200000,0.7478,0.7581,0.7425,0.7483,1137094.0,855038.29,0.750301
1650902400000,0.7478,0.7749,0.7464,0.764,1637450.0,1250461.52,0.761067
1650909600000,0.7644,0.7746,0.7594,0.7716,1192596.0,917641.87,0.766941
1650916800000,0.7713,0.7746,0.7665,0.7724,578474.0,445661.21,0.770544
1650924000000,0.7724,0.7816,0.768,0.778,1020788.0,791018.31,0.774782
1650931200000,0.7777,0.7921,0.764,0.7646,1996144.0,1558766.92,0.778446
1650938400000,0.7649,0.77,0.7591,0.7625,629894.0,481464.81,0.76456
1650945600000,0.7625,0.7733,0.7617,0.7702,1042426.0,801266.95,0.767642
1650952800000,0.7704,0.7717,0.7579,0.7586,854233.0,652943.51,0.764867
1650960000000,0.7589,0.766,0.749,0.7526,1371601.0,1040463.5,0.757562
1650967200000,0.7528,0.7547,0.7461,0.749,1031577.0,775082.12,0.750374
1650974400000,0.7487,0.9,0.7485,0.854,36528362.0,31099004.07,0.827396
1650981600000,0.8538,0.8873,0.811,0.8189,11645952.0,9978646.04,0.849856
1650988800000,0.8184,0.833,0.7783,0.7861,7029467.0,5682278.79,0.805975
1650996000000,0.7862,0.7977,0.7736,0.7883,4434924.0,3489305.28,0.785647
1651003200000,0.7884,0.8169,0.7791,0.8105,5333043.0,4260663.69,0.797865
1651010400000,0.8105,0.855,0.8053,0.8325,11859653.0,9935962.33,0.830596
1651017600000,0.8323,0.8758,0.8076,0.8537,13545623.0,11387409.86,0.841667
1651024800000,0.8538,0.865,0.8308,0.8455,5713395.0,4841471.77,0.847874
1651032000000,0.8454,0.858,0.8332,0.8453,4032278.0,3413702.45,0.8456
1651039200000,0.8447,0.8595,0.8351,0.8492,4921670.0,4165608.59,0.847303
1651046400000,0.8495,0.853,0.8134,0.8387,6542172.0,5455605.91,0.832993
1651053600000,0.8383,0.9113,0.828,0.892,16613716.0,14557842.06,0.870172
1651060800000,0.8915,0.8993,0.8558,0.8715,8995781.0,7880169.34,0.87733
1651068000000,0.8709,0.8737,0.8514,0.8579,3393777.0,2918349.54,0.862378
1651075200000,0.8579,0.8648,0.8403,0.8567,2636589.0,2250870.0,0.852547
1651082400000,0.8564,0.8732,0.8453,0.8464,2986095.0,2571963.89,0.85951
1651089600000,0.8463,0.8639,0.8436,0.8606,2203986.0,1880845.75,0.853792
1651096800000,0.8607,0.8848,0.8578,0.8755,2807055.0,2454549.59,0.87156
1651104000000,0.8755,0.9017,0.8711,0.8748,4688413.0,4157104.35,0.886401
1651111200000,0.8747,0.9182,0.8691,0.8874,3357467.0,3007087.5,0.893864
1651118400000,0.8877,0.9195,0.8868,0.9124,2534444.0,2289614.01,0.903666
1651125600000,0.9125,0.935,0.8972,0.8995,4312999.0,3952215.19,0.916408
1651132800000,0.8987,0.9021,0.8824,0.8854,2963298.0,2639122.72,0.892276
1651140000000,0.8855,0.8948,0.875,0.8816,1873940.0,1658735.99,0.884913
1651147200000,0.8815,0.8844,0.8479,0.8524,2648351.0,2288479.38,0.865999
1651154400000,0.8521,0.8701,0.8322,0.8372,3100412.0,2628594.67,0.851411
1651161600000,0.8369,0.8461,0.8322,0.8457,1116574.0,938032.99,0.838911
1651168800000,0.8461,0.847,0.831,0.8334,938835.0,788343.71,0.83886
1651176000000,0.8333,0.8348,0.8147,0.8195,2129238.0,1758950.34,0.82453
1651183200000,0.8194,0.8197,0.805,0.8148,1783813.0,1448941.64,0.812231
1651190400000,0.8148,0.824,0.8084,0.8105,1975982.0,1613973.72,0.816269
1651197600000,0.8108,0.8129,0.7876,0.7925,1996161.0,1592853.59,0.800039
1651204800000,0.7919,0.7965,0.7877,0.7919,920756.0,729409.26,0.7921
1651212000000,0.7919,0.8124,0.79,0.8084,1803244.0,1443887.72,0.801365
1651219200000,0.8083,0.8083,0.7803,0.7811,2098921.0,1660231.85,0.794176
1651226400000,0.7806,0.7855,0.7644,0.781,1834225.0,1424970.76,0.774949
1651233600000,0.7806,0.7859,0.7737,0.7844,860391.0,671721.16,0.779733
1651240800000,0.7844,0.7847,0.768,0.7742,612171.0,474275.54,0.776047
1651248000000,0.7732,0.7758,0.7573,0.7665,1029339.0,787550.16,0.766438
1651255200000,0.7664,0.7682,0.7424,0.7464,1153130.0,870103.01,0.755106
1651262400000,0.7465,0.7538,0.7426,0.7434,453966.0,339741.98,0.748263
1651269600000,0.7434,0.7491,0.737,0.7436,880560.0,654452.79,0.74305
1651276800000,0.7435,0.7707,0.7404,0.7613,2647420.0,2006294.29,0.755847
1651284000000,0.7611,0.7692,0.7537,0.766,692548.0,527879.06,0.761396
1651291200000,0.7661,0.7884,0.7606,0.7839,2281155.0,1772139.15,0.774443
1651298400000,0.7839,0.8188,0.7781,0.7885,4191702.0,3360514.01,0.798489
1651305600000,0.7884,0.8145,0.7727,0.8005,2844268.0,2259924.82,0.793582
1651312800000,0.8005,0.8266,0.7844,0.8017,2669256.0,2153309.08,0.805501
1651320000000,0.8015,0.8241,0.7952,0.8178,2493455.0,2022531.07,0.80965
1651327200000,0.818,0.8191,0.7833,0.7979,2614190.0,2093476.03,0.800623
1651334400000,0.7974,0.8336,0.7974,0.8083,4077062.0,3328456.45,0.815793
1651341600000,0.807,0.8227,0.798,0.8171,2632711.0,2137701.33,0.810276
1651348800000,0.8156,0.8343,0.8129,0.8246,2525974.0,2084371.67,0.823762
1651356000000,0.823,0.8276,0.7465,0.7538,5737181.0,4463561.9,0.78675
1651363200000,0.7533,0.758,0.6828,0.7166,5658923.0,4073411.66,0.719479
1651370400000,0.7178,0.7318,0.7136,0.7252,2391061.0,1732075.45,0.722752
1651377600000,0.7252,0.7443,0.7143,0.7378,2016511.0,1470032.3,0.729199
1651384800000,0.7368,0.7403,0.7174,0.7218,1108490.0,805461.16,0.728796
1651392000000,0.7217,0.7292,0.7064,0.7151,1446624.0,1041045.47,0.717787
1651399200000,0.7153,0.7187,0.6941,0.6958,1826812.0,1292866.3,0.706558
1651406400000,0.6958,0.7053,0.6898,0.6936,1273365.0,889404.14,0.697564
1651413600000,0.6935,0.719,0.6877,0.7164,1640691.0,1148937.33,0.703103
1651420800000,0.7168,0.7259,0.7122,0.7128,1148417.0,826631.85,0.719143
1651428000000,0.7137,0.7142,0.6916,0.6969,902450.0,632959.19,0.702515
1651435200000,0.697,0.7131,0.6944,0.7037,846969.0,596172.44,0.703863
1651442400000,0.7044,0.7237,0.7035,0.7166,999101.0,710344.73,0.713911
1651449600000,0.7166,0.7781,0.7161,0.7383,4516047.0,3390514.87,0.747721
1651456800000,0.7388,0.7539,0.7313,0.7499,2387029.0,1773415.55,0.742488
1651464000000,0.7497,0.7539,0.7426,0.7517,825628.0,618090.55,0.748231
1651471200000,0.7513,0.7655,0.7474,0.7496,1428475.0,1078800.29,0.756463
1651478400000,0.7498,0.7545,0.7352,0.7412,1389684.0,1035338.43,0.744816
1651485600000,0.7402,0.7458,0.6927,0.6962,2425060.0,1734140.56,0.719468
1651492800000,0.6959,0.7301,0.6944,0.7273,2536986.0,1808983.75,0.712406
1651500000000,0.7273,0.7353,0.7056,0.7093,1552086.0,1121089.41,0.720667
1651507200000,0.7088,0.7156,0.6883,0.6956,1244959.0,875344.83,0.701934
1651514400000,0.695,0.703,0.688,0.7016,1068563.0,743487.46,0.695358
1651521600000,0.7009,0.7254,0.697,0.7212,1000076.0,706368.24,0.711222
1651528800000,0.7216,0.7276,0.7123,0.719,681231.0,490322.06,0.719947
1651536000000,0.7192,0.7195,0.7019,0.7137,1069089.0,756603.72,0.710556
1651543200000,0.715,0.719,0.7012,0.7042,842588.0,598644.49,0.710151
1651550400000,0.7048,0.7094,0.7001,0.7086,416681.0,293694.07,0.704665
1651557600000,0.7088,0.7122,0.7028,0.7101,553887.0,392374.72,0.707491
1651564800000,0.7101,0.7137,0.6994,0.7,637239.0,450246.72,0.706764
1651572000000,0.7009,0.707,0.6929,0.7053,1031996.0,722302.72,0.699871
1651579200000,0.7057,0.7507,0.7042,0.7202,3702740.0,2688273.82,0.727811
1651586400000,0.7206,0.7505,0.7035,0.715,4206252.0,3055909.89,0.727033
1651593600000,0.715,0.716,0.6963,0.6963,1148106.0,808820.08,0.706295
1651600800000,0.6961,0.7019,0.6816,0.6857,1314237.0,910172.92,0.69181
1651608000000,0.6855,0.6932,0.675,0.6916,919427.0,627674.6,0.683971
1651615200000,0.6924,0.7032,0.6859,0.695,726874.0,505464.04,0.694555
1651622400000,0.6948,0.7179,0.6943,0.7053,1862952.0,1320689.36,0.706415
1651629600000,0.7057,0.7458,0.7057,0.7285,2988950.0,2183239.0,0.726511
1651636800000,0.7287,0.7432,0.7227,0.7257,1791879.0,1311311.18,0.732981
1651644000000,0.7264,0.7409,0.7195,0.7362,1656314.0,1210559.81,0.730139
1651651200000,0.7362,0.7527,0.7282,0.7357,1804629.0,1332173.26,0.74045
1651658400000,0.7357,0.7474,0.7306,0.733,2083441.0,1537281.37,0.73903
1651665600000,0.7342,0.742,0.716,0.7161,1389058.0,1010786.0,0.729531
1651672800000,0.7163,0.722,0.7086,0.7155,824869.0,590447.4,0.715299
1651680000000,0.7154,0.7865,0.713,0.7477,7328133.0,5564217.79,0.750673
1651687200000,0.7478,0.7913,0.7469,0.7866,3811341.0,2945434.46,0.769548
1651694400000,0.7866,0.7931,0.769,0.7754,1899734.0,1487634.81,0.781053
1651701600000,0.7753,0.8067,0.773,0.8011,1904459.0,1500262.75,0.790133
1651708800000,0.8013,0.815,0.7944,0.8003,3916662.0,3146621.6,0.804702
1651716000000,0.7996,0.8279,0.7971,0.8127,2764220.0,2244110.04,0.812801
1651723200000,0.8136,0.8227,0.7911,0.7958,1175768.0,950519.8,0.80709
1651730400000,0.796,0.7985,0.7875,0.7925,1149461.0,910968.73,0.792968
1651737600000,0.7917,0.7969,0.7833,0.7853,641271.0,506024.65,0.790194
1651744800000,0.7849,0.8012,0.7831,0.7916,864182.0,685628.48,0.792288
1651752000000,0.7912,0.8097,0.7762,0.7788,1640005.0,1303829.23,0.793232
1651759200000,0.7787,0.781,0.6853,0.6917,4451028.0,3225324.78,0.732616
1651766400000,0.6915,0.7128,0.6883,0.7012,2851426.0,2000037.02,0.700721
1651773600000,0.7,0.7101,0.6879,0.7014,1888427.0,1316266.09,0.698998
1651780800000,0.701,0.7187,0.6969,0.7134,1088343.0,771495.13,0.707853
1651788000000,0.713,0.7193,0.7025,0.717,537118.0,381757.36,0.710841
1651795200000,0.7173,0.7392,0.6963,0.7103,2394265.0,1716791.93,0.717776
1651802400000,0.7097,0.729,0.7085,0.7149,1013745.0,729911.22,0.718855
1651809600000,0.7142,0.7152,0.7035,0.7124,514369.0,364724.09,0.709326
1651816800000,0.7119,0.7136,0.6781,0.6932,1299391.0,900318.34,0.695351
1651824000000,0.6929,0.7045,0.6899,0.7027,880597.0,614597.88,0.697124
1651831200000,0.7027,0.7047,0.6773,0.6851,813914.0,560427.03,0.690666
1651838400000,0.6869,0.7058,0.6775,0.6877,1431997.0,990516.85,0.691651
1651845600000,0.6871,0.7358,0.6861,0.712,2006829.0,1437471.65,0.711713
1651852800000,0.7119,0.7119,0.6929,0.6936,1746249.0,1225391.85,0.702294
1651860000000,0.6939,0.7047,0.6895,0.7008,762193.0,531539.76,0.697086
1651867200000,0.7009,0.7071,0.6947,0.6995,394561.0,277015.65,0.700902
1651874400000,0.6994,0.711,0.697,0.7021,442200.0,311535.08,0.704031
1651881600000,0.7021,0.7189,0.699,0.7124,1616825.0,1144362.32,0.709072
1651888800000,0.7118,0.7148,0.6901,0.6916,1501504.0,1052530.14,0.702601
1651896000000,0.6912,0.6965,0.6787,0.696,919010.0,630609.26,0.687489
1651903200000,0.6964,0.6975,0.6828,0.6951,655584.0,453660.46,0.690139
1651910400000,0.695,0.7055,0.6921,0.6983,770659.0,539307.21,0.698833
1651917600000,0.6977,0.7068,0.6948,0.6959,526850.0,369212.65,0.700823
1651924800000,0.6961,0.6976,0.6844,0.6883,752703.0,519512.72,0.690885
1651932000000,0.6877,0.6958,0.6864,0.6938,262535.0,181615.49,0.691141
1651939200000,0.6942,0.7035,0.6904,0.6973,628705.0,437960.65,0.696967
1651946400000,0.6969,0.703,0.6953,0.6978,378340.0,264401.01,0.699156
1651953600000,0.6987,0.6998,0.67,0.6716,1081252.0,744008.29,0.684835
1651960800000,0.6717,0.6757,0.6514,0.6684,1626615.0,1083402.74,0.66352
1651968000000,0.6685,0.6781,0.645,0.6469,1488545.0,986749.66,0.662009
1651975200000,0.6461,0.6487,0.6336,0.6436,1312369.0,840782.31,0.641124
1651982400000,0.6431,0.6502,0.6246,0.6292,1141089.0,724184.16,0.637499
1651989600000,0.6297,0.6421,0.6297,0.6337,480294.0,305214.46,0.636012
1651996800000,0.6337,0.6387,0.6287,0.6296,344885.0,218730.49,0.63379
1652004000000,0.6297,0.6493,0.6289,0.6432,718071.0,460795.02,0.639426
1652011200000,0.6433,0.6458,0.6264,0.6266,967257.0,614200.63,0.636361
1652018400000,0.6269,0.6465,0.6253,0.6351,834879.0,533137.2,0.63609
1652025600000,0.635,0.6422,0.6132,0.6217,2200170.0,1379082.56,0.627664
1652032800000,0.6218,0.6425,0.6167,0.6369,1313330.0,822344.28,0.629623
1652040000000,0.6367,0.6382,0.6239,0.6363,885893.0,559076.72,0.631049
1652047200000,0.6363,0.6363,0.6204,0.6272,887653.0,556419.3,0.628047
1652054400000,0.6277,0.6404,0.6112,0.6113,785696.0,493138.13,0.626339
1652061600000,0.6123,0.6129,0.5837,0.5943,1360040.0,810182.78,0.597775
1652068800000,0.5942,0.6074,0.5894,0.5908,753911.0,450911.33,0.598453
1652076000000,0.5908,0.5962,0.5822,0.5827,994340.0,584827.39,0.589424
1652083200000,0.5827,0.585,0.5691,0.5777,1029495.0,594411.5,0.57697
1652090400000,0.5792,0.5795,0.5477,0.5614,1750270.0,978380.15,0.563031
1652097600000,0.5615,0.574,0.5493,0.5648,2065542.0,1156770.95,0.561643
1652104800000,0.565,0.5671,0.5379,0.5447,1289951.0,710863.75,0.552177
1652112000000,0.5439,0.5513,0.5105,0.5251,2507338.0,1323367.07,0.530698
1652119200000,0.5251,0.5297,0.4968,0.51,2293009.0,1173337.78,0.513011
1652126400000,0.5113,0.5425,0.5106,0.5206,2327793.0,1237793.06,0.52678
1652133600000,0.5214,0.5348,0.495,0.5008,1907698.0,983116.44,0.515173
1652140800000,0.5008,0.5341,0.4789,0.5207,5363235.0,2734369.03,0.506357
1652148000000,0.5212,0.5263,0.5057,0.5057,2140609.0,1105145.04,0.51642
1652155200000,0.506,0.5572,0.5022,0.5519,1876251.0,998974.44,0.529858
1652162400000,0.5521,0.57,0.5406,0.5407,2808214.0,1557807.96,0.555648
1652169600000,0.5403,0.5581,0.5347,0.5351,1802148.0,986955.09,0.546509
1652176800000,0.5346,0.5584,0.5322,0.5537,2416348.0,1312859.46,0.545476
1652184000000,0.5536,0.5695,0.5443,0.5507,2038109.0,1128749.84,0.556916
1652191200000,0.5512,0.5573,0.5149,0.536,2672332.0,1416458.97,0.535851
1652198400000,0.5364,0.5445,0.52,0.5391,1799010.0,955550.18,0.532233
1652205600000,0.5398,0.5402,0.5127,0.5144,1084612.0,571302.42,0.526274
1652212800000,0.5146,0.5162,0.4794,0.4828,1235107.0,615610.26,0.497593
1652220000000,0.4828,0.5167,0.4813,0.5071,1764440.0,880155.37,0.499541
1652227200000,0.5067,0.5208,0.4774,0.4804,2492666.0,1245784.93,0.499661
1652234400000,0.4804,0.5134,0.4778,0.4948,2593844.0,1291216.5,0.495941
1652241600000,0.4947,0.5029,0.4781,0.4802,2512073.0,1228506.21,0.490785
1652248800000,0.48,0.4876,0.4374,0.4551,3194539.0,1473777.97,0.462169
1652256000000,0.4552,0.4862,0.4499,0.4838,3558111.0,1662595.94,0.467784
1652263200000,0.484,0.4926,0.4454,0.4487,2582901.0,1217986.09,0.469431
1652270400000,0.4488,0.4628,0.3649,0.4275,9246438.27,3804104.93,0.413559
1652277600000,0.4267,0.44,0.4095,0.4223,3727497.0,1581259.77,0.424751
1652284800000,0.4234,0.4293,0.3903,0.4068,2025166.0,830382.39,0.409549
1652292000000,0.4056,0.4096,0.3778,0.383,1509460.0,591763.65,0.393613
1652299200000,0.3832,0.3936,0.3537,0.3837,1808468.0,672494.92,0.37365
1652306400000,0.3835,0.3946,0.3737,0.3887,1110590.0,426747.24,0.384119
1652313600000,0.3883,0.4144,0.3778,0.3794,1514226.0,595890.78,0.396284
1652320800000,0.3792,0.3805,0.3307,0.3329,4631803.0,1606180.73,0.355476
1652328000000,0.3329,0.3456,0.3052,0.3196,3863033.0,1253576.12,0.325376
1652335200000,0.3203,0.3422,0.2965,0.3315,2915119.99,935502.06,0.31925
1652342400000,0.3324,0.3381,0.319,0.3241,1760118.0,574635.44,0.328565
1652349600000,0.3237,0.3492,0.321,0.3287,1717612.0,575125.05,0.335171
1652356800000,0.3295,0.3549,0.3184,0.3292,8486680.0,2857994.22,0.33665
1652364000000,0.3284,0.3646,0.3258,0.3421,2014917.0,696482.19,0.34552
1652371200000,0.342,0.3655,0.3387,0.3478,1706767.0,607417.12,0.352185
1652378400000,0.3491,0.3518,0.3315,0.3372,1357206.0,460371.76,0.341509
1652385600000,0.3374,0.344,0.3226,0.3303,1689986.0,564548.54,0.333284
1652392800000,0.3305,0.341,0.3215,0.3359,483137.0,160490.5,0.331212
1652400000000,0.336,0.3543,0.3296,0.3435,1213380.0,415485.23,0.342002
1652407200000,0.3435,0.3873,0.3424,0.3811,2089358.0,765446.1,0.365392
1652414400000,0.3816,0.3995,0.3746,0.3901,2134157.0,823978.32,0.387086
1652421600000,0.3906,0.394,0.3707,0.3712,1263060.0,486336.48,0.382654
1652428800000,0.3713,0.3906,0.3712,0.3809,1113610.0,424400.91,0.381213
1652436000000,0.381,0.4,0.3768,0.3965,933613.0,360525.56,0.388356
1652443200000,0.3971,0.3989,0.3856,0.3981,1690543.0,662443.5,0.392242
1652450400000,0.3989,0.4123,0.3886,0.3903,1433369.0,577548.68,0.400649
1652457600000,0.3904,0.3953,0.3758,0.376,654688.0,252097.27,0.385921
1652464800000,0.376,0.3831,0.3725,0.3775,467990.0,177283.43,0.377805
1652472000000,0.3778,0.3898,0.3724,0.3889,469697.0,177985.38,0.380845
1652479200000,0.3889,0.389,0.3659,0.3676,418065.0,157889.81,0.377234
1652486400000,0.3677,0.404,0.3661,0.4003,1842946.0,717686.39,0.385288
1652493600000,0.4004,0.4012,0.3844,0.3862,639709.0,251859.19,0.392691
1652500800000,0.3862,0.3862,0.371,0.384,826853.0,311756.84,0.378566
1652508000000,0.384,0.3862,0.3779,0.3805,519559.0,198799.84,0.382041
1652515200000,0.3803,0.3932,0.3797,0.3867,597927.0,231235.12,0.386626
1652522400000,0.3872,0.3874,0.3591,0.3677,1157958.0,427751.9,0.372684
1652529600000,0.3677,0.3862,0.3604,0.3613,1858416.0,690591.69,0.373437
1652536800000,0.3612,0.3655,0.3562,0.3611,1233003.0,444058.48,0.36085
1652544000000,0.3607,0.3953,0.3552,0.3949,1654978.0,629865.34,0.374683
1652551200000,0.3955,0.4161,0.3945,0.4021,1404380.0,569313.29,0.405455
1652558400000,0.4024,0.4185,0.4008,0.4155,809078.0,329370.72,0.409761
1652565600000,0.4155,0.4246,0.4053,0.4182,865817.0,359716.78,0.414941
1652572800000,0.4183,0.4405,0.4136,0.4286,2893963.0,1231245.08,0.427187
1652580000000,0.4288,0.4305,0.4056,0.4127,1228666.0,510662.48,0.417735
1652587200000,0.4131,0.4252,0.4106,0.424,808715.0,337110.76,0.417795
1652594400000,0.425,0.4262,0.4136,0.4152,786287.0,331160.97,0.419864
1652601600000,0.4151,0.4211,0.4094,0.4171,634794.0,263786.5,0.415244
1652608800000,0.4171,0.4242,0.4104,0.4203,957990.0,400424.32,0.417281
1652616000000,0.4202,0.4257,0.4178,0.4237,818052.0,345502.12,0.42174
1652623200000,0.4232,0.4281,0.4068,0.4118,1426847.0,593159.93,0.417446
1652630400000,0.4122,0.4186,0.41,0.4148,835464.0,346526.31,0.414319
1652637600000,0.4149,0.44,0.4142,0.4292,1206413.0,519889.74,0.42752
1652644800000,0.4291,0.4396,0.4259,0.4345,686936.0,297501.83,0.432788
1652652000000,0.4345,0.45,0.4344,0.4449,894983.0,394705.13,0.442513
1652659200000,0.4448,0.4512,0.4358,0.441,1390040.0,615196.43,0.443509
1652666400000,0.4409,0.4429,0.4311,0.4338,745496.0,325925.66,0.436965
1652673600000,0.4336,0.4337,0.4229,0.4248,585270.0,250583.89,0.428121
1652680800000,0.425,0.425,0.3941,0.4012,1398939.0,564300.94,0.408932
1652688000000,0.4012,0.412,0.3926,0.3966,873224.0,351212.5,0.402348
1652695200000,0.3965,0.409,0.3921,0.4022,1023951.0,411718.65,0.400585
1652702400000,0.4029,0.4096,0.3964,0.3968,1224131.0,491737.5,0.403178
1652709600000,0.3964,0.4028,0.3876,0.3984,1304587.0,516384.76,0.39519
1652716800000,0.3984,0.4016,0.3896,0.4007,896982.0,355014.97,0.395563
1652724000000,0.4006,0.4063,0.3965,0.3979,733179.0,294442.89,0.401442
1652731200000,0.3986,0.4072,0.3975,0.4053,688292.0,276605.24,0.402404
1652738400000,0.4066,0.408,0.395,0.4025,715011.0,287027.87,0.401422
1652745600000,0.4025,0.4093,0.3992,0.4083,671261.0,272032.77,0.404147
1652752800000,0.4084,0.4203,0.4069,0.4179,423184.0,174975.24,0.413665
1652760000000,0.4173,0.4192,0.4131,0.4183,239208.0,99572.01,0.416139
1652767200000,0.4185,0.4261,0.4129,0.4133,704490.0,296079.98,0.419645
1652774400000,0.4131,0.4195,0.4115,0.417,397256.0,165399.32,0.415528
1652781600000,0.417,0.4188,0.4138,0.4141,443711.0,184479.39,0.416369
1652788800000,0.4141,0.4243,0.4129,0.4199,812556.0,341310.57,0.418711
1652796000000,0.4199,0.4209,0.4025,0.4088,592883.0,243677.21,0.411435
1652803200000,0.4087,0.4153,0.4032,0.4084,533885.0,218134.6,0.40925
1652810400000,0.4087,0.4128,0.3931,0.4054,1023392.0,410088.68,0.402921
1652817600000,0.4042,0.4277,0.4039,0.427,472800.0,196313.01,0.41586
1652824800000,0.4274,0.4312,0.4209,0.4255,730250.0,310760.02,0.426047
1652832000000,0.4253,0.4314,0.4153,0.4173,606558.0,256905.27,0.423485
1652839200000,0.4175,0.4237,0.4082,0.4106,1413146.0,587279.0,0.416049
1652846400000,0.4102,0.418,0.4101,0.4157,705053.0,292063.98,0.414202
1652853600000,0.4155,0.4172,0.4049,0.4098,679315.0,278753.04,0.410959
1652860800000,0.41,0.4118,0.4019,0.4086,464134.0,189265.04,0.406838
1652868000000,0.4086,0.4144,0.4073,0.4115,568330.0,233531.86,0.410885
1652875200000,0.412,0.413,0.3936,0.3938,1275297.0,515253.4,0.403413
1652882400000,0.3938,0.3981,0.3714,0.3755,1333659.0,510414.79,0.384763
1652889600000,0.3754,0.3806,0.3706,0.3775,582240.0,219297.06,0.375591
1652896800000,0.3775,0.3868,0.3749,0.385,446686.0,170228.43,0.380806
1652904000000,0.3847,0.3849,0.377,0.3789,333546.0,127053.15,0.380818
1652911200000,0.3785,0.3844,0.3693,0.3719,554743.0,208623.12,0.376933
1652918400000,0.3722,0.388,0.3587,0.3605,1475617.0,554422.96,0.373641
1652925600000,0.361,0.3793,0.3574,0.3758,1114478.0,411052.77,0.368344
1652932800000,0.3761,0.3798,0.3666,0.3669,452940.0,169240.35,0.373435
1652940000000,0.3673,0.3809,0.3672,0.3712,787715.0,295386.44,0.374149
1652947200000,0.3712,0.3716,0.3564,0.3602,782514.0,284752.66,0.363744
1652954400000,0.3602,0.3797,0.355,0.3785,809853.0,295078.39,0.367032
1652961600000,0.3788,0.385,0.3707,0.3766,804731.0,303334.43,0.377851
1652968800000,0.3769,0.3984,0.3769,0.3947,1082207.0,421526.82,0.388033
1652976000000,0.3946,0.3961,0.3865,0.3914,585848.0,229056.7,0.391251
1652983200000,0.3914,0.3933,0.3816,0.3816,350244.0,135731.48,0.387652
1652990400000,0.3812,0.3881,0.3802,0.383,229164.0,88162.83,0.384177
1652997600000,0.3821,0.3999,0.3784,0.3908,827865.0,324255.86,0.389265
1653004800000,0.3909,0.4384,0.3892,0.4333,4454771.0,1825554.25,0.414188
1653012000000,0.4332,0.468,0.4222,0.4499,4417119.0,1966307.85,0.445222
1653019200000,0.4497,0.4567,0.4338,0.4512,4176307.0,1864376.33,0.445244
1653026400000,0.4515,0.4532,0.4369,0.4468,2201608.0,980940.11,0.444963
1653033600000,0.447,0.4874,0.4424,0.4644,7168988.0,3375023.77,0.465257
1653040800000,0.4646,0.472,0.4566,0.4621,2426610.0,1127775.55,0.464306
1653048000000,0.462,0.4706,0.4555,0.4664,2697740.0,1248676.04,0.463025
1653055200000,0.4666,0.4669,0.4345,0.4374,4239527.0,1903743.27,0.450369
1653062400000,0.4368,0.4454,0.4286,0.4446,2741358.0,1196939.64,0.436789
1653069600000,0.4448,0.453,0.4361,0.4518,1733566.0,769024.86,0.444382
1653076800000,0.4519,0.4604,0.4435,0.4509,1312877.0,592110.45,0.45195
1653084000000,0.4515,0.4549,0.4412,0.447,1774712.0,796816.33,0.448017
1653091200000,0.4467,0.4514,0.4223,0.4271,2469642.0,1075268.38,0.436844
1653098400000,0.4274,0.4406,0.424,0.4382,1317387.0,571228.5,0.432241
1653105600000,0.4379,0.4379,0.4279,0.4325,804689.0,348401.83,0.432719
1653112800000,0.4318,0.4359,0.4263,0.4336,676011.0,291209.98,0.431086
1653120000000,0.4335,0.4355,0.426,0.4284,868015.0,373692.4,0.430734
1653127200000,0.4287,0.4317,0.4219,0.425,1078462.0,459989.17,0.426798
1653134400000,0.425,0.4275,0.4188,0.4223,757962.0,320682.25,0.423138
1653141600000,0.4219,0.4355,0.4219,0.4349,869411.0,372305.06,0.428789
1653148800000,0.435,0.4453,0.4337,0.4341,1695209.0,744328.9,0.439507
1653156000000,0.4343,0.443,0.4266,0.4328,1568642.0,682709.53,0.434803
1653163200000,0.4327,0.4362,0.4263,0.4277,729325.0,315050.28,0.431322
1653170400000,0.4273,0.4416,0.4257,0.4403,619914.0,270277.66,0.43362
1653177600000,0.4402,0.4438,0.4311,0.4362,1326131.0,580065.99,0.437431
1653184800000,0.4363,0.4434,0.4273,0.4313,1755065.0,764375.76,0.435388
1653192000000,0.4308,0.443,0.4285,0.4311,5226897.0,2278419.9,0.435751
1653199200000,0.4313,0.4422,0.4306,0.4404,1335965.0,579799.44,0.4365
1653206400000,0.4403,0.4587,0.4365,0.4553,2276191.0,1018108.22,0.447574
1653213600000,0.4559,0.4707,0.4507,0.453,1940226.0,889870.63,0.460733
1653220800000,0.4527,0.459,0.4476,0.4495,1659544.0,751439.87,0.453344
1653228000000,0.4498,0.4538,0.4402,0.4423,1238820.0,552997.8,0.447078
1653235200000,0.4424,0.4446,0.4332,0.4374,1716836.0,753038.75,0.438849
1653242400000,0.4369,0.4395,0.4327,0.4356,436605.0,190513.06,0.436099
1653249600000,0.4355,0.4438,0.4333,0.4409,635021.0,279432.06,0.438575
1653256800000,0.4407,0.4549,0.4407,0.45,1126534.0,506094.5,0.448094
1653264000000,0.4499,0.4583,0.4469,0.4476,1125771.0,508963.54,0.45264
1653271200000,0.4472,0.4485,0.4392,0.447,563859.0,249868.66,0.44385
1653278400000,0.447,0.4606,0.4469,0.4547,2555743.0,1164993.32,0.453999
1653285600000,0.4549,0.4669,0.4548,0.459,1651062.0,760623.81,0.460965
1653292800000,0.4591,0.462,0.4503,0.453,1086308.0,493846.73,0.456157
1653300000000,0.453,0.4628,0.4508,0.4606,891806.0,407562.95,0.4568
1653307200000,0.4608,0.5201,0.4582,0.4782,10044362.0,4937106.63,0.489546
1653314400000,0.4784,0.4797,0.461,0.4633,3948566.0,1849819.63,0.470253
1653321600000,0.4633,0.4684,0.4522,0.4547,1430773.0,659319.92,0.460399
1653328800000,0.4547,0.4596,0.4305,0.4315,2264901.0,1008844.79,0.445418
1653336000000,0.4306,0.4422,0.4291,0.4356,737939.0,322251.38,0.435746
1653343200000,0.4353,0.4353,0.4111,0.4208,1196139.0,504188.53,0.422722
1653350400000,0.421,0.4387,0.4164,0.4327,2123906.0,907140.49,0.427602
1653357600000,0.4327,0.4378,0.4301,0.433,971827.0,421249.49,0.43395
1653364800000,0.433,0.4361,0.43,0.4339,1228651.0,531711.12,0.433048
1653372000000,0.4335,0.4361,0.43,0.4329,2086134.0,904269.87,0.43305
1653379200000,0.4327,0.4347,0.42,0.4255,3529932.0,1510617.39,0.427238
1653386400000,0.4257,0.4314,0.4235,0.4271,2066365.0,883881.36,0.427458
1653393600000,0.4268,0.4309,0.3995,0.4027,1971989.0,820326.04,0.415278
1653400800000,0.4029,0.423,0.3932,0.4173,2293312.0,927397.8,0.407976
1653408000000,0.4173,0.4205,0.405,0.4102,789838.0,325808.33,0.412695
1653415200000,0.4106,0.4186,0.4088,0.4151,980117.0,404920.52,0.413747
1653422400000,0.4155,0.4261,0.412,0.4238,265213.0,111225.8,0.418993
1653429600000,0.4249,0.4326,0.4227,0.43,518324.0,222056.7,0.427664
1653436800000,0.4298,0.4301,0.4164,0.4251,584968.0,247280.4,0.423123
1653444000000,0.4254,0.4386,0.4244,0.4303,886780.0,383661.95,0.431612
1653451200000,0.4303,0.4347,0.4167,0.4195,3522400.0,1510749.93,0.425779
1653458400000,0.4199,0.4234,0.4157,0.4172,596624.0,250247.68,0.419582
1653465600000,0.4173,0.4228,0.4131,0.4203,520969.0,218284.97,0.417929
1653472800000,0.42,0.4228,0.409,0.4131,643038.0,266331.69,0.415857
1653480000000,0.4127,0.4234,0.4086,0.419,805932.0,335954.7,0.416007
1653487200000,0.4187,0.4211,0.4086,0.4151,820747.0,339889.82,0.414807
1653494400000,0.4149,0.4171,0.4058,0.4071,483010.0,198444.94,0.411511
1653501600000,0.4071,0.4154,0.4035,0.4102,801188.0,328685.4,0.409464
1653508800000,0.4103,0.4199,0.4103,0.4197,239409.0,99392.02,0.415132
1653516000000,0.42,0.4208,0.4162,0.4195,338683.0,141890.5,0.418496
1653523200000,0.4195,0.4257,0.4147,0.4169,872871.0,367081.8,0.420228
1653530400000,0.4174,0.4222,0.4119,0.4163,626663.0,261079.69,0.417051
1653537600000,0.4166,0.4174,0.4037,0.4054,712265.0,292518.13,0.41046
1653544800000,0.4056,0.4058,0.3953,0.4031,608628.0,243623.29,0.400495
1653552000000,0.4032,0.4034,0.3787,0.3859,1274469.0,493173.31,0.390561
1653559200000,0.3856,0.3885,0.3765,0.3828,732280.0,281067.22,0.382477
1653566400000,0.3822,0.3869,0.3659,0.3811,1621869.0,614703.86,0.376396
1653573600000,0.3814,0.399,0.3814,0.396,692640.0,269701.0,0.390512
1653580800000,0.3962,0.4051,0.3955,0.3988,321399.0,128582.99,0.400352
1653588000000,0.3985,0.3989,0.3854,0.386,561147.0,220379.32,0.392123
1653595200000,0.3853,0.3934,0.3831,0.391,424240.0,165264.67,0.388258
1653602400000,0.3912,0.3953,0.3852,0.3872,510309.0,199375.13,0.390293
1653609600000,0.3871,0.3917,0.3602,0.3655,1837571.0,684187.22,0.375903
1653616800000,0.3657,0.3913,0.3604,0.3794,1997192.0,748272.09,0.376021
1653624000000,0.3796,0.3858,0.3621,0.3647,2478137.0,921014.95,0.374147
1653631200000,0.3645,0.3844,0.3608,0.374,1535106.0,573388.91,0.372741
1653638400000,0.3736,0.3771,0.3666,0.3738,911793.0,338686.8,0.37185
1653645600000,0.3732,0.3772,0.3675,0.3746,462152.0,172400.88,0.372342
1653652800000,0.3743,0.3862,0.3725,0.3849,588366.0,223731.67,0.379306
1653660000000,0.3847,0.385,0.3707,0.3753,602804.0,227282.28,0.37759
1653667200000,0.3751,0.376,0.3618,0.3657,680632.0,250586.1,0.368715
1653674400000,0.3652,0.3746,0.3583,0.3699,669391.0,243916.04,0.366427
1653681600000,0.3697,0.375,0.3679,0.3705,508582.0,189093.3,0.371454
1653688800000,0.3699,0.3755,0.364,0.3686,245572.0,90685.33,0.369752
1653696000000,0.3688,0.3889,0.3679,0.3713,2124129.0,805449.73,0.37843
1653703200000,0.3722,0.374,0.3614,0.3734,1057957.0,387818.49,0.367688
1653710400000,0.3739,0.3802,0.3683,0.378,473065.0,176793.47,0.374198
1653717600000,0.3776,0.3777,0.3688,0.3711,414041.0,154437.33,0.373081
1653724800000,0.3711,0.375,0.3682,0.3733,403977.0,150330.67,0.371584
1653732000000,0.3726,0.3779,0.3688,0.3742,386640.0,144198.32,0.37335
1653739200000,0.3742,0.3825,0.374,0.3801,646751.0,244794.52,0.378401
1653746400000,0.3801,0.3833,0.3739,0.3798,366524.0,138765.45,0.3786
1653753600000,0.3796,0.3826,0.3766,0.3796,477259.0,181149.4,0.3796
1653760800000,0.3794,0.3848,0.379,0.3814,161006.0,61465.28,0.381946
1653768000000,0.3814,0.3815,0.378,0.3795,129423.0,49145.31,0.379694
1653775200000,0.3786,0.3835,0.3746,0.3795,583149.0,221427.34,0.37905
1653782400000,0.3796,0.3907,0.375,0.3764,1143834.0,440248.15,0.382901
1653789600000,0.3761,0.3788,0.3714,0.3753,854220.0,319839.19,0.375098
1653796800000,0.3754,0.3857,0.3754,0.3814,845587.0,321780.52,0.380749
1653804000000,0.3812,0.3835,0.3783,0.3785,264711.0,100798.18,0.380976
1653811200000,0.3789,0.3815,0.3756,0.3774,349508.0,132226.11,0.378557
1653818400000,0.3778,0.3834,0.3778,0.3827,473333.0,180419.21,0.380683
1653825600000,0.3834,0.3908,0.3829,0.3835,2056256.0,796152.26,0.38685
1653832800000,0.3838,0.3852,0.3789,0.3823,351722.0,134288.98,0.382036
1653840000000,0.3825,0.3877,0.3823,0.3848,299121.0,115171.13,0.385064
1653847200000,0.3843,0.3895,0.3829,0.3869,557140.0,214826.22,0.386224
1653854400000,0.3867,0.3897,0.384,0.3865,241712.0,93454.77,0.38685
1653861600000,0.3875,0.3906,0.3851,0.3897,196897.0,76539.59,0.387819
1653868800000,0.3907,0.3985,0.3855,0.3983,406917.0,159115.77,0.391766
1653876000000,0.3983,0.4078,0.3979,0.4019,714106.0,287824.77,0.402944
1653883200000,0.4023,0.4089,0.4,0.4085,419140.0,168760.89,0.404319
1653890400000,0.4087,0.4169,0.407,0.4135,1386198.0,573357.63,0.412003
1653897600000,0.4135,0.4153,0.4056,0.4069,412884.0,169376.22,0.410483
1653904800000,0.4071,0.409,0.4021,0.4044,228738.0,92707.89,0.405542
1653912000000,0.4041,0.4113,0.4025,0.4052,718659.0,291546.77,0.406909
1653919200000,0.4053,0.412,0.4039,0.4109,215919.0,88039.51,0.40793
1653926400000,0.4112,0.4138,0.4083,0.4133,238007.0,98036.45,0.411005
1653933600000,0.4133,0.4152,0.4102,0.413,214822.0,88802.54,0.4127
1653940800000,0.4126,0.425,0.4109,0.4209,1569566.0,656745.88,0.418064
1653948000000,0.4215,0.429,0.4194,0.4286,467325.0,198531.36,0.424065
1653955200000,0.4285,0.4324,0.4184,0.424,626993.0,265669.97,0.425377
1653962400000,0.4243,0.4367,0.4243,0.4308,963589.0,414792.94,0.430718
1653969600000,0.4308,0.4334,0.4204,0.4204,970752.0,413125.17,0.427148
1653976800000,0.4206,0.4209,0.414,0.4207,561121.0,234522.08,0.41745
1653984000000,0.4212,0.4233,0.4135,0.4164,361575.0,151368.13,0.418374
1653991200000,0.4171,0.4299,0.4155,0.4282,377508.0,159771.48,0.422709
1653998400000,0.4283,0.4286,0.4068,0.4098,2267230.0,949395.92,0.417404
1654005600000,0.4088,0.4252,0.4064,0.4226,561794.0,233013.2,0.415816
1654012800000,0.4232,0.4238,0.4136,0.4226,610497.0,255784.53,0.418696
1654020000000,0.4225,0.4254,0.4124,0.4145,405142.0,169527.59,0.418942
1654027200000,0.4147,0.4222,0.4147,0.4173,175955.0,73725.71,0.418526
1654034400000,0.4175,0.4237,0.4168,0.4208,355363.0,149648.18,0.420317
1654041600000,0.421,0.4441,0.4194,0.4315,2383465.0,1025305.47,0.43201
1654048800000,0.4314,0.4447,0.4247,0.4288,2813567.0,1223797.99,0.43472
1654056000000,0.4285,0.4369,0.4227,0.4301,1536175.0,662603.78,0.429802
1654063200000,0.4297,0.4412,0.4297,0.4381,1154195.0,503578.73,0.435689
1654070400000,0.4384,0.4531,0.4371,0.4443,1680380.0,745863.38,0.445232
1654077600000,0.4446,0.4446,0.4301,0.4316,779916.0,340388.51,0.437161
1654084800000,0.4316,0.4349,0.4282,0.431,639359.0,275655.72,0.431551
1654092000000,0.4311,0.4321,0.4141,0.4148,1335885.0,561540.28,0.423139
1654099200000,0.4152,0.4157,0.4017,0.407,1339131.0,546857.89,0.408475
1654106400000,0.4071,0.4093,0.3992,0.4025,472771.0,191229.01,0.40422
1654113600000,0.4023,0.4029,0.3873,0.3972,517040.0,204645.8,0.394972
1654120800000,0.3967,0.4024,0.3936,0.3996,457622.0,182268.56,0.397996
1654128000000,0.3993,0.413,0.3953,0.3989,2125503.0,856327.55,0.404151
1654135200000,0.3988,0.4046,0.3943,0.395,470636.0,188413.35,0.39954
1654142400000,0.3951,0.3968,0.3815,0.3912,2506986.0,976029.64,0.389084
1654149600000,0.3909,0.3987,0.3882,0.3936,1021504.0,400747.08,0.39347
1654156800000,0.3938,0.4093,0.3921,0.4042,1274635.0,514089.73,0.400871
1654164000000,0.4041,0.4062,0.3979,0.4052,551168.0,221961.03,0.402039
1654171200000,0.4057,0.4064,0.3919,0.3974,680776.0,271063.18,0.398936
1654178400000,0.3969,0.4095,0.3959,0.403,553965.0,222049.54,0.402846
1654185600000,0.4029,0.406,0.3987,0.4052,870557.0,350350.83,0.402307
1654192800000,0.4052,0.4064,0.3991,0.4032,457648.0,184278.31,0.402722
1654200000000,0.4028,0.4088,0.4026,0.4088,358924.0,145556.34,0.405669
1654207200000,0.4089,0.415,0.4082,0.4148,343479.0,141315.38,0.411542
1654214400000,0.4148,0.4149,0.4059,0.4118,281573.0,115471.34,0.410317
1654221600000,0.4116,0.4133,0.4088,0.4101,229013.0,93946.56,0.411056
1654228800000,0.4104,0.4115,0.4044,0.4073,235522.0,95948.38,0.407905
1654236000000,0.407,0.4079,0.4006,0.404,143393.0,57958.84,0.404195
1654243200000,0.4033,0.4062,0.3967,0.3999,683189.0,273826.94,0.401445
1654250400000,0.4,0.4004,0.3859,0.3918,707668.0,276864.89,0.392911
1654257600000,0.392,0.393,0.3855,0.3905,683335.0,265871.3,0.38923
1654264800000,0.39,0.3925,0.3835,0.3856,344255.0,132972.52,0.388013
1654272000000,0.3855,0.3923,0.3841,0.3882,308598.0,119609.88,0.388238
1654279200000,0.3881,0.3903,0.3867,0.3902,124010.0,48173.49,0.38844
1654286400000,0.3896,0.3972,0.3891,0.3964,124425.0,48944.13,0.393182
1654293600000,0.3966,0.397,0.39,0.3941,315282.0,124192.21,0.393439
1654300800000,0.3944,0.396,0.3858,0.3871,365225.0,142766.13,0.390922
1654308000000,0.3868,0.3877,0.3788,0.3829,538152.0,205616.68,0.383169
1654315200000,0.3827,0.3921,0.3827,0.3897,433255.0,168875.75,0.387593
1654322400000,0.3902,0.3915,0.3893,0.3904,100185.0,39132.38,0.3904
1654329600000,0.3902,0.3927,0.3879,0.3883,148854.0,58175.41,0.390343
1654336800000,0.3896,0.3913,0.3872,0.3881,146224.0,56952.9,0.389264
1654344000000,0.3881,0.3881,0.3806,0.3839,460137.0,176569.64,0.38421
1654351200000,0.3842,0.3903,0.3811,0.3887,188673.0,72994.74,0.385652
1654358400000,0.3893,0.3903,0.3854,0.3884,195494.0,75918.52,0.387841
1654365600000,0.3887,0.3926,0.3875,0.3884,161400.0,63030.83,0.390051
1654372800000,0.3881,0.3934,0.3881,0.3932,113808.0,44550.62,0.39078
1654380000000,0.3932,0.3962,0.3926,0.3948,120506.0,47534.38,0.394421
1654387200000,0.3948,0.3955,0.3829,0.3829,397371.0,154168.75,0.3893
1654394400000,0.3829,0.4058,0.3824,0.3981,1475334.0,588557.42,0.394525
1654401600000,0.3978,0.3992,0.3923,0.3946,930708.0,368083.04,0.395724
1654408800000,0.3947,0.3969,0.3918,0.393,283755.0,111858.77,0.394364
1654416000000,0.3929,0.3945,0.3876,0.3944,305213.0,119535.3,0.391019
1654423200000,0.3939,0.4066,0.3932,0.4005,1731185.0,693884.91,0.400074
1654430400000,0.4007,0.402,0.396,0.398,693895.0,277201.08,0.398981
1654437600000,0.398,0.4066,0.3965,0.4049,696034.0,280167.88,0.401563
1654444800000,0.4044,0.41,0.4013,0.4059,1177499.0,479085.1,0.405654
1654452000000,0.4063,0.4101,0.4058,0.4101,450445.0,183721.58,0.407889
1654459200000,0.41,0.4132,0.4063,0.4084,487803.0,200026.73,0.409757
1654466400000,0.4092,0.4113,0.4051,0.4073,179206.0,73171.81,0.408199
1654473600000,0.4076,0.435,0.4047,0.4276,5126233.0,2167671.93,0.420125
1654480800000,0.4277,0.4324,0.425,0.4285,703845.0,302009.9,0.428702
1654488000000,0.4294,0.4297,0.4239,0.4267,407325.0,173581.1,0.426728
1654495200000,0.427,0.4377,0.4251,0.4342,543575.0,234849.5,0.431471
1654502400000,0.4347,0.4367,0.4314,0.4349,434093.0,188224.81,0.43405
1654509600000,0.4348,0.435,0.4215,0.4222,522929.0,223616.35,0.42818
1654516800000,0.4222,0.4328,0.4222,0.4232,770780.0,328892.9,0.427511
1654524000000,0.4239,0.431,0.4189,0.4268,592532.0,251392.88,0.424944
1654531200000,0.4265,0.4268,0.414,0.4183,478593.0,200462.77,0.420171
1654538400000,0.4182,0.4236,0.4172,0.4229,329492.0,138333.53,0.420377
1654545600000,0.4235,0.4281,0.4172,0.4281,386771.0,163442.03,0.422503
1654552800000,0.4275,0.43,0.4225,0.4286,297755.0,126959.77,0.42624
1654560000000,0.4282,0.4294,0.3947,0.4004,1674606.0,682435.14,0.41162
1654567200000,0.4,0.4013,0.3935,0.4002,404189.0,160689.09,0.3974
1654574400000,0.3995,0.4035,0.3967,0.401,363448.0,145482.23,0.400098
1654581600000,0.4012,0.4034,0.3997,0.4011,233317.0,93683.74,0.40155
1654588800000,0.4004,0.4025,0.3982,0.3993,274830.0,109830.25,0.400358
1654596000000,0.3991,0.402,0.3943,0.3972,255111.0,101426.99,0.39815
1654603200000,0.3971,0.3995,0.3937,0.3975,230419.0,91227.89,0.396599
1654610400000,0.3974,0.4039,0.3965,0.3995,232269.0,92926.58,0.400236
1654617600000,0.3995,0.4004,0.3962,0.3987,235016.0,93731.58,0.398293
1654624800000,0.3985,0.4122,0.3985,0.4087,522598.0,211865.04,0.405632
1654632000000,0.4088,0.4177,0.4084,0.4132,407839.0,168279.03,0.413172
1654639200000,0.4135,0.417,0.3971,0.4087,1002790.0,409244.7,0.40699
1654646400000,0.4088,0.4135,0.4038,0.4109,598766.0,244640.67,0.408636
1654653600000,0.4107,0.4182,0.3969,0.3989,715918.0,291617.59,0.407779
1654660800000,0.3989,0.4097,0.3973,0.4097,221676.0,89420.69,0.403313
1654668000000,0.4091,0.4102,0.4026,0.4076,178854.0,72562.4,0.406381
1654675200000,0.4078,0.4113,0.4064,0.4102,283044.0,115887.01,0.40884
1654682400000,0.4095,0.4106,0.4043,0.407,237495.0,96822.77,0.407417
1654689600000,0.4065,0.4115,0.4,0.4091,342613.0,138562.45,0.405723
1654696800000,0.4089,0.4102,0.4056,0.4073,123402.0,50357.43,0.407894
1654704000000,0.4075,0.4084,0.4022,0.4042,131980.0,53511.63,0.405258
1654711200000,0.4041,0.4047,0.3964,0.3992,212608.0,85124.74,0.400445
1654718400000,0.3994,0.4012,0.3975,0.4005,384472.0,153804.63,0.399336
1654725600000,0.401,0.4014,0.3954,0.398,336300.0,134161.57,0.398327
1654732800000,0.3978,0.3981,0.3916,0.3916,316498.0,124899.78,0.394894
1654740000000,0.392,0.3959,0.3912,0.3945,139826.0,54983.44,0.393573
1654747200000,0.3945,0.3973,0.3944,0.3949,121194.0,47984.94,0.395855
1654754400000,0.3949,0.3977,0.3939,0.3974,162535.0,64256.36,0.395758
1654761600000,0.3976,0.3998,0.3957,0.3981,459255.0,182734.03,0.39775
1654768800000,0.3983,0.3992,0.3954,0.3957,306530.0,121884.35,0.39734
1654776000000,0.3954,0.3963,0.391,0.3949,353972.0,139148.25,0.393647
1654783200000,0.395,0.3966,0.3925,0.3963,224418.0,88594.17,0.394522
1654790400000,0.3961,0.401,0.3959,0.3988,272325.0,108453.17,0.398525
1654797600000,0.3991,0.3993,0.3892,0.3898,280119.0,110237.75,0.394196
1654804800000,0.3893,0.3952,0.3877,0.3941,301299.0,117512.67,0.391421
1654812000000,0.3939,0.3948,0.3887,0.3931,198999.0,78035.6,0.391742
1654819200000,0.3931,0.3942,0.3826,0.3858,579485.0,223746.0,0.388285
1654826400000,0.3853,0.3916,0.3853,0.3886,227635.0,88524.37,0.38856
1654833600000,0.3892,0.3912,0.3871,0.3893,108772.0,42319.76,0.38915
1654840800000,0.3894,0.3916,0.3863,0.3874,102018.0,39653.69,0.38897
1654848000000,0.3874,0.3891,0.3766,0.3785,473052.0,181071.56,0.382835
1654855200000,0.3784,0.3822,0.3775,0.3819,141872.0,53905.06,0.379802
1654862400000,0.3816,0.3841,0.3596,0.3654,1186144.0,437554.73,0.371648
1654869600000,0.3651,0.3703,0.3622,0.3663,456322.0,167484.24,0.366253
1654876800000,0.366,0.367,0.3559,0.3607,473777.0,170519.5,0.361335
1654884000000,0.3603,0.3625,0.3581,0.3601,93226.0,33548.62,0.3603
1654891200000,0.36,0.367,0.3597,0.3662,155909.0,56757.85,0.363405
1654898400000,0.3662,0.3687,0.3571,0.3608,292512.0,106270.9,0.362866
1654905600000,0.3609,0.3662,0.3592,0.3615,254687.0,92397.17,0.362703
1654912800000,0.3617,0.3649,0.3595,0.3641,133880.0,48448.2,0.362164
1654920000000,0.3638,0.3691,0.3631,0.364,189115.0,69146.93,0.366101
1654927200000,0.3636,0.3697,0.3633,0.3687,219488.0,80397.63,0.366566
1654934400000,0.3687,0.3691,0.3553,0.3601,714453.0,258264.73,0.361963
1654941600000,0.3598,0.3614,0.3423,0.344,757112.0,266146.86,0.35184
1654948800000,0.3437,0.3471,0.337,0.3427,759332.0,259995.99,0.342047
1654956000000,0.342,0.342,0.3234,0.3291,789236.0,261013.72,0.33231
1654963200000,0.3288,0.3357,0.3241,0.3342,659323.0,217936.09,0.329808
1654970400000,0.334,0.3413,0.3325,0.3342,316739.0,106711.49,0.3369
1654977600000,0.334,0.3374,0.3297,0.3354,211264.0,70432.94,0.33354
1654984800000,0.3354,0.3403,0.3289,0.3323,411688.0,138125.77,0.334614
1654992000000,0.3323,0.3343,0.3215,0.3227,405491.0,133250.22,0.327965
1654999200000,0.3224,0.3234,0.305,0.309,1298321.0,403617.2,0.313971
1655006400000,0.3084,0.3127,0.2985,0.3012,985374.0,299288.07,0.305655
1655013600000,0.3006,0.3114,0.3006,0.3111,341940.0,104606.68,0.306046
1655020800000,0.3111,0.3148,0.3071,0.3082,299543.0,93238.79,0.310998
1655028000000,0.3078,0.3111,0.3053,0.3093,188267.0,57997.41,0.308194
1655035200000,0.3096,0.3143,0.304,0.3053,234632.0,72552.45,0.309227
1655042400000,0.3048,0.3285,0.2987,0.325,1439984.0,457465.37,0.313431
1655049600000,0.3249,0.3251,0.3171,0.3195,410126.0,131754.04,0.320959
1655056800000,0.3197,0.3205,0.3142,0.3181,399132.0,126689.71,0.317325
1655064000000,0.3177,0.3205,0.3121,0.3134,222267.0,70158.58,0.316353
1655071200000,0.3133,0.3133,0.2967,0.2974,656868.0,199780.4,0.304896
1655078400000,0.2974,0.3012,0.2759,0.2807,2274437.38,653130.69,0.288489
1655085600000,0.2807,0.2819,0.268,0.2736,1919764.0,526052.09,0.274796
1655092800000,0.2733,0.2822,0.2692,0.2697,1037052.0,285955.93,0.275782
1655100000000,0.2694,0.2725,0.2525,0.2577,3802003.0,998602.16,0.262402
1655107200000,0.2582,0.2588,0.2401,0.2504,2962487.0,740980.17,0.249229
1655114400000,0.2505,0.2545,0.2407,0.2459,1663406.0,411278.53,0.247583
1655121600000,0.2457,0.2548,0.244,0.2516,2058807.0,512886.51,0.24946
1655128800000,0.2513,0.2526,0.2396,0.2507,2165969.0,534154.38,0.246097
1655136000000,0.2507,0.2607,0.2485,0.2544,1648229.0,421670.36,0.254648
1655143200000,0.2544,0.2579,0.2516,0.2549,423178.0,107685.36,0.25475
1655150400000,0.2548,0.2666,0.2512,0.2513,659711.0,171142.63,0.258977
1655157600000,0.2518,0.2535,0.242,0.2524,822881.0,203081.43,0.247747
1655164800000,0.252,0.2564,0.227,0.2278,1982389.0,484705.7,0.242067
1655172000000,0.2277,0.2501,0.2248,0.249,2222346.0,523971.07,0.237256
1655179200000,0.2487,0.2577,0.242,0.2544,1795457.0,449938.47,0.249792
1655186400000,0.2543,0.2585,0.2471,0.2564,1093003.0,276823.67,0.252778
1655193600000,0.256,0.2565,0.2457,0.2465,765872.0,191656.94,0.251064
1655200800000,0.2458,0.2481,0.2399,0.2441,382229.0,93131.16,0.24399
1655208000000,0.2439,0.2506,0.238,0.2485,710574.0,174750.02,0.244235
1655215200000,0.2486,0.2545,0.2415,0.2526,763096.0,188873.39,0.247937
1655222400000,0.2526,0.2547,0.2434,0.2442,648566.0,160461.93,0.249154
1655229600000,0.2438,0.2479,0.2416,0.2446,732032.0,179214.45,0.244752
1655236800000,0.2448,0.245,0.2372,0.2394,295842.0,71397.55,0.240964
1655244000000,0.2393,0.2548,0.2386,0.2513,712248.0,174838.03,0.246923
1655251200000,0.2509,0.2568,0.2459,0.2552,612746.0,153904.79,0.251281
1655258400000,0.2545,0.2548,0.2433,0.2439,630037.0,156672.45,0.24901
1655265600000,0.2439,0.2442,0.2323,0.2366,1027220.0,244493.12,0.238042
1655272800000,0.2362,0.2581,0.2343,0.2394,4011530.0,987266.97,0.246238
1655280000000,0.2392,0.2393,0.2235,0.2276,2385250.0,548248.17,0.231089
1655287200000,0.2278,0.2406,0.2254,0.2378,1480838.0,344082.83,0.233024
1655294400000,0.2378,0.2423,0.2364,0.2406,615934.0,147312.01,0.239359
1655301600000,0.2407,0.2439,0.2332,0.2384,723292.0,172158.06,0.238538
1655308800000,0.238,0.2402,0.2296,0.2387,966720.0,225743.09,0.234896
1655316000000,0.2388,0.2617,0.2279,0.255,3430597.0,836326.89,0.244672
1655323200000,0.2549,0.2672,0.2512,0.2645,847098.0,218920.12,0.259151
1655330400000,0.2647,0.2746,0.2625,0.2742,982736.0,262790.73,0.268386
1655337600000,0.2739,0.3047,0.273,0.2854,7570273.0,2211056.43,0.289163
1655344800000,0.2855,0.318,0.2855,0.3168,7876583.0,2409713.29,0.301931
1655352000000,0.3171,0.3202,0.303,0.3054,7346434.0,2294008.63,0.311646
1655359200000,0.3053,0.3098,0.2855,0.2878,3899981.0,1146580.33,0.297814
1655366400000,0.2874,0.2991,0.2775,0.2837,3577179.0,1028268.48,0.28832
1655373600000,0.2832,0.2848,0.2731,0.2777,2894499.0,807667.7,0.278862
1655380800000,0.277,0.2903,0.2747,0.2764,2610136.0,736896.79,0.282502
1655388000000,0.2763,0.292,0.2691,0.2834,3042369.0,847911.39,0.280567
1655395200000,0.2835,0.2893,0.2777,0.2795,1410791.0,400283.69,0.283561
1655402400000,0.2791,0.2839,0.2702,0.2714,961774.0,266700.49,0.277204
1655409600000,0.2715,0.2808,0.2709,0.2745,1242469.0,343917.39,0.275917
1655416800000,0.2746,0.275,0.2581,0.2615,1766512.0,468505.03,0.266285
1655424000000,0.2616,0.2717,0.2534,0.2686,1673824.0,436754.03,0.262453
1655431200000,0.2687,0.2701,0.2588,0.2595,1213433.0,320827.06,0.26452
1655438400000,0.2595,0.2661,0.2588,0.2653,578134.0,151640.17,0.262459
1655445600000,0.2653,0.2703,0.2609,0.2681,857953.0,227937.13,0.265575
1655452800000,0.268,0.2732,0.2655,0.2664,1939905.0,522950.7,0.269373
1655460000000,0.2664,0.2714,0.2653,0.2665,844764.0,226962.31,0.26835
1655467200000,0.266,0.2692,0.2587,0.2679,988107.0,260092.08,0.263925
1655474400000,0.2679,0.2679,0.2608,0.2663,757819.0,199923.55,0.264315
1655481600000,0.2658,0.2698,0.2618,0.2634,560902.0,148875.58,0.265828
1655488800000,0.2636,0.2667,0.2624,0.2646,378025.0,100101.29,0.264556
1655496000000,0.2645,0.2695,0.2645,0.2681,254397.0,68096.31,0.267104
1655503200000,0.268,0.2721,0.2645,0.268,354597.0,95187.4,0.2683
1655510400000,0.2682,0.2767,0.2629,0.2645,1286161.0,348555.59,0.269863
1655517600000,0.2643,0.2708,0.2624,0.2687,771761.0,206608.75,0.266607
1655524800000,0.2687,0.2703,0.2655,0.2665,375153.0,100665.39,0.267917
1655532000000,0.2665,0.2716,0.2428,0.2442,3108304.0,788517.04,0.257526
1655539200000,0.2441,0.2483,0.2375,0.2475,1546161.0,376466.09,0.242826
1655546400000,0.2476,0.2541,0.2467,0.2471,713125.0,178603.92,0.250403
1655553600000,0.2474,0.2484,0.2448,0.2475,430198.0,106023.7,0.2466
1655560800000,0.2474,0.2491,0.2427,0.2435,329953.0,81011.73,0.245946
1655568000000,0.2436,0.2475,0.2382,0.242,947491.0,229831.73,0.24285
1655575200000,0.2421,0.2424,0.2296,0.23,1312544.0,312247.08,0.235986
1655582400000,0.23,0.2419,0.2229,0.2413,2381511.0,547889.6,0.232085
1655589600000,0.2413,0.2514,0.2402,0.2476,1343745.0,331351.82,0.245916
1655596800000,0.2481,0.2513,0.235,0.2386,1609058.0,389922.97,0.243131
1655604000000,0.2386,0.2422,0.2331,0.2368,1399080.0,332610.97,0.23765
1655611200000,0.2365,0.2439,0.2311,0.2335,1183818.0,280820.04,0.237535
1655618400000,0.2335,0.2428,0.2322,0.2377,980189.0,233515.31,0.237578
1655625600000,0.2375,0.2462,0.235,0.2431,1421732.0,344078.04,0.24062
1655632800000,0.2432,0.2588,0.2428,0.2523,1915614.0,485034.86,0.251068
1655640000000,0.2523,0.2594,0.2479,0.2485,1097139.0,278385.72,0.253741
1655647200000,0.2485,0.2572,0.2467,0.2557,1391947.0,350528.03,0.25193
1655654400000,0.2556,0.2567,0.2484,0.2498,621506.0,156724.8,0.252529
1655661600000,0.2497,0.2604,0.2493,0.2557,936302.0,240324.78,0.255019
1655668800000,0.2564,0.2692,0.2553,0.2644,1591595.0,418519.04,0.262417
1655676000000,0.2645,0.2659,0.2611,0.2645,591002.0,155519.47,0.2635
1655683200000,0.2642,0.2662,0.2516,0.2534,918826.0,237471.75,0.258916
1655690400000,0.2532,0.2574,0.2508,0.2561,592800.0,150886.09,0.254072
1655697600000,0.2561,0.2589,0.2524,0.258,420486.0,107472.42,0.255619
1655704800000,0.2581,0.2691,0.2573,0.2644,1822365.0,480469.67,0.26335
1655712000000,0.2643,0.2774,0.2642,0.2735,1623946.0,442862.04,0.271063
1655719200000,0.2735,0.2783,0.2722,0.2758,1182768.0,325475.31,0.275272
1655726400000,0.2758,0.286,0.271,0.271,2722053.0,756872.48,0.278634
1655733600000,0.271,0.2814,0.271,0.2792,1932723.0,534604.82,0.276402
1655740800000,0.2792,0.2795,0.2737,0.2737,906540.0,251090.16,0.276644
1655748000000,0.2738,0.2756,0.2678,0.2743,1395538.0,377859.13,0.271698
1655755200000,0.274,0.2782,0.2694,0.2711,790951.0,217416.23,0.273835
1655762400000,0.271,0.2779,0.2677,0.2755,424156.0,115513.71,0.272777
1655769600000,0.2755,0.2864,0.2729,0.2834,3407256.0,956286.01,0.279669
1655776800000,0.2831,0.2949,0.2798,0.287,3715082.0,1060728.08,0.287389
1655784000000,0.2868,0.2928,0.2849,0.291,1667346.0,481959.6,0.288846
1655791200000,0.2911,0.2931,0.2891,0.2902,1167013.0,339395.27,0.291106
1655798400000,0.2903,0.2989,0.2885,0.2903,3202126.0,941924.47,0.2937
1655805600000,0.2902,0.2923,0.282,0.2843,1134283.0,326490.05,0.287141
1655812800000,0.2838,0.2934,0.2835,0.2925,1429350.0,412426.31,0.288522
1655820000000,0.2926,0.2949,0.2868,0.2888,1683247.0,489427.42,0.290859
1655827200000,0.2886,0.2923,0.2853,0.2857,870575.0,251562.72,0.288874
1655834400000,0.2857,0.288,0.2769,0.2783,813806.0,229640.73,0.282506
1655841600000,0.2778,0.2817,0.2758,0.2815,659371.0,183526.36,0.278652
1655848800000,0.2815,0.2851,0.2763,0.2796,526135.0,147627.12,0.280702
1655856000000,0.2801,0.2802,0.2706,0.2708,844096.0,232799.57,0.275385
1655863200000,0.2708,0.2743,0.2664,0.2695,839383.0,226637.63,0.270351
1655870400000,0.2697,0.2771,0.2689,0.2736,450805.0,123124.84,0.273081
1655877600000,0.2735,0.277,0.2684,0.2703,526219.0,143626.73,0.272729
1655884800000,0.2703,0.2776,0.2675,0.2748,583431.0,159293.5,0.27255
1655892000000,0.2746,0.2877,0.2737,0.2845,1076374.0,304185.05,0.280864
1655899200000,0.2845,0.3051,0.2788,0.2878,5405725.0,1582402.08,0.291973
1655906400000,0.2871,0.2877,0.2771,0.2772,730491.0,206063.85,0.28247
1655913600000,0.2771,0.2796,0.2746,0.2768,609851.0,168987.77,0.2771
1655920800000,0.2774,0.2821,0.2717,0.275,823531.0,228837.58,0.276909
1655928000000,0.2744,0.2768,0.2681,0.273,504399.0,136670.95,0.272442
1655935200000,0.2729,0.2749,0.2693,0.2702,360792.0,98066.68,0.272134
1655942400000,0.2705,0.2819,0.269,0.2781,981719.0,272185.71,0.275559
1655949600000,0.278,0.2879,0.2778,0.2806,793918.0,224732.45,0.28291
1655956800000,0.2805,0.2863,0.2797,0.2831,176722.0,49999.65,0.283048
1655964000000,0.2835,0.2891,0.2814,0.2841,481883.0,137699.55,0.285252
1655971200000,0.2839,0.2875,0.2816,0.2853,403036.0,114648.13,0.284549
1655978400000,0.2854,0.2876,0.2804,0.2816,499529.0,141892.02,0.284037
1655985600000,0.2819,0.2862,0.2761,0.2774,694529.0,195787.8,0.281228
1655992800000,0.2773,0.2816,0.2748,0.2766,731866.0,202767.54,0.278203
1656000000000,0.2767,0.2794,0.2731,0.2774,196124.0,54073.02,0.276248
1656007200000,0.2774,0.2848,0.276,0.2836,270656.0,75719.92,0.280386
1656014400000,0.2837,0.2897,0.2824,0.2839,618314.0,176957.38,0.28605
1656021600000,0.2842,0.2943,0.2841,0.2901,1898624.0,552555.22,0.289387
1656028800000,0.2902,0.2969,0.2901,0.2922,1336683.0,393037.25,0.293551
1656036000000,0.292,0.2968,0.2894,0.2931,781137.0,229341.43,0.293103
1656043200000,0.2931,0.2944,0.2878,0.2889,620275.0,180803.29,0.291111
1656050400000,0.289,0.294,0.2878,0.2928,338293.0,98332.24,0.2909
1656057600000,0.2921,0.2972,0.2879,0.2896,617923.0,181558.82,0.292581
1656064800000,0.29,0.303,0.2899,0.2991,1411985.0,420736.12,0.296711
1656072000000,0.2992,0.3036,0.298,0.299,1141357.0,343534.24,0.300801
1656079200000,0.2992,0.3012,0.2931,0.2962,741092.0,219555.78,0.29713
1656086400000,0.296,0.3038,0.2946,0.2984,854607.0,255896.56,0.299235
1656093600000,0.2983,0.3027,0.2967,0.302,433205.0,130253.45,0.299653
1656100800000,0.3018,0.3061,0.2991,0.3022,405989.0,122943.69,0.3026
1656108000000,0.3026,0.3069,0.3004,0.302,685604.0,207895.93,0.303653
1656115200000,0.302,0.3133,0.2985,0.31,879124.0,268572.44,0.305892
1656122400000,0.3099,0.3112,0.3022,0.3093,584601.0,178939.49,0.306697
1656129600000,0.3083,0.309,0.3043,0.3064,468752.0,143880.51,0.30662
1656136800000,0.3062,0.3107,0.3056,0.3105,410456.0,126766.99,0.308107
1656144000000,0.3103,0.311,0.3072,0.3087,284747.0,87991.89,0.309081
1656151200000,0.3087,0.3123,0.304,0.3042,415861.0,128255.99,0.308285
1656158400000,0.3043,0.3065,0.2906,0.2955,1404063.0,415629.96,0.298438
1656165600000,0.2954,0.2971,0.2893,0.2909,649812.0,190639.26,0.293205
1656172800000,0.2908,0.2982,0.2899,0.2964,423832.0,124521.04,0.294108
1656180000000,0.2964,0.3048,0.296,0.3037,466063.0,139712.07,0.300473
1656187200000,0.3039,0.3127,0.3023,0.3107,575440.0,177793.1,0.307524
1656194400000,0.3105,0.3126,0.3061,0.3109,412118.0,127345.9,0.309349
1656201600000,0.311,0.3154,0.304,0.3055,787111.0,244284.04,0.30979
1656208800000,0.3056,0.3127,0.304,0.3116,624211.0,191703.64,0.308316
1656216000000,0.3115,0.3152,0.3093,0.3116,285486.0,89163.99,0.31225
1656223200000,0.3119,0.3161,0.3095,0.3158,572595.0,179441.05,0.3127
1656230400000,0.3161,0.3238,0.3157,0.3183,1514137.0,485259.15,0.319798
1656237600000,0.3184,0.334,0.3176,0.3281,2512196.0,822150.47,0.326044
1656244800000,0.3285,0.3465,0.3277,0.3291,4922784.0,1663609.1,0.337102
1656252000000,0.329,0.3335,0.3225,0.3276,1172302.0,385594.42,0.327999
1656259200000,0.3277,0.3279,0.3184,0.3196,784314.0,253173.88,0.323039
1656266400000,0.3194,0.3238,0.3139,0.3231,604452.0,192087.93,0.318763
1656273600000,0.3228,0.33,0.3224,0.3271,492768.0,160975.33,0.326309
1656280800000,0.327,0.327,0.3113,0.3156,1400726.0,443345.0,0.318824
1656288000000,0.3154,0.3238,0.3096,0.3161,1893860.0,596961.84,0.316701
1656295200000,0.3163,0.324,0.3162,0.3195,512118.0,163827.06,0.320197
1656302400000,0.3191,0.326,0.3165,0.3224,782088.0,251512.58,0.321266
1656309600000,0.3226,0.3386,0.3222,0.3359,2306239.0,766431.99,0.330626
1656316800000,0.3359,0.3526,0.3359,0.3411,7539106.0,2596382.32,0.344393
1656324000000,0.341,0.3417,0.332,0.3334,1464142.0,495507.75,0.336787
1656331200000,0.333,0.3362,0.3182,0.3204,2154732.0,704795.65,0.32727
1656338400000,0.3206,0.3272,0.317,0.3245,1060659.0,342238.22,0.322083
1656345600000,0.3243,0.3243,0.3192,0.321,296621.0,95448.34,0.321645
1656352800000,0.3209,0.3275,0.3146,0.3179,913836.0,293671.14,0.321073
1656360000000,0.3179,0.3257,0.3179,0.3249,400842.0,129426.53,0.321901
1656367200000,0.3255,0.3333,0.3208,0.3234,1009094.0,329687.08,0.327068
1656374400000,0.3236,0.343,0.3228,0.3241,1899681.0,632390.66,0.332901
1656381600000,0.3242,0.3267,0.3197,0.3264,1019427.0,329770.73,0.323147
1656388800000,0.3261,0.3327,0.3238,0.3251,532032.0,175180.23,0.328258
1656396000000,0.3251,0.3342,0.3249,0.3311,476035.0,157108.57,0.329718
1656403200000,0.3312,0.3376,0.3286,0.3326,360020.0,119843.24,0.333107
1656410400000,0.3323,0.3372,0.3291,0.3334,323727.0,107663.52,0.333151
1656417600000,0.3336,0.3386,0.3318,0.3353,583378.0,195190.24,0.335212
1656424800000,0.3359,0.3359,0.3229,0.3232,574216.0,188491.7,0.329353
1656432000000,0.3235,0.3278,0.3222,0.3231,370022.0,119994.38,0.325002
1656439200000,0.3226,0.3234,0.3172,0.3185,521490.0,166901.97,0.320269
1656446400000,0.3186,0.3257,0.3168,0.3255,587610.0,188504.28,0.321109
1656453600000,0.3252,0.3258,0.3147,0.3178,562818.0,179554.25,0.320094
1656460800000,0.3177,0.3249,0.3137,0.3249,590309.0,189101.82,0.31907
1656468000000,0.3247,0.3274,0.3213,0.325,548763.0,178319.63,0.32435
1656475200000,0.3251,0.3277,0.32,0.3229,562930.0,182781.11,0.323847
1656482400000,0.3231,0.3338,0.3123,0.3312,1627817.0,528351.9,0.322899
1656489600000,0.3308,0.3466,0.3292,0.3411,3020388.0,1020995.38,0.338087
1656496800000,0.3411,0.3416,0.3292,0.3339,1062514.0,355715.04,0.335207
1656504000000,0.3343,0.3679,0.3343,0.3563,8494912.0,2964909.3,0.351796
1656511200000,0.356,0.3633,0.3467,0.3505,2331988.0,826848.96,0.355049
1656518400000,0.3506,0.3536,0.3422,0.3467,610256.0,212181.56,0.347877
1656525600000,0.347,0.3584,0.3467,0.3577,732660.0,258141.77,0.352603
1656532800000,0.3584,0.3685,0.3531,0.3545,1402874.0,506185.82,0.360871
1656540000000,0.3548,0.3566,0.3454,0.3506,820552.0,288028.22,0.350938
1656547200000,0.3507,0.3522,0.3359,0.3369,1347759.0,463409.4,0.344105
